12 001001010010
12 001001010010
12 001001010010
12 001001010010
12 001001010010
12 001001010010
12 001001010010
12 001001010010
12 001001010010
12 001001010010
5 001001010010
5 001001010010
5 001001010010
5 001001010010
4 001001010010
4 001001010010

7 100010010000
7 100010010000
12 100010010000
12 100010010000
12 100010010000
12 100010010000
12 100010010000
12 100010010000
7 100001000100
7 100001000100
12 100001000100
12 100001000100
12 100001000100
12 100001000100
7 100001000100
7 100001000100

12 100010010000
12 100010010000
12 100010010000
12 100010010000
12 100010010000
12 100010010000
12 100010010000
12 100010010000
12 100010010000
12 100010010000
7 100010010000
7 100010010000
7 100010010000
7 100010010000
5 100010010000
5 100010010000

7 001001000010
7 001001000010
10 001001000010
10 001001000010
12 001001000010
12 001001000010
12 001001000010
12 001001000010
12 001001000010
12 001001000010
7 001001000010
7 001001000010
5 001001000010
5 001001000010
7 001001000010
7 001001000010

5 100010010000
5 100010010000
4 100010010000
4 100010010000
12 100010010000
12 100010010000
12 100010010000
12 100010010000
12 100010010000
12 100010010000
5 100010010000
5 100010010000
5 100010010000
5 100010010000
4 100010010000
4 100010010000

7 100010010000
7 100010010000
12 100010010000
12 100010010000
12 100010010000
12 100010010000
12 100010010000
12 100010010000
7 100001000100
7 100001000100
12 100001000100
12 100001000100
12 100001000100
12 100001000100
7 100001000100
7 100001000100

12 100010010000
12 100010010000
12 100010010000
12 100010010000
12 100010010000
12 100010010000
12 100010010000
12 100010010000
12 100010010000
12 100010010000
7 100010010000
7 100010010000
7 100010010000
7 100010010000
5 100010010000
5 100010010000

7 001001000010
7 001001000010
10 001001000010
10 001001000010
12 001001000010
12 001001000010
12 001001000010
12 001001000010
12 001001000010
12 001001000010
7 001001000010
7 001001000010
5 001001000010
5 001001000010
7 001001000010
7 001001000010

5 100010010000
5 100010010000
4 100010010000
4 100010010000
12 100010010000
12 100010010000
12 100010010000
12 100010010000
12 100010010000
12 100010010000
5 100010010000
5 100010010000
7 100010010000
7 100010010000
7 100010010000
7 100010010000

9 100001000100
9 100001000100
8 100001000100
8 100001000100
7 100001000100
7 100001000100
5 100001000100
5 100001000100
12 100001000100
12 100001000100
8 100001000100
8 100001000100
9 100001000100
9 100001000100
10 100001000100
10 100001000100

11 001000010001
11 001000010001
10 001000010001
10 001000010001
9 001000010001
9 001000010001
7 001000010001
7 001000010001
12 001000010001
12 001000010001
4 001000010001
4 001000010001
5 001000010001
5 001000010001
4 001000010001
4 001000010001

7 100010010000
7 100010010000
0 100010010000
0 100010010000
12 100010010000
12 100010010000
12 100010010000
12 100010010000
3 100001000100
3 100001000100
5 100001000100
5 100001000100
12 100001000100
12 100001000100
3 100001000100
3 100001000100

12 100010010000
12 100010010000
12 100010010000
12 100010010000
12 100010010000
12 100010010000
12 100010010000
12 100010010000
12 100010010000
12 100010010000
5 100010010000
5 100010010000
5 100010010000
5 100010010000
4 100010010000
4 100010010000

7 100010010000
7 100010010000
12 100010010000
12 100010010000
12 100010010000
12 100010010000
12 100010010000
12 100010010000
7 100001000100
7 100001000100
12 100001000100
12 100001000100
12 100001000100
12 100001000100
7 100001000100
7 100001000100

12 100010010000
12 100010010000
12 100010010000
12 100010010000
12 100010010000
12 100010010000
12 100010010000
12 100010010000
12 100010010000
12 100010010000
5 100010010000
5 100010010000
7 100010010000
7 100010010000
5 100010010000
5 100010010000

7 001001000010
7 001001000010
10 001001000010
10 001001000010
12 001001000010
12 001001000010
12 001001000010
12 001001000010
12 001001000010
12 001001000010
6 001001000010
6 001001000010
7 001001000010
7 001001000010
5 001001000010
5 001001000010

7 100010010000
5 100010010000
4 100010010000
12 100010010000
12 100010010000
12 100010010000
12 100010010000
12 100010010000
12 100010010000
12 100010010000
12 100010010000
12 100010010000
5 100010010000
12 100010010000
4 100010010000
12 100010010000

7 100010010000
7 100010010000
7 100010010000
7 100010010000
7 100010010000
7 100010010000
7 100010010000
7 100010010000
7 100001000100
7 100001000100
7 100001000100
7 100001000100
12 100001000100
12 100001000100
7 100001000100
7 100001000100

12 100010010000
12 100010010000
12 100010010000
12 100010010000
12 100010010000
12 100010010000
12 100010010000
12 100010010000
12 100010010000
12 100010010000
5 100010010000
5 100010010000
7 100010010000
7 100010010000
5 100010010000
5 100010010000

7 001001000010
7 001001000010
10 001001000010
10 001001000010
12 001001000010
12 001001000010
12 001001000010
12 001001000010
12 001001000010
12 001001000010
7 001001000010
7 001001000010
5 001001000010
5 001001000010
7 001001000010
7 001001000010

5 100010010000
5 100010010000
4 100010010000
4 100010010000
12 100010010000
12 100010010000
12 100010010000
12 100010010000
12 100010010000
12 100010010000
7 100010010000
7 100010010000
7 100010010000
7 100010010000
7 100010010000
7 100010010000

9 100001000100
9 100001000100
8 100001000100
8 100001000100
7 100001000100
7 100001000100
5 100001000100
5 100001000100
12 100001000100
12 100001000100
8 100001000100
8 100001000100
9 100001000100
9 100001000100
10 100001000100
10 100001000100

11 001000010001
11 001000010001
10 001000010001
10 001000010001
9 001000010001
9 001000010001
7 001000010001
7 001000010001
12 001000010001
12 001000010001
4 001000010001
4 001000010001
5 001000010001
5 001000010001
4 001000010001
4 001000010001

7 100010010000
7 100010010000
0 100010010000
0 100010010000
12 100010010000
12 100010010000
12 100010010000
12 100010010000
3 100001000100
3 100001000100
5 100001000100
5 100001000100
12 100001000100
12 100001000100
3 100001000100
3 100001000100

12 100010010000
12 100010010000
12 100010010000
12 100010010000
12 100010010000
12 100010010000
12 100010010000
12 100010010000
7 100010010000
7 100010010000
0 100010010000
0 100010010000
12 100010010000
12 100010010000
9 100010010000
9 100010010000

11 000010010001
11 000010010001
11 000010010001
11 000010010001
11 000010010001
11 000010010001
11 000010010001
11 000010010001
11 000010010001
11 000010010001
11 000010010001
11 000010010001
11 000010010001
11 000010010001
11 000010010001
11 000010010001

0 100010000100
0 100010000100
11 100010000100
11 100010000100
9 100010000100
9 100010000100
9 100010000100
9 100010000100
12 100010000100
12 100010000100
11 100010000100
11 100010000100
0 100010000100
0 100010000100
9 100010000100
9 100010000100

11 000010010001
11 000010010001
11 000010010001
11 000010010001
11 000010010001
11 000010010001
11 000010010001
11 000010010001
11 000010010001
11 000010010001
11 000010010001
11 000010010001
11 000010010001
11 000010010001
11 000010010001
11 000010010001

12 000010010001
12 000010010001
12 000010010001
12 000010010001
12 000010010001
12 000010010001
12 000010010001
12 000010010001
7 000010010001
7 000010010001
11 000010010001
11 000010010001
12 000010010001
12 000010010001
0 000010010001
0 000010010001

12 100010010000
12 100010010000
12 100010010000
12 100010010000
12 100010010000
12 100010010000
12 100010010000
12 100010010000
12 100010010000
12 100010010000
12 100010010000
12 100010010000
12 100010010000
12 100010010000
12 100010010000
12 100010010000

0 100010000100
0 100010000100
11 100010000100
11 100010000100
9 100010000100
9 100010000100
9 100010000100
9 100010000100
12 100010000100
12 100010000100
11 100010000100
11 100010000100
0 100010000100
0 100010000100
12 100010000100
12 100010000100

2 100001000100
2 100001000100
12 100001000100
12 100001000100
12 100001000100
12 100001000100
12 100001000100
12 100001000100
12 100001000100
12 100001000100
12 100001000100
12 100001000100
12 100001000100
12 100001000100
2 100001000100
2 100001000100

12 001000010001
12 001000010001
12 001000010001
12 001000010001
12 001000010001
12 001000010001
2 001000010001
2 001000010001
12 001000010001
12 001000010001
4 001000010001
4 001000010001
5 001000010001
5 001000010001
4 001000010001
4 001000010001

7 100010010000
7 100010010000
12 100010010000
12 100010010000
12 100010010000
12 100010010000
12 100010010000
12 100010010000
7 100001000100
7 100001000100
12 100001000100
12 100001000100
12 100001000100
12 100001000100
7 100001000100
7 100001000100

12 100010010000
12 100010010000
12 100010010000
12 100010010000
12 100010010000
12 100010010000
12 100010010000
12 100010010000
12 100010010000
12 100010010000
5 100010010000
5 100010010000
7 100010010000
7 100010010000
5 100010010000
5 100010010000

7 001001000010
7 001001000010
10 001001000010
10 001001000010
12 001001000010
12 001001000010
12 001001000010
12 001001000010
12 001001000010
12 001001000010
7 001001000010
7 001001000010
5 001001000010
5 001001000010
7 001001000010
7 001001000010

5 100010010000
5 100010010000
4 100010010000
4 100010010000
12 100010010000
12 100010010000
12 100010010000
12 100010010000
12 100010010000
12 100010010000
4 100010010000
4 100010010000
5 100010010000
5 100010010000
4 100010010000
4 100010010000

7 100010010000
7 100010010000
12 100010010000
12 100010010000
12 100010010000
12 100010010000
12 100010010000
12 100010010000
7 100001000100
7 100001000100
12 100001000100
12 100001000100
12 100001000100
12 100001000100
7 100001000100
7 100001000100

12 100010010000
12 100010010000
12 100010010000
12 100010010000
12 100010010000
12 100010010000
12 100010010000
12 100010010000
12 100010010000
12 100010010000
7 100010010000
7 100010010000
7 100010010000
7 100010010000
5 100010010000
5 100010010000

7 001001000010
7 001001000010
10 001001000010
10 001001000010
12 001001000010
12 001001000010
12 001001000010
12 001001000010
12 001001000010
12 001001000010
7 001001000010
7 001001000010
5 001001000010
5 001001000010
7 001001000010
7 001001000010

5 100010010000
5 100010010000
4 100010010000
4 100010010000
12 100010010000
12 100010010000
12 100010010000
12 100010010000
12 100010010000
12 100010010000
5 100010010000
5 100010010000
7 100010010000
7 100010010000
7 100010010000
7 100010010000

9 100001000100
9 100001000100
8 100001000100
8 100001000100
7 100001000100
7 100001000100
5 100001000100
5 100001000100
12 100001000100
12 100001000100
8 100001000100
8 100001000100
9 100001000100
9 100001000100
10 100001000100
10 100001000100

11 001000010001
11 001000010001
10 001000010001
10 001000010001
9 001000010001
9 001000010001
7 001000010001
7 001000010001
12 001000010001
12 001000010001
4 001000010001
4 001000010001
5 001000010001
5 001000010001
4 001000010001
4 001000010001

7 100010010000
7 100010010000
0 100010010000
0 100010010000
12 100010010000
12 100010010000
12 100010010000
12 100010010000
3 100001000100
3 100001000100
5 100001000100
5 100001000100
12 100001000100
12 100001000100
3 100001000100
3 100001000100

12 100010010000
12 100010010000
12 100010010000
12 100010010000
12 100010010000
12 100010010000
12 100010010000
12 100010010000
12 100010010000
12 100010010000
12 100010010000
12 100010010000
12 100010010000
12 100010010000
12 100010010000
12 100010010000

12 100010010000
12 100010010000
12 100010010000
12 100010010000
12 100010010000
12 100010010000
12 100010010000
12 100010010000
12 100001000100
12 100001000100
12 100001000100
12 100001000100
12 100001000100
12 100001000100
12 100001000100
12 100001000100

12 100010010000
12 100010010000
12 100010010000
12 100010010000
12 100010010000
12 100010010000
12 100010010000
12 100010010000
12 100010010000
12 100010010000
12 100010010000
12 100010010000
12 100010010000
12 100010010000
12 100010010000
12 100010010000

12 001001000010
12 001001000010
12 001001000010
12 001001000010
12 001001000010
12 001001000010
12 001001000010
12 001001000010
12 001001000010
12 001001000010
12 001001000010
12 001001000010
12 001001000010
12 001001000010
12 001001000010
12 001001000010

12 100010010000
12 100010010000
12 100010010000
12 100010010000
12 100010010000
12 100010010000
12 100010010000
12 100010010000
12 100010010000
12 100010010000
12 100010010000
12 100010010000
12 100010010000
12 100010010000
12 100010010000
12 100010010000

12 100010010000
12 100010010000
12 100010010000
12 100010010000
12 100010010000
12 100010010000
12 100010010000
12 100010010000
12 100001000100
12 100001000100
12 100001000100
12 100001000100
12 100001000100
12 100001000100
12 100001000100
12 100001000100

12 100010010000
12 100010010000
12 100010010000
12 100010010000
12 100010010000
12 100010010000
12 100010010000
12 100010010000
12 100010010000
12 100010010000
12 100010010000
12 100010010000
12 100010010000
12 100010010000
12 100010010000
12 100010010000

12 001001000010
12 001001000010
12 001001000010
12 001001000010
12 001001000010
12 001001000010
12 001001000010
12 001001000010
12 001001000010
12 001001000010
12 001001000010
12 001001000010
12 001001000010
12 001001000010
12 001001000010
12 001001000010

12 100010010000
12 100010010000
12 100010010000
12 100010010000
12 100010010000
12 100010010000
12 100010010000
12 100010010000
12 100010010000
12 100010010000
7 100010010000
7 100010010000
7 100010010000
7 100010010000
8 100010010000
8 100010010000

9 100001000100
9 100001000100
8 100001000100
8 100001000100
7 100001000100
7 100001000100
5 100001000100
5 100001000100
12 100001000100
12 100001000100
8 100001000100
8 100001000100
9 100001000100
9 100001000100
10 100001000100
10 100001000100

11 001000010001
11 001000010001
10 001000010001
10 001000010001
9 001000010001
9 001000010001
7 001000010001
7 001000010001
12 001000010001
12 001000010001
4 001000010001
4 001000010001
5 001000010001
5 001000010001
4 001000010001
4 001000010001

7 100010010000
7 100010010000
0 100010010000
0 100010010000
12 100010010000
12 100010010000
12 100010010000
12 100010010000
3 100001000100
3 100001000100
5 100001000100
5 100001000100
12 100001000100
12 100001000100
3 100001000100
3 100001000100

12 100010010000
12 100010010000
12 100010010000
12 100010010000
12 100010010000
12 100010010000
12 100010010000
12 100010010000
7 100010010000
7 100010010000
0 100010010000
0 100010010000
12 100010010000
12 100010010000
11 100010010000
11 100010010000

12 000010010001
12 000010010001
12 000010010001
12 000010010001
12 000010010001
12 000010010001
12 000010010001
12 000010010001
12 000010010001
12 000010010001
12 000010010001
12 000010010001
12 000010010001
12 000010010001
12 000010010001
12 000010010001

0 100010000100
0 100010000100
11 100010000100
11 100010000100
9 100010000100
9 100010000100
9 100010000100
9 100010000100
12 100010000100
12 100010000100
11 100010000100
11 100010000100
0 100010000100
0 100010000100
9 100010000100
9 100010000100

11 000010010001
11 000010010001
12 000010010001
12 000010010001
12 000010010001
12 000010010001
7 000010010001
7 000010010001
12 000010010001
12 000010010001
12 000010010001
12 000010010001
12 000010010001
12 000010010001
12 000010010001
12 000010010001

12 000010010001
12 000010010001
12 000010010001
12 000010010001
12 000010010001
12 000010010001
12 000010010001
12 000010010001
7 000010010001
7 000010010001
11 000010010001
11 000010010001
12 000010010001
12 000010010001
0 000010010001
0 000010010001

12 100010010000
12 100010010000
12 100010010000
12 100010010000
12 100010010000
12 100010010000
12 100010010000
12 100010010000
12 100010010000
12 100010010000
12 100010010000
12 100010010000
12 100010010000
12 100010010000
12 100010010000
12 100010010000

0 100010000100
0 100010000100
11 100010000100
11 100010000100
9 100010000100
9 100010000100
9 100010000100
9 100010000100
12 100010000100
12 100010000100
11 100010000100
11 100010000100
0 100010000100
0 100010000100
12 100010000100
12 100010000100

2 100001000100
2 100001000100
12 100001000100
12 100001000100
12 100001000100
12 100001000100
12 100001000100
12 100001000100
12 100001000100
12 100001000100
12 100001000100
12 100001000100
12 100001000100
12 100001000100
2 100001000100
2 100001000100

12 001000010001
12 001000010001
12 001000010001
12 001000010001
12 001000010001
12 001000010001
2 001000010001
2 001000010001
12 001000010001
12 001000010001
4 001000010001
4 001000010001
5 001000010001
5 001000010001
4 001000010001
4 001000010001

7 100010010000
7 100010010000
12 100010010000
12 100010010000
12 100010010000
12 100010010000
12 100010010000
12 100010010000
7 100001000100
7 100001000100
12 100001000100
12 100001000100
12 100001000100
12 100001000100
7 100001000100
7 100001000100

12 100010010000
12 100010010000
12 100010010000
12 100010010000
12 100010010000
12 100010010000
12 100010010000
12 100010010000
12 100010010000
12 100010010000
5 100010010000
5 100010010000
7 100010010000
7 100010010000
5 100010010000
5 100010010000

7 001001000010
7 001001000010
10 001001000010
10 001001000010
12 001001000010
12 001001000010
12 001001000010
12 001001000010
12 001001000010
12 001001000010
7 001001000010
7 001001000010
5 001001000010
5 001001000010
7 001001000010
7 001001000010

5 100010010000
5 100010010000
4 100010010000
4 100010010000
12 100010010000
12 100010010000
12 100010010000
12 100010010000
12 100010010000
12 100010010000
5 100010010000
5 100010010000
5 100010010000
5 100010010000
4 100010010000
4 100010010000

7 100010010000
7 100010010000
12 100010010000
12 100010010000
12 100010010000
12 100010010000
12 100010010000
12 100010010000
7 100001000100
7 100001000100
12 100001000100
12 100001000100
12 100001000100
12 100001000100
7 100001000100
7 100001000100

5 100010010000
4 100010010000
12 100010010000
12 100010010000
12 100010010000
12 100010010000
12 100010010000
12 100010010000
12 100010010000
12 100010010000
5 100010010000
12 100010010000
7 100010010000
12 100010010000
5 100010010000
12 100010010000

7 001001000010
7 001001000010
10 001001000010
10 001001000010
12 001001000010
12 001001000010
12 001001000010
12 001001000010
12 001001000010
12 001001000010
7 001001000010
7 001001000010
5 001001000010
5 001001000010
7 001001000010
7 001001000010

5 100010010000
5 100010010000
4 100010010000
4 100010010000
12 100010010000
12 100010010000
12 100010010000
12 100010010000
12 100010010000
12 100010010000
7 100010010000
7 100010010000
7 100010010000
7 100010010000
7 100010010000
7 100010010000

9 100001000100
9 100001000100
8 100001000100
8 100001000100
7 100001000100
7 100001000100
5 100001000100
5 100001000100
12 100001000100
12 100001000100
8 100001000100
8 100001000100
9 100001000100
9 100001000100
10 100001000100
10 100001000100

11 001000010001
11 001000010001
10 001000010001
10 001000010001
9 001000010001
9 001000010001
7 001000010001
7 001000010001
12 001000010001
12 001000010001
4 001000010001
4 001000010001
5 001000010001
5 001000010001
4 001000010001
4 001000010001

7 100010010000
7 100010010000
0 100010010000
0 100010010000
12 100010010000
12 100010010000
12 100010010000
12 100010010000
3 100001000100
3 100001000100
5 100001000100
5 100001000100
12 100001000100
12 100001000100
3 100001000100
3 100001000100

12 100010010000
12 100010010000
12 100010010000
12 100010010000
12 100010010000
12 100010010000
12 100010010000
12 100010010000
12 100001000100
12 100001000100
4 100001000100
4 100001000100
5 100001000100
5 100001000100
4 100001000100
4 100001000100

7 100010010000
7 100010010000
0 100010010000
0 100010010000
12 100010010000
12 100010010000
12 100010010000
12 100010010000
3 100001000100
3 100001000100
5 100001000100
5 100001000100
12 100001000100
12 100001000100
3 100001000100
3 100001000100

12 100010010000
12 100010010000
12 100010010000
12 100010010000
12 100010010000
12 100010010000
12 100010010000
12 100010010000
12 100001000100
12 100001000100
4 100001000100
4 100001000100
5 100001000100
5 100001000100
4 100001000100
4 100001000100

7 100010010000
7 100010010000
12 100010010000
12 100010010000
12 100010010000
12 100010010000
12 100010010000
12 100010010000
7 100001000100
7 100001000100
12 100001000100
12 100001000100
12 100001000100
12 100001000100
7 100001000100
7 100001000100

12 001001010010
12 001001010010
12 001001010010
12 001001010010
12 001001010010
12 001001010010
12 001001010010
12 001001010010
12 001001010010
12 001001010010
12 001001010010
12 001001010010
12 001001010010
12 001001010010
12 001001010010
12 001001010010

12 001001010010
12 001001010010
12 001001010010
12 001001010010
12 001001010010
12 001001010010
12 001001010010
12 001001010010
12 001001010010
12 001001010010
12 001001010010
12 001001010010
12 001001010010
12 001001010010
12 001001010010
12 001001010010

12 001001010010
12 001001010010
12 001001010010
12 001001010010
12 001001010010
12 001001010010
12 001001010010
12 001001010010
12 001001010010
12 001001010010
12 001001010010
12 001001010010
12 001001010010
12 001001010010
12 001001010010
12 001001010010

12 001001010010
12 001001010010
12 001001010010
12 001001010010
12 001001010010
12 001001010010
12 001001010010
12 001001010010
12 001001010010
12 001001010010
12 001001010010
12 001001010010
12 001001010010
12 001001010010
12 001001010010
12 001001010010

