12 100010010000
12 100010010000
12 100010010000
12 100010010000
12 100010010000
12 100010010000
12 100010010000
12 100010010000
12 100010010000
12 100010010000
12 100010010000
12 100010010000
12 100010010000
12 100010010000
12 100010010000
12 100010010000

4 100010010000
4 100010010000
2 100010010000
2 100010010000
0 100010010000
0 100010010000
7 100010010000
7 100010010000
9 100010000100
9 100010000100
12 100010000100
12 100010000100
12 100010000100
12 100010000100
12 100010000100
12 100010000100

9 100001000100
9 100001000100
9 100001000100
9 100001000100
9 100001000100
9 100001000100
9 100001000100
9 100001000100
7 001000010001
7 001000010001
7 001000010001
7 001000010001
5 001000010001
5 001000010001
5 001000010001
5 001000010001

4 100010010000
4 100010010000
2 100010010000
2 100010010000
0 100010010000
0 100010010000
7 100010010000
7 100010010000
9 100010000100
9 100010000100
12 100010000100
12 100010000100
12 100010000100
12 100010000100
12 100010000100
12 100010000100

9 100001000100
9 100001000100
12 100001000100
12 100001000100
9 100001000100
9 100001000100
12 100001000100
12 100001000100
7 001000010001
7 001000010001
12 001000010001
12 001000010001
12 001000010001
12 001000010001
5 001000010001
5 001000010001

4 100010010000
4 100010010000
4 100010010000
4 100010010000
4 100010010000
4 100010010000
4 100010010000
4 100010010000
4 100010000100
4 100010000100
4 100010000100
4 100010000100
12 100010000100
12 100010000100
12 100010000100
12 100010000100

12 100001000100
12 100001000100
12 100001000100
12 100001000100
5 100001000100
5 100001000100
5 100001000100
5 100001000100
7 001000010001
7 001000010001
12 001000010001
12 001000010001
12 001000010001
12 001000010001
5 001000010001
5 001000010001

4 100010010000
4 100010010000
4 100010010000
4 100010010000
4 100010010000
4 100010010000
4 100010010000
4 100010010000
4 100010000100
4 100010000100
4 100010000100
4 100010000100
12 100010000100
12 100010000100
12 100010000100
12 100010000100

12 100001000100
12 100001000100
5 100001000100
5 100001000100
5 100001000100
5 100001000100
5 100001000100
5 100001000100
5 001000010001
5 001000010001
7 001000010001
7 001000010001
12 001000010001
12 001000010001
5 001000010001
5 001000010001

4 100010010000
4 100010010000
2 100010010000
2 100010010000
4 100010010000
4 100010010000
12 100010010000
12 100010010000
9 100010000100
9 100010000100
12 100010000100
12 100010000100
4 100010000100
4 100010000100
2 100010000100
2 100010000100

0 100001000100
0 100001000100
0 100001000100
0 100001000100
0 100001000100
0 100001000100
0 100001000100
0 100001000100
2 001000010001
2 001000010001
12 001000010001
12 001000010001
12 001000010001
12 001000010001
2 001000010001
2 001000010001

4 100010010000
4 100010010000
2 100010010000
2 100010010000
0 100010010000
0 100010010000
7 100010010000
7 100010010000
9 100010000100
9 100010000100
12 100010000100
12 100010000100
12 100010000100
12 100010000100
12 100010000100
12 100010000100

9 100001000100
9 100001000100
12 100001000100
12 100001000100
9 100001000100
9 100001000100
12 100001000100
12 100001000100
7 001000010001
7 001000010001
12 001000010001
12 001000010001
12 001000010001
12 001000010001
5 001000010001
5 001000010001

4 100010010000
4 100010010000
4 100010010000
4 100010010000
4 100010010000
4 100010010000
4 100010010000
4 100010010000
4 100010000100
4 100010000100
4 100010000100
4 100010000100
12 100010000100
12 100010000100
12 100010000100
12 100010000100

12 100001000100
12 100001000100
12 100001000100
12 100001000100
5 100001000100
5 100001000100
5 100001000100
5 100001000100
7 001000010001
7 001000010001
12 001000010001
12 001000010001
12 001000010001
12 001000010001
5 001000010001
5 001000010001

4 100010010000
4 100010010000
4 100010010000
4 100010010000
4 100010010000
4 100010010000
4 100010010000
4 100010010000
4 100010000100
4 100010000100
4 100010000100
4 100010000100
12 100010000100
12 100010000100
12 100010000100
12 100010000100

12 100001000100
12 100001000100
5 100001000100
5 100001000100
5 100001000100
5 100001000100
5 100001000100
5 100001000100
7 001000010001
7 001000010001
12 001000010001
12 001000010001
12 001000010001
12 001000010001
5 001000010001
5 001000010001

4 100010010000
4 100010010000
4 100010010000
4 100010010000
4 100010010000
4 100010010000
12 100010010000
12 100010010000
9 100010000100
9 100010000100
12 100010000100
12 100010000100
4 100010000100
4 100010000100
2 100010000100
2 100010000100

0 100001000100
0 100001000100
0 100001000100
0 100001000100
0 100001000100
0 100001000100
0 100001000100
0 100001000100
2 001000010001
2 001000010001
12 001000010001
12 001000010001
12 001000010001
12 001000010001
2 001000010001
2 001000010001

4 100010010000
4 100010010000
2 100010010000
2 100010010000
0 100010010000
0 100010010000
12 100010010000
12 100010010000
12 100001000100
12 100001000100
12 100001000100
12 100001000100
12 100001000100
12 100001000100
12 100001000100
12 100001000100

12 100010010000
12 100010010000
12 100010010000
12 100010010000
12 100010010000
12 100010010000
12 100010010000
12 100010010000
12 001001010001
12 001001010001
12 001001010001
12 001001010001
12 001001010001
12 001001010001
12 001001010001
12 001001010001

9 100001000100
9 100001000100
9 100001000100
9 100001000100
9 100001000100
9 100001000100
9 100001000100
9 100001000100
9 100001000100
9 100001000100
12 100001000100
12 100001000100
12 100001000100
12 100001000100
12 100001000100
12 100001000100

7 000010010001
7 000010010001
7 000010010001
7 000010010001
7 000010010001
7 000010010001
7 000010010001
7 000010010001
7 000010010001
7 000010010001
12 000010010001
12 000010010001
12 000010010001
12 000010010001
12 000010010001
12 000010010001

5 001001000100
5 001001000100
5 001001000100
5 001001000100
5 001001000100
5 001001000100
12 001001000100
12 001001000100
12 001000010001
12 001000010001
12 001000010001
12 001000010001
7 001000010001
7 001000010001
5 001000010001
5 001000010001

4 100010010000
4 100010010000
4 100010010000
4 100010010000
4 100010010000
4 100010010000
4 100010010000
4 100010010000
4 100010010000
4 100010010000
4 100010010000
4 100010010000
4 100010010000
4 100010010000
4 100010010000
4 100010010000

9 100001000100
9 100001000100
9 100001000100
9 100001000100
9 100001000100
9 100001000100
9 100001000100
9 100001000100
9 100001000100
9 100001000100
12 100001000100
12 100001000100
12 100001000100
12 100001000100
12 100001000100
12 100001000100

12 000010010001
12 000010010001
12 000010010001
12 000010010001
11 000010010001
11 000010010001
12 000010010001
12 000010010001
7 000010010001
7 000010010001
12 000010010001
12 000010010001
12 000010010001
12 000010010001
7 000010010001
7 000010010001

9 101000100100
9 101000100100
9 101000100100
9 101000100100
9 101000100100
9 101000100100
9 101000100100
9 101000100100
9 101000100100
9 101000100100
9 101000100100
7 101000100100
7 101000100100
7 101000100100
6 101000100100
6 101000100100

7 001000010001
7 001000010001
12 001000010001
12 001000010001
12 001000010001
12 001000010001
12 001000010001
12 001000010001
12 001000010001
12 001000010001
12 001000010001
12 001000010001
5 001000010001
5 001000010001
4 001000010001
4 001000010001

4 100010010000
4 100010010000
4 100010010000
4 100010010000
4 100010010000
4 100010010000
4 100010010000
4 100010010000
4 100010000100
4 100010000100
4 100010000100
4 100010000100
12 100010000100
12 100010000100
12 100010000100
12 100010000100

12 100001000100
12 100001000100
5 100001000100
5 100001000100
5 100001000100
5 100001000100
5 100001000100
5 100001000100
7 001000010001
7 001000010001
12 001000010001
12 001000010001
12 001000010001
12 001000010001
5 001000010001
5 001000010001

4 100010010000
4 100010010000
4 100010010000
4 100010010000
4 100010010000
4 100010010000
4 100010010000
4 100010010000
4 100010000100
4 100010000100
4 100010000100
4 100010000100
12 100010000100
12 100010000100
12 100010000100
12 100010000100

12 100001000100
12 100001000100
5 100001000100
5 100001000100
5 100001000100
5 100001000100
5 100001000100
5 100001000100
7 001000010001
7 001000010001
12 001000010001
12 001000010001
12 001000010001
12 001000010001
5 001000010001
5 001000010001

4 100010010000
4 100010010000
2 100010010000
2 100010010000
4 100010010000
4 100010010000
12 100010010000
12 100010010000
9 100010000100
9 100010000100
12 100010000100
12 100010000100
4 100010000100
4 100010000100
2 100010000100
2 100010000100

0 100001000100
0 100001000100
0 100001000100
0 100001000100
0 100001000100
0 100001000100
0 100001000100
0 100001000100
2 001000010001
2 001000010001
12 001000010001
12 001000010001
12 001000010001
12 001000010001
2 001000010001
2 001000010001

4 100010010000
4 100010010000
2 100010010000
2 100010010000
0 100010010000
0 100010010000
7 100010010000
7 100010010000
9 100010000100
9 100010000100
12 100010000100
12 100010000100
12 100010000100
12 100010000100
12 100010000100
12 100010000100

9 100001000100
9 100001000100
9 100001000100
9 100001000100
9 100001000100
9 100001000100
9 100001000100
9 100001000100
7 001000010001
7 001000010001
7 001000010001
7 001000010001
5 001000010001
5 001000010001
5 001000010001
5 001000010001

4 100010010000
4 100010010000
2 100010010000
2 100010010000
0 100010010000
0 100010010000
7 100010010000
7 100010010000
9 100001000100
9 100001000100
12 100001000100
12 100001000100
12 100001000100
12 100001000100
0 100001000100
0 100001000100

0 100010010000
0 100010010000
0 100010010000
0 100010010000
0 100010010000
0 100010010000
0 100010010000
0 100010010000
0 100010010000
0 100010010000
0 100010010000
0 100010010000
0 100010010000
0 100010010000
0 100010010000
0 100010010000

9 100001000100
9 100001000100
9 100001000100
9 100001000100
9 100001000100
9 100001000100
9 100001000100
9 100001000100
9 100001000100
9 100001000100
12 100001000100
12 100001000100
12 100001000100
12 100001000100
12 100001000100
12 100001000100

7 000010010001
7 000010010001
7 000010010001
7 000010010001
7 000010010001
7 000010010001
7 000010010001
7 000010010001
7 000010010001
7 000010010001
12 000010010001
12 000010010001
12 000010010001
12 000010010001
12 000010010001
12 000010010001

5 001001000100
5 001001000100
5 001001000100
5 001001000100
5 001001000100
5 001001000100
12 001001000100
12 001001000100
12 001000010001
12 001000010001
12 001000010001
12 001000010001
7 001000010001
7 001000010001
5 001000010001
5 001000010001

4 100010010000
4 100010010000
4 100010010000
4 100010010000
4 100010010000
4 100010010000
4 100010010000
4 100010010000
4 100010010000
4 100010010000
4 100010010000
4 100010010000
4 100010010000
4 100010010000
4 100010010000
4 100010010000

9 100001000100
9 100001000100
9 100001000100
9 100001000100
9 100001000100
9 100001000100
9 100001000100
9 100001000100
9 100001000100
9 100001000100
12 100001000100
12 100001000100
12 100001000100
12 100001000100
12 100001000100
12 100001000100

12 000010010001
12 000010010001
12 000010010001
12 000010010001
11 000010010001
11 000010010001
12 000010010001
12 000010010001
7 000010010001
7 000010010001
12 000010010001
12 000010010001
12 000010010001
12 000010010001
7 000010010001
7 000010010001

9 101000100100
9 101000100100
9 101000100100
9 101000100100
9 101000100100
9 101000100100
9 101000100100
9 101000100100
9 101000100100
9 101000100100
9 101000100100
7 101000100100
7 101000100100
7 101000100100
6 101000100100
6 101000100100

7 001000010001
7 001000010001
12 001000010001
12 001000010001
12 001000010001
12 001000010001
12 001000010001
12 001000010001
12 001000010001
12 001000010001
12 001000010001
12 001000010001
5 001000010001
5 001000010001
4 001000010001
4 001000010001

4 100010010000
4 100010010000
4 100010010000
4 100010010000
4 100010010000
4 100010010000
4 100010010000
4 100010010000
4 100010000100
4 100010000100
4 100010000100
4 100010000100
12 100010000100
12 100010000100
12 100010000100
12 100010000100

12 100001000100
12 100001000100
5 100001000100
5 100001000100
5 100001000100
5 100001000100
5 100001000100
5 100001000100
7 001000010001
7 001000010001
12 001000010001
12 001000010001
12 001000010001
12 001000010001
5 001000010001
5 001000010001

4 100010010000
4 100010010000
4 100010010000
4 100010010000
4 100010010000
4 100010010000
4 100010010000
4 100010010000
4 100010000100
4 100010000100
4 100010000100
4 100010000100
12 100010000100
12 100010000100
12 100010000100
12 100010000100

12 100001000100
12 100001000100
5 100001000100
5 100001000100
5 100001000100
5 100001000100
5 100001000100
5 100001000100
7 001000010001
7 001000010001
12 001000010001
12 001000010001
12 001000010001
12 001000010001
5 001000010001
5 001000010001

4 100010010000
4 100010010000
3 100010010000
3 100010010000
4 100010010000
4 100010010000
12 100010010000
12 100010010000
9 100010000100
9 100010000100
12 100010000100
12 100010000100
4 100010000100
4 100010000100
2 100010000100
2 100010000100

0 100001000100
0 100001000100
0 100001000100
0 100001000100
0 100001000100
0 100001000100
0 100001000100
0 100001000100
2 001000010001
2 001000010001
12 001000010001
12 001000010001
12 001000010001
12 001000010001
2 001000010001
2 001000010001

4 100010010000
4 100010010000
2 100010010000
2 100010010000
0 100010010000
0 100010010000
7 100010010000
7 100010010000
9 100010000100
9 100010000100
12 100010000100
12 100010000100
12 100010000100
12 100010000100
12 100010000100
12 100010000100

9 100001000100
9 100001000100
9 100001000100
9 100001000100
9 100001000100
9 100001000100
9 100001000100
9 100001000100
7 001000010001
7 001000010001
7 001000010001
7 001000010001
5 001000010001
5 001000010001
5 001000010001
5 001000010001

4 100010010000
4 100010010000
2 100010010000
2 100010010000
0 100010010000
0 100010010000
7 100010010000
7 100010010000
9 100010000100
9 100010000100
12 100010000100
12 100010000100
12 100010000100
12 100010000100
12 100010000100
12 100010000100

9 100001000100
9 100001000100
9 100001000100
9 100001000100
9 100001000100
9 100001000100
9 100001000100
9 100001000100
7 001000010001
7 001000010001
7 001000010001
7 001000010001
5 001000010001
5 001000010001
5 001000010001
5 001000010001

4 100010010000
4 100010010000
2 100010010000
2 100010010000
0 100010010000
0 100010010000
7 100010010000
7 100010010000
9 100010000100
9 100010000100
12 100010000100
12 100010000100
12 100010000100
12 100010000100
12 100010000100
12 100010000100

12 100001000100
12 100001000100
12 100001000100
12 100001000100
12 100001000100
12 100001000100
12 100001000100
12 100001000100
12 001000010001
12 001000010001
12 001000010001
12 001000010001
12 001000010001
12 001000010001
12 001000010001
12 001000010001

