12 000000000000
12 000000000000
12 000000000000
12 000000000000
12 000000000000
12 000000000000
12 000000000000
12 000000000000
12 000000000000
12 000000000000
12 000000000000
12 000000000000
12 000000000000
12 000000000000
12 000000000000
12 000000000000

12 000000000000
12 000000000000
12 000000000000
12 000000000000
12 000000000000
12 000000000000
12 000000000000
12 000000000000
12 000000000000
12 000000000000
12 000000000000
12 000000000000
12 000000000000
12 000000000000
12 000000000000
12 000000000000

12 100010010000
12 100010010000
12 100010010000
12 100010010000
12 100010010000
12 100010010000
12 100010010000
12 100010010000
12 100010010000
12 100010010000
12 100010010000
12 100010010000
12 100010010000
12 100010010000
12 100010010000
12 100010010000

12 100010010000
12 100010010000
12 100010010000
12 100010010000
12 100010010000
12 100010010000
12 100010010000
12 100010010000
12 100010010000
12 100010010000
12 100010010000
12 100010010000
12 100010010000
12 100010010000
12 100010010000
12 100010010000

12 100010010000
12 100010010000
12 100010010000
12 100010010000
12 100010010000
12 100010010000
0 100010010000
0 100010010000
0 100010010000
0 100010010000
12 100010010000
12 100010010000
11 100010010000
11 100010010000
12 100010010000
12 100010010000

11 100010010000
11 100010010000
11 100010010000
11 100010010000
9 100010010000
9 100010010000
9 100010010000
9 100010010000
11 100010010000
11 100010010000
11 100010010000
11 100010010000
0 100010010000
0 100010010000
0 100010010000
0 100010010000

12 001001000100
12 001001000100
12 001001000100
12 001001000100
12 001001000100
12 001001000100
12 001001000100
12 001001000100
2 001001000100
2 001001000100
2 001001000100
2 001001000100
0 001001000100
0 001001000100
12 001001000100
12 001001000100

11 001000010001
11 001000010001
11 001000010001
11 001000010001
11 001000010001
11 001000010001
11 001000010001
11 001000010001
11 001000010001
11 001000010001
11 001000010001
11 001000010001
11 001000010001
11 001000010001
11 001000010001
11 001000010001

12 100010010000
12 100010010000
12 100010010000
12 100010010000
12 100010010000
12 100010010000
0 100010010000
0 100010010000
0 100010010000
0 100010010000
11 100010010000
11 100010010000
12 100010010000
12 100010010000
12 100010010000
12 100010010000

11 100010010000
11 100010010000
12 100010010000
12 100010010000
9 100010010000
9 100010010000
11 100010010000
11 100010010000
12 100010010000
12 100010010000
12 100010010000
12 100010010000
0 100010010000
0 100010010000
12 100010010000
12 100010010000

12 001001000100
12 001001000100
12 001001000100
12 001001000100
2 001001000100
2 001001000100
0 001001000100
0 001001000100
2 001001000100
2 001001000100
12 001001000100
12 001001000100
0 001001000100
0 001001000100
12 001001000100
12 001001000100

11 001000010001
11 001000010001
11 001000010001
11 001000010001
11 001000010001
11 001000010001
11 001000010001
11 001000010001
11 001000010001
11 001000010001
11 001000010001
11 001000010001
11 001000010001
11 001000010001
11 001000010001
11 001000010001

12 000010001001
12 000010001001
12 000010001001
12 000010001001
12 000010001001
12 000010001001
4 000010001001
4 000010001001
3 000010001001
3 000010001001
12 000010001001
12 000010001001
4 000010001001
4 000010001001
12 000010001001
12 000010001001

5 000010001001
5 000010001001
4 000010001001
4 000010001001
12 000010001001
12 000010001001
2 000010001001
2 000010001001
12 000010001001
12 000010001001
4 000010001001
4 000010001001
12 000010001001
12 000010001001
12 000010001001
12 000010001001

12 010010000100
12 010010000100
12 010010000100
12 010010000100
12 010010000100
12 010010000100
4 010010000100
4 010010000100
12 010010000100
12 010010000100
3 010010000100
3 010010000100
4 010010000100
4 010010000100
12 010010000100
12 010010000100

5 010010000100
5 010010000100
12 010010000100
12 010010000100
12 010010000100
12 010010000100
4 010010000100
4 010010000100
1 010010000100
1 010010000100
12 010010000100
12 010010000100
9 010010000100
9 010010000100
12 010010000100
12 010010000100

12 001000100100
12 001000100100
12 001000100100
12 001000100100
12 001000100100
12 001000100100
2 001000100100
2 001000100100
1 001000100100
1 001000100100
12 001000100100
12 001000100100
2 001000100100
2 001000100100
12 001000100100
12 001000100100

3 001000100100
3 001000100100
3 001000100100
3 001000100100
2 001000100100
2 001000100100
2 001000100100
2 001000100100
9 001000100100
9 001000100100
9 001000100100
9 001000100100
12 001000100100
12 001000100100
12 001000100100
12 001000100100

11 001000010001
11 001000010001
12 001000010001
12 001000010001
11 001000010001
11 001000010001
12 001000010001
12 001000010001
0 001000010001
0 001000010001
12 001000010001
12 001000010001
0 001000010001
0 001000010001
2 001000010001
2 001000010001

12 001000010001
12 001000010001
12 001000010001
12 001000010001
11 001000010001
11 001000010001
12 001000010001
12 001000010001
0 001000010001
0 001000010001
12 001000010001
12 001000010001
2 001000010001
2 001000010001
2 001000010001
2 001000010001

4 100010010000
4 100010010000
4 100010010000
4 100010010000
4 100010010000
4 100010010000
4 100010010000
4 100010010000
4 100010010000
4 100010010000
4 100010010000
4 100010010000
4 100010010000
4 100010010000
4 100010010000
4 100010010000

12 100010010000
12 100010010000
12 100010010000
12 100010010000
12 100010010000
12 100010010000
12 100010010000
12 100010010000
4 100010010000
12 100010010000
2 100010010000
12 100010010000
0 100010010000
2 100010010000
4 100010010000
12 100010010000

12 100010000100
12 100010000100
0 100010000100
0 100010000100
12 100010000100
12 100010000100
12 100010000100
12 100010000100
12 100010000100
12 100010000100
12 100010000100
12 100010000100
12 100010000100
12 100010000100
12 100010000100
12 100010000100

12 100010000100
12 100010000100
12 100010000100
12 100010000100
12 100010000100
12 100010000100
4 100010000100
4 100010000100
2 100010000100
2 100010000100
0 100010000100
0 100010000100
2 100010000100
2 100010000100
2 100010000100
2 100010000100

4 100001000100
2 100001000100
0 100001000100
12 100001000100
2 100001000100
12 100001000100
0 100001000100
12 100001000100
12 100001000100
12 100001000100
12 100001000100
12 100001000100
12 100001000100
12 100001000100
12 100001000100
12 100001000100

12 100001000100
12 100001000100
12 100001000100
12 100001000100
12 100001000100
12 100001000100
12 100001000100
12 100001000100
12 100001000100
5 100001000100
12 100001000100
12 100001000100
5 100001000100
12 100001000100
12 100001000100
12 100001000100

5 001000010001
5 001000010001
12 001000010001
12 001000010001
12 001000010001
12 001000010001
4 001000010001
4 001000010001
2 001000010001
2 001000010001
12 001000010001
12 001000010001
12 001000010001
12 001000010001
2 001000010001
2 001000010001

7 001000010001
7 001000010001
7 001000010001
7 001000010001
5 001000010001
5 001000010001
5 001000010001
5 001000010001
4 001000010001
4 001000010001
4 001000010001
4 001000010001
2 001000010001
2 001000010001
2 001000010001
2 001000010001

12 100010010000
12 100010010000
12 100010010000
12 100010010000
12 100010010000
12 100010010000
12 100010010000
12 100010010000
12 100010010000
12 100010010000
0 100010010000
0 100010010000
0 100010010000
0 100010010000
11 100010010000
11 100010010000

11 100010010000
11 100010010000
9 100010010000
9 100010010000
12 100010010000
12 100010010000
11 100010010000
11 100010010000
12 100010010000
12 100010010000
0 100010010000
0 100010010000
12 100010010000
12 100010010000
12 100010010000
12 100010010000

12 001001000100
12 001001000100
12 001001000100
12 001001000100
12 001001000100
12 001001000100
2 001001000100
2 001001000100
12 001001000100
12 001001000100
2 001001000100
2 001001000100
0 001001000100
0 001001000100
12 001001000100
12 001001000100

11 001000010001
11 001000010001
11 001000010001
11 001000010001
11 001000010001
11 001000010001
11 001000010001
11 001000010001
11 001000010001
11 001000010001
11 001000010001
11 001000010001
11 001000010001
11 001000010001
11 001000010001
11 001000010001

12 100010010000
12 100010010000
12 100010010000
12 100010010000
12 100010010000
12 100010010000
0 100010010000
0 100010010000
0 100010010000
0 100010010000
11 100010010000
11 100010010000
12 100010010000
12 100010010000
11 100010010000
11 100010010000

12 100010010000
12 100010010000
12 100010010000
12 100010010000
12 100010010000
12 100010010000
9 100010010000
9 100010010000
11 100010010000
11 100010010000
0 100010010000
0 100010010000
12 100010010000
12 100010010000
12 100010010000
12 100010010000

12 001001000100
12 001001000100
12 001001000100
12 001001000100
12 001001000100
12 001001000100
2 001001000100
2 001001000100
12 001001000100
12 001001000100
2 001001000100
2 001001000100
0 001001000100
0 001001000100
12 001001000100
12 001001000100

11 001000010001
11 001000010001
11 001000010001
11 001000010001
11 001000010001
11 001000010001
11 001000010001
11 001000010001
11 001000010001
11 001000010001
11 001000010001
11 001000010001
11 001000010001
11 001000010001
11 001000010001
11 001000010001

12 000010001001
12 000010001001
12 000010001001
12 000010001001
12 000010001001
12 000010001001
4 000010001001
4 000010001001
12 000010001001
12 000010001001
3 000010001001
3 000010001001
4 000010001001
4 000010001001
5 000010001001
5 000010001001

12 000010001001
12 000010001001
4 000010001001
4 000010001001
12 000010001001
12 000010001001
2 000010001001
2 000010001001
12 000010001001
12 000010001001
4 000010001001
4 000010001001
12 000010001001
12 000010001001
12 000010001001
12 000010001001

12 010010000100
12 010010000100
12 010010000100
12 010010000100
12 010010000100
12 010010000100
4 010010000100
4 010010000100
12 010010000100
12 010010000100
3 010010000100
3 010010000100
4 010010000100
4 010010000100
5 010010000100
5 010010000100

12 010010000100
12 010010000100
4 010010000100
4 010010000100
12 010010000100
12 010010000100
1 010010000100
1 010010000100
9 010010000100
9 010010000100
9 010010000100
9 010010000100
12 010010000100
12 010010000100
12 010010000100
12 010010000100

12 001000100100
12 001000100100
12 001000100100
12 001000100100
12 001000100100
12 001000100100
2 001000100100
2 001000100100
1 001000100100
1 001000100100
2 001000100100
2 001000100100
12 001000100100
12 001000100100
3 001000100100
3 001000100100

12 001000100100
12 001000100100
2 001000100100
2 001000100100
12 001000100100
12 001000100100
9 001000100100
9 001000100100
12 001000100100
12 001000100100
9 001000100100
9 001000100100
12 001000100100
12 001000100100
12 001000100100
12 001000100100

11 001000010001
11 001000010001
12 001000010001
12 001000010001
11 001000010001
11 001000010001
12 001000010001
12 001000010001
0 001000010001
0 001000010001
0 001000010001
0 001000010001
12 001000010001
12 001000010001
2 001000010001
2 001000010001

12 001000010001
12 001000010001
12 001000010001
12 001000010001
4 001000010001
4 001000010001
4 001000010001
4 001000010001
7 001000010001
7 001000010001
7 001000010001
7 001000010001
4 001000010001
4 001000010001
4 001000010001
4 001000010001

2 100010010000
2 100010010000
0 100010010000
0 100010010000
12 100010010000
12 100010010000
12 100010010000
12 100010010000
12 100010010000
12 100010010000
12 100010010000
12 100010010000
12 100010010000
12 100010010000
12 100010010000
12 100010010000

12 100010010000
12 100010010000
12 100010010000
12 100010010000
12 100010010000
12 100010010000
4 100010010000
12 100010010000
12 100010010000
2 100010010000
12 100010010000
12 100010010000
0 100010010000
2 100010010000
4 100010010000
12 100010010000

12 100010000100
12 100010000100
0 100010000100
0 100010000100
12 100010000100
12 100010000100
12 100010000100
12 100010000100
12 100010000100
12 100010000100
12 100010000100
12 100010000100
12 100010000100
12 100010000100
12 100010000100
12 100010000100

12 100010000100
12 100010000100
12 100010000100
12 100010000100
12 100010000100
12 100010000100
4 100010000100
4 100010000100
2 100010000100
2 100010000100
0 100010000100
0 100010000100
2 100010000100
2 100010000100
2 100010000100
2 100010000100

4 100001000100
2 100001000100
0 100001000100
12 100001000100
2 100001000100
12 100001000100
0 100001000100
12 100001000100
12 100001000100
12 100001000100
12 100001000100
12 100001000100
12 100001000100
12 100001000100
12 100001000100
12 100001000100

12 100001000100
12 100001000100
12 100001000100
12 100001000100
12 100001000100
12 100001000100
12 100001000100
12 100001000100
12 100001000100
5 100001000100
12 100001000100
12 100001000100
5 100001000100
12 100001000100
12 100001000100
12 100001000100

5 001000010001
5 001000010001
12 001000010001
12 001000010001
12 001000010001
12 001000010001
4 001000010001
4 001000010001
2 001000010001
2 001000010001
12 001000010001
12 001000010001
12 001000010001
12 001000010001
2 001000010001
2 001000010001

7 001000010001
12 001000010001
12 001000010001
12 001000010001
5 001000010001
12 001000010001
12 001000010001
12 001000010001
4 001000010001
12 001000010001
12 001000010001
12 001000010001
4 001000010001
2 001000010001
12 001000010001
12 001000010001

0 100010010000
0 100010010000
0 100010010000
0 100010010000
0 100010010000
0 100010010000
0 100010010000
0 100010010000
0 100010010000
0 100010010000
0 100010010000
0 100010010000
0 100010010000
0 100010010000
0 100010010000
0 100010010000

12 100010010000
12 100010010000
12 100010010000
12 100010010000
12 100010010000
12 100010010000
12 100010010000
12 100010010000
12 100010010000
12 100010010000
12 100010010000
12 100010010000
12 100010010000
12 100010010000
12 100010010000
12 100010010000

12 001001000100
12 001001000100
12 001001000100
12 001001000100
12 001001000100
12 001001000100
12 001001000100
12 001001000100
12 001001000100
12 001001000100
12 001001000100
12 001001000100
12 001001000100
12 001001000100
12 001001000100
12 001001000100

12 001000010001
12 001000010001
12 001000010001
12 001000010001
12 001000010001
12 001000010001
12 001000010001
12 001000010001
12 001000010001
12 001000010001
12 001000010001
12 001000010001
12 001000010001
12 001000010001
12 001000010001
12 001000010001

12 100010010000
12 100010010000
12 100010010000
12 100010010000
12 100010010000
12 100010010000
12 100010010000
12 100010010000
12 100010010000
12 100010010000
12 100010010000
12 100010010000
12 100010010000
12 100010010000
12 100010010000
12 100010010000

12 100010010000
12 100010010000
12 100010010000
12 100010010000
12 100010010000
12 100010010000
12 100010010000
12 100010010000
12 100010010000
12 100010010000
12 100010010000
12 100010010000
12 100010010000
12 100010010000
12 100010010000
12 100010010000

12 001001000100
12 001001000100
12 001001000100
12 001001000100
12 001001000100
12 001001000100
12 001001000100
12 001001000100
12 001001000100
12 001001000100
12 001001000100
12 001001000100
12 001001000100
12 001001000100
12 001001000100
12 001001000100

12 001000010001
12 001000010001
12 001000010001
12 001000010001
12 001000010001
12 001000010001
4 001000010001
4 001000010001
7 001000010001
7 001000010001
4 001000010001
4 001000010001
12 001000010001
12 001000010001
2 001000010001
2 001000010001

2 100010010000
2 100010010000
0 100010010000
0 100010010000
12 100010010000
12 100010010000
12 100010010000
12 100010010000
12 100010010000
12 100010010000
12 100010010000
12 100010010000
12 100010010000
12 100010010000
12 100010010000
12 100010010000

12 100010010000
12 100010010000
12 100010010000
12 100010010000
12 100010010000
12 100010010000
4 100010010000
12 100010010000
12 100010010000
2 100010010000
12 100010010000
12 100010010000
0 100010010000
2 100010010000
4 100010010000
12 100010010000

12 100010000100
12 100010000100
0 100010000100
0 100010000100
12 100010000100
12 100010000100
12 100010000100
12 100010000100
12 100010000100
12 100010000100
12 100010000100
12 100010000100
12 100010000100
12 100010000100
12 100010000100
12 100010000100

12 100010000100
12 100010000100
12 100010000100
12 100010000100
12 100010000100
12 100010000100
4 100010000100
4 100010000100
2 100010000100
2 100010000100
0 100010000100
0 100010000100
2 100010000100
2 100010000100
2 100010000100
2 100010000100

4 100001000100
2 100001000100
0 100001000100
12 100001000100
2 100001000100
12 100001000100
0 100001000100
12 100001000100
12 100001000100
12 100001000100
12 100001000100
12 100001000100
12 100001000100
12 100001000100
12 100001000100
12 100001000100

12 100001000100
12 100001000100
12 100001000100
12 100001000100
12 100001000100
12 100001000100
12 100001000100
12 100001000100
12 100001000100
5 100001000100
12 100001000100
12 100001000100
5 100001000100
12 100001000100
12 100001000100
12 100001000100

5 001000010001
5 001000010001
12 001000010001
12 001000010001
12 001000010001
12 001000010001
4 001000010001
4 001000010001
2 001000010001
2 001000010001
12 001000010001
12 001000010001
12 001000010001
12 001000010001
12 001000010001
12 001000010001

7 001000010001
7 001000010001
7 001000010001
7 001000010001
5 001000010001
5 001000010001
5 001000010001
5 001000010001
4 001000010001
4 001000010001
4 001000010001
4 001000010001
2 001000010001
2 001000010001
2 001000010001
2 001000010001

12 000000000000
12 000000000000
12 000000000000
12 000000000000
12 000000000000
12 000000000000
12 000000000000
12 000000000000
12 000000000000
12 000000000000
12 000000000000
12 000000000000
12 000000000000
12 000000000000
12 000000000000
12 000000000000

12 000000000000
12 000000000000
12 000000000000
12 000000000000
12 000000000000
12 000000000000
12 000000000000
12 000000000000
12 000000000000
12 000000000000
12 000000000000
12 000000000000
12 000000000000
12 000000000000
12 000000000000
12 000000000000

12 100010010000
12 100010010000
12 100010010000
12 100010010000
12 100010010000
12 100010010000
12 100010010000
12 100010010000
12 100010010000
12 100010010000
12 100010010000
12 100010010000
12 100010010000
12 100010010000
12 100010010000
12 100010010000

12 100010010000
12 100010010000
12 100010010000
12 100010010000
12 100010010000
12 100010010000
4 100010010000
12 100010010000
12 100010010000
2 100010010000
12 100010010000
12 100010010000
0 100010010000
2 100010010000
4 100010010000
12 100010010000

12 100010000100
12 100010000100
0 100010000100
0 100010000100
12 100010000100
12 100010000100
12 100010000100
12 100010000100
12 100010000100
12 100010000100
12 100010000100
12 100010000100
12 100010000100
12 100010000100
12 100010000100
12 100010000100

12 100010000100
12 100010000100
12 100010000100
12 100010000100
12 100010000100
12 100010000100
4 100010000100
12 100010000100
2 100010000100
0 100010000100
12 100010000100
12 100010000100
2 100010000100
12 100010000100
4 100010000100
12 100010000100

2 100001000100
0 100001000100
2 100001000100
12 100001000100
0 100001000100
12 100001000100
12 100001000100
12 100001000100
12 100001000100
12 100001000100
12 100001000100
12 100001000100
12 100001000100
12 100001000100
12 100001000100
12 100001000100

12 100001000100
12 100001000100
12 100001000100
12 100001000100
12 100001000100
12 100001000100
5 100001000100
5 100001000100
4 100001000100
4 100001000100
2 100001000100
2 100001000100
12 100001000100
12 100001000100
5 100001000100
5 100001000100

12 001000010001
12 001000010001
12 001000010001
12 001000010001
12 001000010001
12 001000010001
12 001000010001
12 001000010001
12 001000010001
12 001000010001
12 001000010001
12 001000010001
12 001000010001
12 001000010001
12 001000010001
12 001000010001

12 001000010001
12 001000010001
12 001000010001
12 001000010001
12 001000010001
12 001000010001
12 001000010001
12 001000010001
12 001000010001
12 001000010001
12 001000010001
12 001000010001
12 001000010001
12 001000010001
12 001000010001
12 001000010001

