12 100001000100
12 100001000100
12 100001000100
12 100001000100
12 100001000100
12 100001000100
12 100001000100
12 100001000100
12 100001000100
12 100001000100
12 100001000100
12 100001000100
12 100001000100
12 100001000100
12 100001000100
12 100001000100

12 100001000100
12 100001000100
12 100001000100
12 100001000100
12 100001000100
12 100001000100
12 100001000100
12 100001000100
12 100001000100
12 100001000100
12 100001000100
12 100001000100
12 100001000100
12 100001000100
12 100001000100
12 100001000100

12 100010010000
12 100010010000
12 100010010000
12 100010010000
12 100010010000
12 100010010000
12 100010010000
12 100010010000
12 100010010000
12 100010010000
12 100010010000
12 100010010000
12 100010010000
12 100010010000
12 100010010000
12 100010010000

12 100010010000
12 100010010000
12 100010010000
12 100010010000
0 100010010000
0 100010010000
12 100010010000
12 100010010000
4 100010010000
4 100010010000
12 100010010000
12 100010010000
7 100010010000
7 100010010000
12 100010010000
0 100010010000

9 100001000100
9 100001000100
9 100001000100
9 100001000100
9 100001000100
9 100001000100
9 100001000100
9 100001000100
9 100001000100
9 100001000100
9 100001000100
9 100001000100
9 100001000100
9 100001000100
9 100001000100
9 100001000100

12 100001000100
12 100001000100
12 100001000100
9 100001000100
12 100001000100
12 100001000100
12 100001000100
12 100001000100
12 100001000100
12 100001000100
5 100001000100
0 100001000100
9 100001000100
9 100001000100
12 100001000100
7 100001000100

9 100010010000
9 100010010000
7 100010010000
12 100010010000
12 100010010000
12 100010010000
12 100010010000
12 100010010000
12 100010010000
12 100010010000
12 100010010000
12 100010010000
12 100010010000
12 100010010000
12 100010010000
12 100010010000

12 100010010000
12 100010010000
12 100010010000
12 100010010000
9 100010010000
9 100010010000
12 100010010000
12 100010010000
9 100010010000
9 100010010000
12 100010010000
7 100010010000
4 100010010000
4 100010010000
12 100010010000
4 100010010000

2 001001010001
2 001001010001
2 001001010001
2 001001010001
2 001001010001
2 001001010001
2 001001010001
2 001001010001
2 001001010001
2 001001010001
2 001001010001
2 001001010001
2 001001010001
2 001001010001
2 001001010001
2 001001010001

12 001001010001
12 001001010001
12 001001010001
12 001001010001
9 001001010001
9 001001010001
12 001001010001
9 001001010001
12 001001010001
12 001001010001
12 001001010001
12 001001010001
9 001001010001
9 001001010001
12 001001010001
9 001001010001

7 100010010000
7 100010010000
7 100010010000
7 100010010000
7 100010010000
7 100010010000
7 100010010000
7 100010010000
7 100001000100
7 100001000100
7 100001000100
7 100001000100
7 100001000100
7 100001000100
7 100001000100
7 100001000100

12 100010010000
12 100010010000
12 100010010000
12 100010010000
0 100010010000
0 100010010000
12 100010010000
12 100010010000
4 100010010000
4 100010010000
12 100010010000
12 100010010000
7 100010010000
7 100010010000
12 100010010000
0 100010010000

9 100001000100
9 100001000100
9 100001000100
9 100001000100
9 100001000100
9 100001000100
9 100001000100
9 100001000100
9 100001000100
9 100001000100
9 100001000100
9 100001000100
9 100001000100
9 100001000100
9 100001000100
9 100001000100

12 100001000100
12 100001000100
12 100001000100
9 100001000100
12 100001000100
12 100001000100
12 100001000100
12 100001000100
12 100001000100
12 100001000100
5 100001000100
0 100001000100
9 100001000100
9 100001000100
12 100001000100
7 100001000100

9 100010010000
9 100010010000
7 100010010000
12 100010010000
12 100010010000
12 100010010000
12 100010010000
12 100010010000
12 100010010000
12 100010010000
12 100010010000
12 100010010000
12 100010010000
12 100010010000
12 100010010000
12 100010010000

12 100010010000
12 100010010000
12 100010010000
12 100010010000
9 100010010000
9 100010010000
12 100010010000
12 100010010000
9 100010010000
9 100010010000
12 100010010000
7 100010010000
4 100010010000
4 100010010000
12 100010010000
4 100010010000

2 001001010001
2 001001010001
2 001001010001
2 001001010001
2 001001010001
2 001001010001
2 001001010001
2 001001010001
2 001001010001
2 001001010001
2 001001010001
2 001001010001
2 001001010001
2 001001010001
2 001001010001
2 001001010001

12 001001010001
12 001001010001
12 001001010001
12 001001010001
9 001001010001
9 001001010001
12 001001010001
12 001001010001
9 001001010001
9 001001010001
12 001001010001
7 001001010001
3 001001010001
3 001001010001
12 001001010001
2 001001010001

0 100010010000
0 100010010000
0 100010010000
0 100010010000
0 100010010000
0 100010010000
0 100010010000
0 100010010000
0 100001000100
0 100001000100
0 100001000100
0 100001000100
0 100001000100
0 100001000100
0 100001000100
0 100001000100

12 100010010000
12 100010010000
12 100010010000
12 100010010000
7 100010010000
7 100010010000
12 100010010000
12 100010010000
2 100010010000
2 100010010000
12 100010010000
4 100010010000
12 100010010000
12 100010010000
5 100010010000
12 100010010000

7 100010010000
7 100010010000
12 100010010000
12 100010010000
12 100010010000
12 100010010000
12 100010010000
7 100010010000
7 100010010000
7 100010010000
12 100010010000
12 100010010000
12 100010010000
12 100010010000
12 100010010000
12 100010010000

12 101001000100
12 101001000100
12 101001000100
12 101001000100
7 101001000100
7 101001000100
12 101001000100
12 101001000100
2 001000010001
2 001000010001
12 001000010001
4 001000010001
12 001000010001
12 001000010001
5 001000010001
12 001000010001

7 100010010000
7 100010010000
7 100010010000
7 100010010000
7 100010010000
7 100010010000
7 100010010000
7 100010010000
7 100010010000
7 100010010000
7 100010010000
7 100010010000
7 100010010000
7 100010010000
7 100010010000
7 100010010000

12 100010010010
12 100010010010
12 100010010010
12 100010010010
7 100010010010
7 100010010010
12 100010010010
12 100010010010
6 000100100101
6 000100100101
12 000100100101
7 000100100101
12 000100100101
12 000100100101
9 000100100101
12 000100100101

11 000010010001
11 000010010001
12 000010010001
12 000010010001
12 000010010001
12 000010010001
12 000010010001
11 000010010001
11 000100100101
11 000100100101
12 000100100101
12 000100100101
12 000100100101
12 000100100101
12 000100100101
12 000100100101

12 000010010001
12 000010010001
12 000010010001
12 000010010001
11 000010010001
11 000010010001
12 000010010001
12 000010010001
6 000100100101
6 000100100101
12 000100100101
7 000100100101
12 000100100101
12 000100100101
9 000100100101
11 000100100101

12 000010010001
12 000010010001
12 000010010001
12 000010010001
12 000010010001
12 000010010001
12 000010010001
12 000010010001
12 000010010001
12 000010010001
12 000010010001
12 000010010001
12 000010010001
12 000010010001
12 000010010001
12 000010010001

12 001001010001
12 001001010001
12 001001010001
12 001001010001
0 001001010001
0 001001010001
12 001001010001
12 001001010001
4 100010010010
4 100010010010
12 100010010010
12 100010010010
7 100010010010
7 100010010010
12 100010010010
0 100010010010

9 100001000100
9 100001000100
9 100001000100
9 100001000100
9 100001000100
9 100001000100
9 100001000100
9 100001000100
9 100001000100
9 100001000100
9 100001000100
9 100001000100
9 100001000100
9 100001000100
9 100001000100
9 100001000100

12 100001000100
12 100001000100
12 100001000100
9 100001000100
12 100001000100
12 100001000100
12 100001000100
12 100001000100
12 100001000100
12 100001000100
5 100001000100
0 100001000100
9 100001000100
9 100001000100
12 100001000100
7 100001000100

9 100010010000
9 100010010000
7 100010010000
12 100010010000
12 100010010000
12 100010010000
12 100010010000
12 100010010000
12 100010010000
12 100010010000
12 100010010000
12 100010010000
12 100010010000
12 100010010000
12 100010010000
12 100010010000

12 100010010000
12 100010010000
12 100010010000
12 100010010000
9 100010010000
9 100010010000
12 100010010000
12 100010010000
9 100010010000
9 100010010000
12 100010010000
7 100010010000
4 100010010000
4 100010010000
12 100010010000
4 100010010000

2 001001010001
2 001001010001
2 001001010001
2 001001010001
2 001001010001
2 001001010001
2 001001010001
2 001001010001
2 001001010001
2 001001010001
2 001001010001
2 001001010001
2 001001010001
2 001001010001
2 001001010001
2 001001010001

12 001001010001
12 001001010001
12 001001010001
12 001001010001
9 001001010001
9 001001010001
12 001001010001
12 001001010001
9 001001010001
9 001001010001
12 001001010001
7 001001010001
3 001001010001
3 001001010001
12 001001010001
3 001001010001

0 100010010000
0 100010010000
0 100010010000
0 100010010000
0 100010010000
0 100010010000
0 100010010000
0 100010010000
0 100001000100
0 100001000100
0 100001000100
0 100001000100
0 100001000100
0 100001000100
0 100001000100
0 100001000100

12 100010010000
12 100010010000
12 100010010000
12 100010010000
12 100010010000
12 100010010000
7 100010010000
12 100010010000
2 100010010000
2 100010010000
12 100010010000
4 100010010000
12 100010010000
12 100010010000
5 100010010000
12 100010010000

7 100010010000
7 100010010000
12 100010010000
12 100010010000
12 100010010000
12 100010010000
12 100010010000
7 100010010000
7 100010010000
7 100010010000
12 100010010000
12 100010010000
12 100010010000
12 100010010000
12 100010010000
12 100010010000

12 101001000100
12 101001000100
12 101001000100
12 101001000100
12 101001000100
12 101001000100
7 101001000100
12 101001000100
2 001000010001
2 001000010001
12 001000010001
4 001000010001
12 001000010001
12 001000010001
5 001000010001
12 001000010001

7 100010010000
7 100010010000
7 100010010000
7 100010010000
7 100010010000
7 100010010000
7 100010010000
7 100010010000
7 100010010000
7 100010010000
7 100010010000
7 100010010000
7 100010010000
7 100010010000
7 100010010000
7 100010010000

12 100010010010
12 100010010010
12 100010010010
12 100010010010
7 100010010010
7 100010010010
12 100010010010
12 100010010010
6 000100100101
6 000100100101
12 000100100101
7 000100100101
12 000100100101
12 000100100101
9 000100100101
12 000100100101

11 000010010001
11 000010010001
12 000010010001
12 000010010001
12 000010010001
12 000010010001
12 000010010001
11 000010010001
11 000100100101
11 000100100101
12 000100100101
12 000100100101
12 000100100101
12 000100100101
12 000100100101
12 000100100101

12 000010010001
12 000010010001
12 000010010001
12 000010010001
12 000010010001
12 000010010001
12 000010010001
7 000010010001
6 000100100101
6 000100100101
12 000100100101
7 000100100101
12 000100100101
12 000100100101
9 000100100101
11 000100100101

12 000010010001
12 000010010001
12 000010010001
12 000010010001
12 000010010001
12 000010010001
12 000010010001
12 000010010001
12 000010010001
12 000010010001
12 000010010001
12 000010010001
12 000010010001
12 000010010001
12 000010010001
12 000010010001

12 001001010001
12 001001010001
12 001001010001
12 001001010001
0 001001010001
0 001001010001
12 001001010001
12 001001010001
4 100010010010
4 100010010010
12 100010010010
12 100010010010
7 100010010010
7 100010010010
12 100010010010
0 100010010010

9 100001000100
9 100001000100
9 100001000100
9 100001000100
9 100001000100
9 100001000100
9 100001000100
9 100001000100
9 100001000100
9 100001000100
9 100001000100
9 100001000100
9 100001000100
9 100001000100
9 100001000100
9 100001000100

12 100001000100
12 100001000100
12 100001000100
9 100001000100
12 100001000100
12 100001000100
12 100001000100
12 100001000100
12 100001000100
12 100001000100
5 100001000100
0 100001000100
9 100001000100
9 100001000100
12 100001000100
7 100001000100

9 100010010000
9 100010010000
7 100010010000
12 100010010000
12 100010010000
12 100010010000
12 100010010000
12 100010010000
12 100010010000
12 100010010000
12 100010010000
12 100010010000
12 100010010000
12 100010010000
12 100010010000
12 100010010000

12 100010010000
12 100010010000
12 100010010000
12 100010010000
9 100010010000
9 100010010000
12 100010010000
12 100010010000
9 100010010000
9 100010010000
12 100010010000
7 100010010000
4 100010010000
4 100010010000
12 100010010000
4 100010010000

2 001001010001
2 001001010001
2 001001010001
2 001001010001
2 001001010001
2 001001010001
2 001001010001
2 001001010001
2 001001010001
2 001001010001
2 001001010001
2 001001010001
2 001001010001
2 001001010001
2 001001010001
2 001001010001

12 001001010001
12 001001010001
12 001001010001
12 001001010001
9 001001010001
9 001001010001
12 001001010001
12 001001010001
9 001001010001
9 001001010001
12 001001010001
7 001001010001
3 001001010001
3 001001010001
12 001001010001
3 001001010001

0 100010010000
0 100010010000
0 100010010000
0 100010010000
0 100010010000
0 100010010000
0 100010010000
0 100010010000
0 100001000100
0 100001000100
0 100001000100
0 100001000100
0 100001000100
0 100001000100
0 100001000100
0 100001000100

12 100010010000
12 100010010000
12 100010010000
12 100010010000
12 100010010000
12 100010010000
12 100010010000
12 100010010000
12 100010010000
12 100010010000
12 100010010000
12 100010010000
12 100010010000
12 100010010000
12 100010010000
12 100010010000

