7 100010000100
7 100010000100
7 100010000100
7 100010000100
7 100010000100
7 100010000100
7 100010000100
7 100010000100
12 100010000100
12 100010000100
7 100010000100
7 100010000100
12 100010000100
12 100010000100
12 100010000100
12 100010000100

6 101000100100
12 101000100100
6 101000100100
12 101000100100
7 101000100100
12 101000100100
6 101000100100
12 101000100100
4 101000100100
2 101000100100
12 101000100100
12 101000100100
12 101000100100
12 101000100100
12 101000100100
12 101000100100

5 001001010001
5 001001010001
5 001001010001
5 001001010001
5 001001010001
5 001001010001
5 001001010001
5 001001010001
12 001001010001
12 001001010001
7 001001010001
7 001001010001
7 001001010001
7 001001010001
7 001001010001
7 001001010001

4 100010010000
4 100010010000
4 100010010000
4 100010010000
5 100010010000
5 100010010000
4 100010010000
4 100010010000
2 100010010000
2 100010010000
0 100010010000
0 100010010000
12 100010010000
12 100010010000
12 100010010000
12 100010010000

4 100010000100
4 100010000100
4 100010000100
4 100010000100
4 100010000100
4 100010000100
4 100010000100
4 100010000100
12 100010000100
12 100010000100
12 100010000100
12 100010000100
12 100010000100
12 100010000100
4 100010000100
4 100010000100

11 100010010010
12 100010010010
11 100010010010
12 100010010010
0 100010010010
12 100010010010
0 100010010010
2 100010010010
12 100010010010
12 100010010010
7 100010010010
12 100010010010
12 100010010010
12 100010010010
4 100010010010
12 100010010010

12 100010010000
12 100010010000
12 100010010000
12 100010010000
12 100010010000
12 100010010000
12 100010010000
12 100010010000
12 100010010000
12 100010010000
12 100010010000
12 100010010000
12 100010010000
12 100010010000
12 100010010000
12 100010010000

4 001001000100
12 001001000100
4 001001000100
12 001001000100
4 001001000100
12 001001000100
2 001001000100
4 001001000100
12 001001000100
12 001001000100
2 001001000100
4 001001000100
12 001001000100
12 001001000100
12 001001000100
12 001001000100

2 001001010001
12 001001010001
2 001001010001
12 001001010001
4 001001010001
12 001001010001
2 001001010001
12 001001010001
0 001001010001
9 001001010001
4 001001010001
12 001001010001
5 001001010001
12 001001010001
7 001001010001
12 001001010001

0 100010010000
0 100010010000
0 100010010000
0 100010010000
11 100010010000
11 100010010000
12 100010010000
12 100010010000
10 100010010000
10 100010010000
10 100010010000
10 100010010000
11 100010010000
11 100010010000
12 100010010000
12 100010010000

0 100010010000
0 100010010000
0 100010010000
0 100010010000
11 100010010000
11 100010010000
12 100010010000
12 100010010000
10 100010010000
10 100010010000
10 100010010000
10 100010010000
11 100010010000
11 100010010000
12 100010010000
12 100010010000

9 100001000100
9 100001000100
9 100001000100
9 100001000100
9 100001000100
9 100001000100
9 100001000100
9 100001000100
7 100010010000
7 100010010000
12 100010010000
12 100010010000
0 100010010000
0 100010010000
12 100010010000
12 100010010000

6 100100100100
6 100100100100
6 100100100100
6 100100100100
6 100100100100
6 100100100100
7 100100100100
7 100100100100
7 001001010001
7 001001010001
7 001001010001
7 001001010001
7 001001010001
7 001001010001
11 001001010001
11 001001010001

2 001001010001
2 001001010001
12 001001010001
12 001001010001
12 001001010001
12 001001010001
12 001001010001
12 001001010001
12 001001010001
12 001001010001
12 001001010001
12 001001010001
11 001001010001
11 001001010001
0 001001010001
0 001001010001

0 100010010000
0 100010010000
0 100010010000
0 100010010000
0 100010010000
0 100010010000
0 100010010000
0 100010010000
0 100010010000
0 100010010000
0 100010010000
0 100010010000
0 100010010000
0 100010010000
0 100010010000
0 100010010000

12 100010010000
12 100010010000
12 100010010000
12 100010010000
12 100010010000
12 100010010000
12 100010010000
12 100010010000
12 100010010000
12 100010010000
12 100010010000
12 100010010000
12 100010010000
12 100010010000
12 100010010000
12 100010010000

4 100010010000
12 100010010000
12 100010010000
2 100010010000
4 100010010000
12 100010010000
12 100010010000
12 100010010000
12 100010010000
12 100010010000
12 100010010000
12 100010010000
12 100010010000
12 100010010000
12 100010010000
12 100010010000

2 100010000100
12 100010000100
4 100010000100
4 100010000100
12 100010000100
12 100010000100
12 100010000100
12 100010000100
12 100010000100
12 100010000100
12 100010000100
12 100010000100
12 100010000100
12 100010000100
4 100010000100
4 100010000100

5 001001000100
7 001001000100
12 001001000100
5 001001000100
12 001001000100
4 001001000100
12 001001000100
2 001001000100
12 001001000100
12 001001000100
12 001001000100
12 001001000100
2 001001000100
12 001001000100
4 001001000100
12 001001000100

5 001001000100
7 001001000100
12 001001000100
5 001001000100
12 001001000100
4 001001000100
12 001001000100
2 001001000100
12 001000010001
12 001000010001
12 001000010001
12 001000010001
12 001000010001
12 001000010001
12 001000010001
12 001000010001

4 100010010000
12 100010010000
12 100010010000
2 100010010000
4 100010010000
12 100010010000
12 100010010000
12 100010010000
12 100010010000
12 100010010000
12 100010010000
12 100010010000
12 100010010000
12 100010010000
12 100010010000
12 100010010000

11 100010000100
12 100010000100
12 100010000100
9 100010000100
9 100010000100
12 100010000100
12 100010000100
12 100010000100
12 100010000100
12 100010000100
12 100010000100
12 100010000100
12 100010000100
12 100010000100
9 100010000100
12 100010000100

0 001001000100
12 001001000100
0 001001000100
12 001001000100
0 001001000100
12 001001000100
0 001001000100
12 001001000100
0 001001000100
12 001001000100
12 001001000100
9 001001000100
5 001001000100
4 001001000100
12 001001000100
12 001001000100

12 001000010001
2 001000010001
2 001000010001
12 001000010001
12 001000010001
12 001000010001
12 001000010001
12 001000010001
12 001000010001
12 001000010001
12 001000010001
12 001000010001
12 001000010001
12 001000010001
12 001000010001
12 001000010001

4 100010010000
12 100010010000
12 100010010000
2 100010010000
4 100010010000
12 100010010000
12 100010010000
12 100010010000
12 100010010000
12 100010010000
12 100010010000
12 100010010000
12 100010010000
12 100010010000
12 100010010000
12 100010010000

4 100010000100
12 100010000100
12 100010000100
12 100010000100
12 100010000100
12 100010000100
12 100010000100
12 100010000100
12 100010000100
12 100010000100
12 100010000100
12 100010000100
12 100010000100
12 100010000100
4 100010000100
4 100010000100

5 001001000100
12 001001000100
12 001001000100
4 001001000100
4 001001000100
12 001001000100
2 001001000100
12 001001000100
2 001001000100
12 001001000100
12 001001000100
12 001001000100
12 001001000100
12 001001000100
12 001001000100
7 001001000100

7 001000010001
12 001000010001
2 001000010001
12 001000010001
2 001000010001
12 001000010001
4 001000010001
4 001000010001
12 001000010001
12 001000010001
5 001000010001
12 001000010001
5 001000010001
12 001000010001
7 001000010001
12 001000010001

5 100010010000
4 100010010000
4 100010010000
12 100010010000
12 100010010000
12 100010010000
2 100010010000
4 100010010000
7 001000010001
12 001000010001
12 001000010001
12 001000010001
12 001000010001
12 001000010001
2 001000010001
4 001000010001

0 100010000100
12 100010000100
12 100010000100
12 100010000100
12 100010000100
12 100010000100
7 100010000100
7 100010000100
8 100001001000
10 100001001000
12 100001001000
8 100001001000
10 100001001000
12 100001001000
7 100001001000
12 100001001000

7 100010010000
7 100010010000
7 100010010000
7 100010010000
7 100010010000
7 100010010000
7 100010010000
7 100010010000
7 100010010000
7 100010010000
7 100010010000
7 100010010000
7 100010010000
7 100010010000
7 100010010000
7 100010010000

12 100010010000
12 100010010000
12 100010010000
12 100010010000
12 100010010000
12 100010010000
12 100010010000
12 100010010000
12 100010010000
12 100010010000
12 100010010000
12 100010010000
12 100010010000
12 100010010000
12 100010010000
12 100010010000

12 100010010000
12 100010010000
12 100010010000
12 100010010000
12 100010010000
12 100010010000
12 100010010000
12 100010010000
12 100010010000
12 100010010000
12 100010010000
12 100010010000
12 100010010000
12 100010010000
12 100010010000
12 100010010000

12 100010010000
12 100010010000
12 100010010000
12 100010010000
12 100010010000
12 100010010000
12 100010010000
12 100010010000
12 100010010000
12 100010010000
12 100010010000
12 100010010000
12 100010010000
12 100010010000
12 100010010000
12 100010010000

4 100010010000
12 100010010000
12 100010010000
12 100010010000
2 100010010000
4 100010010000
12 100010010000
12 100010010000
12 100010010000
12 100010010000
12 100010010000
12 100010010000
12 100010010000
12 100010010000
12 100010010000
12 100010010000

2 100010000100
12 100010000100
4 100010000100
4 100010000100
12 100010000100
12 100010000100
12 100010000100
12 100010000100
12 100010000100
12 100010000100
12 100010000100
12 100010000100
12 100010000100
12 100010000100
4 100010000100
12 100010000100

5 001001000100
7 001001000100
12 001001000100
5 001001000100
12 001001000100
4 001001000100
12 001001000100
2 001001000100
12 001001000100
12 001001000100
12 001001000100
12 001001000100
2 001001000100
4 001001000100
12 001001000100
12 001001000100

5 001001000100
7 001001000100
5 001001000100
12 001001000100
4 001001000100
12 001001000100
4 001001000100
2 001001000100
12 001000010001
12 001000010001
12 001000010001
12 001000010001
12 001000010001
12 001000010001
12 001000010001
12 001000010001

4 100010010000
12 100010010000
12 100010010000
2 100010010000
4 100010010000
12 100010010000
12 100010010000
12 100010010000
12 100010010000
12 100010010000
12 100010010000
12 100010010000
2 100010010000
12 100010010000
0 100010010000
12 100010010000

11 100010000100
12 100010000100
12 100010000100
9 100010000100
9 100010000100
12 100010000100
12 100010000100
12 100010000100
12 100010000100
12 100010000100
12 100010000100
12 100010000100
12 100010000100
12 100010000100
7 100010000100
9 100010000100

0 001001000100
12 001001000100
0 001001000100
12 001001000100
0 001001000100
12 001001000100
0 001001000100
12 001001000100
0 001001000100
12 001001000100
12 001001000100
9 001001000100
5 001001000100
4 001001000100
12 001001000100
12 001001000100

12 001000010001
2 001000010001
2 001000010001
12 001000010001
12 001000010001
12 001000010001
12 001000010001
12 001000010001
12 001000010001
12 001000010001
12 001000010001
12 001000010001
12 001000010001
12 001000010001
12 001000010001
12 001000010001

4 100010010000
2 100010010000
4 100010010000
12 100010010000
12 100010010000
12 100010010000
12 100010010000
12 100010010000
12 100010010000
12 100010010000
12 100010010000
12 100010010000
2 100010010000
12 100010010000
4 100010010000
5 100010010000

4 100010000100
4 100010000100
4 100010000100
4 100010000100
4 100010000100
4 100010000100
4 100010000100
4 100010000100
4 100010000100
4 100010000100
4 100010000100
4 100010000100
4 100010000100
4 100010000100
4 100010000100
4 100010000100

5 001001000100
12 001001000100
12 001001000100
4 001001000100
4 001001000100
2 001001000100
12 001001000100
2 001001000100
12 001001000100
12 001001000100
12 001001000100
12 001001000100
12 001001000100
12 001001000100
12 001001000100
7 001001000100

7 001000010001
12 001000010001
2 001000010001
12 001000010001
2 001000010001
12 001000010001
4 001000010001
12 001000010001
4 001000010001
5 001000010001
5 001000010001
12 001000010001
5 001000010001
12 001000010001
7 001000010001
5 001000010001

12 100010010000
4 100010010000
12 100010010000
12 100010010000
12 100010010000
12 100010010000
12 100010010000
12 100010010000
12 001000010001
12 001000010001
12 001000010001
12 001000010001
12 001000010001
12 001000010001
12 001000010001
12 001000010001

12 100010000100
12 100010000100
12 100010000100
12 100010000100
12 100010000100
12 100010000100
12 100010000100
12 100010000100
12 100010000100
12 100010000100
12 100010000100
12 100010000100
12 100010000100
12 100010000100
12 100010000100
12 100010000100

12 001001000100
12 001001000100
12 001001000100
12 001001000100
12 001001000100
12 001001000100
12 001001000100
12 001001000100
12 001001000100
12 001001000100
12 001001000100
12 001001000100
12 001001000100
12 001001000100
12 001001000100
12 001001000100

12 001000010001
12 001000010001
12 001000010001
12 001000010001
12 001000010001
12 001000010001
12 001000010001
12 001000010001
12 001000010001
12 001000010001
12 001000010001
12 001000010001
12 001000010001
12 001000010001
12 001000010001
12 001000010001

12 100010010000
12 100010010000
12 100010010000
12 100010010000
12 100010010000
12 100010010000
12 100010010000
12 100010010000
12 001000010001
12 001000010001
12 001000010001
12 001000010001
12 001000010001
12 001000010001
12 001000010001
12 001000010001

12 100010000100
12 100010000100
12 100010000100
12 100010000100
12 100010000100
12 100010000100
12 100010000100
12 100010000100
12 100010000100
12 100010000100
12 100010000100
12 100010000100
12 100010000100
12 100010000100
12 100010000100
12 100010000100

12 001001000100
12 001001000100
12 001001000100
12 001001000100
12 001001000100
12 001001000100
12 001001000100
12 001001000100
12 001001000100
12 001001000100
12 001001000100
12 001001000100
12 001001000100
12 001001000100
12 001001000100
12 001001000100

12 001001000010
12 001001000010
12 001001000010
12 001001000010
12 001001000010
12 001001000010
12 001001000010
12 001001000010
12 001001000010
12 001001000010
12 001001000010
12 001001000010
12 001001000010
12 001001000010
12 001001000010
12 001001000010

12 100010010000
12 100010010000
12 100010010000
12 100010010000
12 100010010000
12 100010010000
12 100010010000
12 100010010000
12 100010010000
12 100010010000
12 100010010000
12 100010010000
12 100010010000
12 100010010000
12 100010010000
12 100010010000

12 100010010000
12 100010010000
12 100010010000
12 100010010000
12 100010010000
12 100010010000
12 100010010000
12 100010010000
12 100010010000
12 100010010000
12 100010010000
12 100010010000
12 100010010000
12 100010010000
12 100010010000
12 100010010000

5 100010010000
5 100010010000
12 100010010000
12 100010010000
4 100010010000
4 100010010000
4 100010010000
4 100010010000
3 100010010000
3 100010010000
3 100010010000
3 100010010000
4 100010010000
4 100010010000
4 100010010000
4 100010010000

5 100010010000
5 100010010000
5 100010010000
5 100010010000
4 100010010000
4 100010010000
4 100010010000
4 100010010000
3 100010010000
3 100010010000
12 100010010000
12 100010010000
7 100010010000
7 100010010000
7 100010010000
7 100010010000

0 100010010000
0 100010010000
12 100010010000
12 100010010000
7 100010010000
7 100010010000
7 100010010000
7 100010010000
0 100010010000
0 100010010000
12 100010010000
12 100010010000
7 100010010000
7 100010010000
7 100010010000
7 100010010000

6 100010010000
6 100010010000
6 100010010000
6 100010010000
7 100010010000
7 100010010000
12 100010010000
12 100010010000
9 100010010000
9 100010010000
12 100010010000
12 100010010000
7 100010010000
7 100010010000
12 100010010000
12 100010010000

8 000010001001
8 000010001001
8 000010001001
8 000010001001
8 000010001001
8 000010001001
8 000010001001
8 000010001001
9 000100100101
9 000100100101
12 000100100101
12 000100100101
9 000100100101
9 000100100101
12 000100100101
12 000100100101

10 000100010010
10 000100010010
10 000100010010
10 000100010010
10 000100010010
10 000100010010
10 000100010010
10 000100010010
11 001000010001
11 001000010001
12 001000010001
12 001000010001
11 001000010001
11 001000010001
12 001000010001
12 001000010001

0 100010010000
0 100010010000
12 100010010000
12 100010010000
7 100010010000
7 100010010000
7 100010010000
7 100010010000
8 100010010000
8 100010010000
7 100010010000
7 100010010000
0 100010010000
0 100010010000
0 100010010000
0 100010010000

1 100010010000
1 100010010000
0 100010010000
0 100010010000
7 100010010000
7 100010010000
7 100010010000
7 100010010000
8 100010010000
8 100010010000
7 100010010000
7 100010010000
0 100010010000
0 100010010000
0 100010010000
0 100010010000

1 100010010000
1 100010010000
0 100010010000
0 100010010000
7 100010010000
7 100010010000
7 100010010000
7 100010010000
8 100010010000
8 100010010000
7 100010010000
7 100010010000
5 100010010000
5 100010010000
3 100010010000
3 100010010000

2 001000010001
2 001000010001
2 001000010001
2 001000010001
1 001000010001
1 001000010001
1 001000010001
1 001000010001
1 001000010001
1 001000010001
1 001000010001
1 001000010001
1 001000010001
1 001000010001
1 001000010001
1 001000010001

7 100010010100
7 100010010100
4 100010010100
4 100010010100
12 100010010100
12 100010010100
0 100010010100
0 100010010100
12 100010010100
12 100010010100
9 100010010100
9 100010010100
7 100010010100
7 100010010100
12 100010010100
12 100010010100

8 001000010001
8 001000010001
12 001000010001
12 001000010001
7 001000010001
7 001000010001
7 001000010001
7 001000010001
6 001000010001
6 001000010001
12 001000010001
12 001000010001
7 001000010001
7 001000010001
12 001000010001
12 001000010001

8 001000010001
8 001000010001
12 001000010001
12 001000010001
7 001000010001
7 001000010001
7 001000010001
7 001000010001
6 001000010001
6 001000010001
12 001000010001
12 001000010001
7 001000010001
7 001000010001
12 001000010001
12 001000010001

0 100010010000
0 100010010000
12 100010010000
12 100010010000
0 100010010000
0 100010010000
0 100010010000
0 100010010000
0 100010010000
0 100010010000
12 100010010000
12 100010010000
0 100010010000
0 100010010000
12 100010010000
12 100010010000

0 100010010000
0 100010010000
0 100010010000
0 100010010000
0 100010010000
0 100010010000
12 100010010000
12 100010010000
0 100010010000
0 100010010000
0 100010010000
0 100010010000
0 100010010000
0 100010010000
12 100010010000
12 100010010000

9 100001000100
9 100001000100
12 100001000100
12 100001000100
9 100001000100
9 100001000100
0 100001000100
0 100001000100
7 100010010000
7 100010010000
12 100010010000
12 100010010000
7 100010010000
7 100010010000
7 100010010000
7 100010010000

6 001000100100
6 001000100100
12 001000100100
12 001000100100
6 001000100100
6 001000100100
6 001000100100
6 001000100100
7 001000010001
7 001000010001
12 001000010001
12 001000010001
12 001000010001
12 001000010001
12 001000010001
12 001000010001

12 001000010001
12 001000010001
12 001000010001
12 001000010001
12 001000010001
12 001000010001
12 001000010001
12 001000010001
12 001000010001
12 001000010001
12 001000010001
12 001000010001
12 001000010001
12 001000010001
12 001000010001
12 001000010001

8 001000010001
8 001000010001
8 001000010001
8 001000010001
7 001000010001
7 001000010001
12 001000010001
12 001000010001
6 001000010001
6 001000010001
6 001000010001
6 001000010001
7 001000010001
7 001000010001
12 001000010001
12 001000010001

8 001000010001
8 001000010001
8 001000010001
8 001000010001
7 001000010001
7 001000010001
7 001000010001
7 001000010001
6 001000010001
6 001000010001
12 001000010001
12 001000010001
7 001000010001
7 001000010001
12 001000010001
12 001000010001

0 100010010000
0 100010010000
12 100010010000
12 100010010000
7 100010010000
7 100010010000
12 100010010000
12 100010010000
0 100010010000
0 100010010000
12 100010010000
12 100010010000
12 100010010000
12 100010010000
2 100010010000
2 100010010000

2 001000010001
2 001000010001
4 001000010001
4 001000010001
5 001000010001
5 001000010001
4 001000010001
4 001000010001
2 001000010001
2 001000010001
0 001000010001
0 001000010001
0 100010010000
0 100010010000
0 100010010000
0 100010010000

12 100010010000
12 100010010000
12 100010010000
12 100010010000
7 001000010001
7 001000010001
12 001000010001
12 001000010001
0 001000010001
0 001000010001
12 001000010001
12 001000010001
7 001000010001
7 001000010001
2 001000010001
2 001000010001

2 001000010001
2 001000010001
4 001000010001
4 001000010001
5 001000010001
5 001000010001
4 001000010001
4 001000010001
2 100010010000
2 100010010000
0 100010010000
0 100010010000
0 100010010000
0 100010010000
0 100010010000
0 100010010000

12 100010010000
12 100010010000
12 100010010000
12 100010010000
7 001000010001
7 001000010001
12 001000010001
12 001000010001
0 001000010001
0 001000010001
12 001000010001
12 001000010001
7 001000010001
7 001000010001
2 001000010001
2 001000010001

2 001000010001
2 001000010001
4 001000010001
4 001000010001
5 001000010001
5 001000010001
4 001000010001
4 001000010001
2 100010010000
2 100010010000
0 100010010000
0 100010010000
0 100010010000
0 100010010000
0 100010010000
0 100010010000

2 001000010001
2 001000010001
4 001000010001
4 001000010001
5 001000010001
5 001000010001
4 001000010001
4 001000010001
2 100010010000
2 100010010000
0 100010010000
0 100010010000
0 100010010000
0 100010010000
0 100010010000
0 100010010000

2 001000010001
2 001000010001
4 001000010001
4 001000010001
5 001000010001
5 001000010001
4 001000010001
4 001000010001
7 001000010001
7 001000010001
7 001000010001
7 001000010001
0 001000010001
0 001000010001
0 001000010001
0 001000010001

10 000100010010
10 000100010010
7 000100010010
7 000100010010
12 000100010010
12 000100010010
3 000100010010
3 000100010010
12 000100010010
12 000100010010
1 000100010010
1 000100010010
10 000100010010
10 000100010010
12 000100010010
12 000100010010

0 000100001001
0 000100001001
0 000100001001
0 000100001001
1 010000100010
1 010000100010
1 010000100010
1 010000100010
3 000100100001
3 000100100001
3 000100100001
3 000100100001
5 000100010010
5 000100010010
5 000100010010
5 000100010010

7 100100001000
7 100100001000
12 100100001000
12 100100001000
11 001000010001
11 001000010001
12 001000010001
12 001000010001
0 100010010000
0 100010010000
7 100010010000
7 100010010000
7 100010010000
7 100010010000
7 100010010000
7 100010010000

9 100010010000
9 100010010000
7 100010010000
7 100010010000
7 100010010000
7 100010010000
7 100010010000
7 100010010000
9 100010010000
9 100010010000
7 100010010000
7 100010010000
4 100010010000
4 100010010000
4 100010010000
4 100010010000

5 100010010000
5 100010010000
4 100010010000
4 100010010000
2 100010010000
2 100010010000
0 100010010000
0 100010010000
2 001000010001
2 001000010001
12 001000010001
12 001000010001
7 001000010001
7 001000010001
12 001000010001
12 001000010001

0 100010010000
0 100010010000
12 100010010000
12 100010010000
12 100010010000
12 100010010000
0 100010010000
0 100010010000
0 100001000100
0 100001000100
12 100001000100
12 100001000100
0 100001000100
0 100001000100
0 100001000100
0 100001000100

11 000100100101
11 000100100101
11 000100100101
11 000100100101
11 000100100101
11 000100100101
11 000100100101
11 000100100101
4 000010010001
4 000010010001
12 000010010001
12 000010010001
4 000010010001
4 000010010001
12 000010010001
12 000010010001

5 001000010001
5 001000010001
12 001000010001
12 001000010001
12 001000010001
12 001000010001
4 001000010001
4 001000010001
2 001000010001
2 001000010001
12 001000010001
12 001000010001
4 001000010001
4 001000010001
12 001000010001
12 001000010001

9 001000010001
9 001000010001
12 001000010001
12 001000010001
12 001000010001
12 001000010001
7 001000010001
7 001000010001
5 001000010001
5 001000010001
12 001000010001
12 001000010001
4 001000010001
4 001000010001
12 001000010001
12 001000010001

7 001000010001
7 001000010001
7 001000010001
7 001000010001
7 001000010001
7 001000010001
7 001000010001
7 001000010001
7 001000010001
7 001000010001
7 001000010001
7 001000010001
7 001000010001
7 001000010001
7 001000010001
7 001000010001

12 001000010001
12 001000010001
12 001000010001
12 001000010001
12 001000010001
12 001000010001
12 001000010001
12 001000010001
12 001000010001
12 001000010001
12 001000010001
12 001000010001
12 001000010001
12 001000010001
12 001000010001
12 001000010001

12 100010010000
12 100010010000
12 100010010000
12 100010010000
12 100010010000
12 100010010000
12 100010010000
12 100010010000
12 100010010000
12 100010010000
12 100010010000
12 100010010000
12 100010010000
12 100010010000
12 100010010000
12 100010010000

12 100010010000
12 100010010000
12 100010010000
12 100010010000
12 100010010000
12 100010010000
12 100010010000
12 100010010000
12 100010010000
12 100010010000
12 100010010000
12 100010010000
12 100010010000
12 100010010000
12 100010010000
12 100010010000

12 100010010000
12 100010010000
12 100010010000
12 100010010000
12 100010010000
12 100010010000
12 100010010000
12 100010010000
12 100010010000
12 100010010000
12 100010010000
12 100010010000
12 100010010000
12 100010010000
12 100010010000
12 100010010000

12 001000100100
12 001000100100
12 001000100100
12 001000100100
12 001000100100
12 001000100100
12 001000100100
12 001000100100
12 001000100100
12 001000100100
12 001000100100
12 100010010000
12 100010010000
12 100010010000
12 100010010000
12 100010010000

12 001000010001
12 001000010001
12 001000010001
5 001000010001
12 001000010001
12 001000010001
5 001000010001
12 001000010001
4 001000010001
4 001000010001
12 001000010001
4 001000100100
12 001000100100
12 001000100100
4 001000100100
12 001000100100

2 001000010001
2 001000010001
12 001000010001
2 001000010001
12 001000010001
12 001000010001
2 001000010001
12 001000010001
0 001000010001
0 001000010001
12 001000010001
0 001000010001
0 001000010001
0 001000010001
12 001000010001
12 001000010001

11 001000010001
11 001000010001
12 001000010001
0 001000010001
2 001000010001
2 001000010001
12 001000010001
12 001000010001
12 001000010001
12 001000010001
12 001000010001
12 001000010001
12 001000010001
12 001000010001
12 001000010001
12 001000010001

12 001001000010
12 001001000010
12 001001000010
12 001001000010
12 001001000010
12 001001000010
12 001001000010
12 001001000010
12 001001000010
12 001001000010
12 001001000010
12 001001000010
12 001001000010
12 001001000010
12 001001000010
12 001001000010

12 001000010001
12 001000010001
12 001000010001
5 001000010001
12 001000010001
12 001000010001
5 001000010001
12 001000010001
4 001000010001
4 001000010001
12 001000010001
4 001000010001
12 001000010001
12 001000010001
4 001000010001
12 001000010001

2 001000010001
2 001000010001
12 001000010001
2 001000010001
12 001000010001
12 001000010001
2 001000010001
12 001000010001
0 100010010000
0 100010010000
12 100010010000
0 100010010000
12 100010010000
12 100010010000
0 100010010000
12 100010010000

5 100001000100
5 100001000100
12 100001000100
7 100001000100
9 100001000100
9 100001000100
12 100001000100
12 100001000100
12 100001000100
12 100001000100
12 100001000100
5 100001000100
12 100001000100
12 100001000100
12 100001000100
12 100001000100

4 001001000100
4 001001000100
12 001001000100
5 001001000100
12 001001000100
12 001001000100
12 001001000100
12 001001000100
12 001001000100
12 001001000100
12 001001000100
12 001001000100
12 001001000100
12 001001000100
12 001001000100
12 001001000100

4 001000010001
4 001000010001
12 001000010001
2 001000010001
2 001000010001
2 001000010001
12 001000010001
12 001000010001
12 001000010001
12 001000010001
12 001000010001
4 001000010001
12 001000010001
12 001000010001
12 001000010001
12 001000010001

12 001001000100
12 001001000100
12 001001000100
5 001001000100
12 001001000100
12 001001000100
5 001001000100
12 001001000100
5 001001000100
5 001001000100
12 001001000100
5 001001000100
12 001001000100
12 001001000100
4 001001000100
12 001001000100

4 001000010001
4 001000010001
12 001000010001
2 001000010001
2 001000010001
2 001000010001
12 001000010001
12 001000010001
12 001000010001
12 001000010001
12 001000010001
4 001000010001
12 001000010001
12 001000010001
12 001000010001
12 001000010001

0 001001000100
0 001001000100
12 001001000100
0 001001000100
0 001001000100
0 001001000100
0 001001000100
2 001001000100
12 001000010001
12 001000010001
12 001000010001
12 001000010001
12 001000010001
12 001000010001
12 001000010001
12 001000010001

0 001001000100
0 001001000100
12 001001000100
0 001001000100
0 001001000100
0 001001000100
0 001001000100
12 001001000100
2 001000010001
2 001000010001
12 001000010001
0 001000010001
12 001000010001
12 001000010001
11 001000010001
12 001000010001

0 100010010000
0 100010010000
12 100010010000
7 100010010000
12 100010010000
12 100010010000
12 100010010000
12 100010010000
12 100010010000
12 100010010000
12 100010010000
12 100010010000
12 100010010000
12 100010010000
12 100010010000
12 100010010000

12 100010010000
12 100010010000
12 100010010000
12 100010010000
12 100010010000
12 100010010000
12 100010010000
12 100010010000
12 100010010000
12 100010010000
12 100010010000
12 100010010000
12 100010010000
12 100010010000
12 100010010000
12 100010010000

12 100010010000
12 100010010000
12 100010010000
12 100010010000
12 100010010000
12 100010010000
12 100010010000
12 100010010000
12 100010010000
12 100010010000
12 100010010000
12 100010010000
12 100010010000
12 100010010000
12 100010010000
12 100010010000

12 001000100100
12 001000100100
12 001000100100
12 001000100100
12 001000100100
12 001000100100
12 001000100100
12 001000100100
12 001000100100
12 001000100100
12 001000100100
12 001000100100
12 001000100100
12 001000100100
12 001000100100
12 001000100100

12 000100010010
12 000100010010
12 000100010010
12 000100010010
12 000100010010
12 000100010010
12 000100010010
12 000100010010
12 000100010010
12 000100010010
12 000100010010
12 000100010010
12 000100010010
12 000100010010
12 000100010010
12 000100010010

12 100100001000
12 100100001000
12 100100001000
12 100100001000
12 100100001000
12 100100001000
12 100100001000
12 100100001000
12 100100001000
12 100100001000
12 100100001000
12 100100001000
12 100100001000
12 100100001000
12 100100001000
12 100100001000

12 100001000100
12 100001000100
12 100001000100
12 100001000100
12 100001000100
12 100001000100
12 100001000100
12 100001000100
12 100001000100
12 100001000100
12 100001000100
12 100001000100
12 100001000100
12 100001000100
12 100001000100
12 100001000100

12 001000010001
12 001000010001
12 001000010001
12 001000010001
12 001000010001
12 001000010001
12 001000010001
12 001000010001
12 001000010001
12 001000010001
12 001000010001
12 001000010001
12 001000010001
12 001000010001
12 001000010001
12 001000010001

12 001000010001
12 001000010001
12 001000010001
12 001000010001
12 001000010001
12 001000010001
12 001000010001
12 001000010001
12 001000010001
12 001000010001
12 001000010001
12 001000010001
12 001000010001
12 001000010001
12 001000010001
12 001000010001

12 001000010001
12 001000010001
12 001000010001
12 001000010001
12 001000010001
12 001000010001
12 001000010001
12 001000010001
12 001000010001
12 001000010001
12 001000010001
12 001000010001
12 001000010001
12 001000010001
12 001000010001
12 001000010001

4 100010010000
4 100010010000
4 100010010000
4 100010010000
12 100010010000
12 100010010000
12 100010010000
12 100010010000
2 001000010001
2 001000010001
2 001000010001
2 001000010001
12 001000010001
12 001000010001
12 001000010001
12 001000010001

0 100010000100
0 100010000100
0 100010000100
0 100010000100
12 100010000100
12 100010000100
12 100010000100
12 100010000100
11 000010001001
11 000010001001
11 000010001001
11 000010001001
0 100010000100
0 100010000100
0 100010000100
0 100010000100

11 000010001001
11 000010001001
11 000010001001
11 000010001001
0 100010000100
0 100010000100
0 100010000100
0 100010000100
12 001000010001
12 001000010001
12 001000010001
12 001000010001
12 100010010000
12 100010010000
12 100010010000
12 100010010000

12 000100100001
12 000100100001
12 000100100001
12 000100100001
12 000100100001
12 000100100001
12 000100100001
12 000100100001
12 000010010001
12 000010010001
12 000010010001
12 000010010001
12 000010010001
12 000010010001
12 000010010001
12 000010010001

12 100001000100
12 100001000100
12 100001000100
12 100001000100
12 100001000100
12 100001000100
12 100001000100
12 100001000100
12 100010010000
12 100010010000
12 100010010000
12 100010010000
12 100010010000
12 100010010000
12 100010010000
12 100010010000

5 100010000100
12 100010000100
4 100010000100
12 100010000100
0 100010000100
4 100010000100
12 100010000100
7 100010000100
12 000010010001
7 000010010001
12 000010010001
12 000010010001
12 000010010001
12 000010010001
12 000010010001
12 000010010001

4 100010000100
2 100010000100
12 100010000100
0 100010000100
12 100010000100
11 100010000100
12 100010000100
12 100010000100
7 000010010001
12 000010010001
12 000010010001
12 000010010001
12 000010010001
12 000010010001
12 000010010001
12 000010010001

4 100010000100
12 100010000100
0 100010000100
12 100010000100
2 100010000100
4 100010000100
12 100010000100
0 100010000100
12 100001001000
8 100001001000
12 100001001000
12 100001001000
12 100001001000
12 100001001000
12 100001001000
12 100001001000

4 001000010001
12 001000010001
2 001000010001
12 001000010001
2 001000010001
0 001000010001
12 001000010001
0 001000010001
12 001000010001
9 001000010001
12 001000010001
12 001000010001
12 001000010001
12 001000010001
12 001000010001
11 001000010001

0 100010010000
0 100010010000
0 100010010000
0 100010010000
0 100010010000
0 100010010000
0 100010010000
0 100010010000
0 100010010000
0 100010010000
0 100010010000
0 100010010000
0 100010010000
0 100010010000
0 100010010000
0 100010010000

12 100010010000
12 100010010000
12 100010010000
12 100010010000
12 100010010000
12 100010010000
12 100010010000
12 100010010000
12 001001001001
12 001001001001
12 001001001001
12 001001001001
12 001001001001
12 001001001001
12 001001001001
12 001001001001

12 001000010001
12 001000010001
12 001000010001
12 001000010001
12 001000010001
12 001000010001
12 001000010001
12 001000010001
12 001000010010
12 001000010010
12 001000010010
12 001000010010
12 001000010010
12 001000010010
12 001000010010
12 001000010010

12 001000010001
12 001000010001
12 001000010001
12 001000010001
12 001000010001
12 001000010001
12 001000010001
12 001000010001
12 001000010001
12 001000010001
12 001000010001
12 001000010001
12 001000010001
12 001000010001
12 001000010001
12 001000010001

12 001000010001
12 001000010001
12 001000010001
12 001000010001
12 001000010001
12 001000010001
12 001000010001
12 001000010001
12 100010010000
12 100010010000
12 100010010000
12 100010010000
12 100010010000
12 100010010000
12 100010010000
12 100010010000

5 100010010000
5 100010010000
5 100010010000
5 100010010000
4 100010010000
4 100010010000
4 100010010000
4 100010010000
3 100010010000
3 100010010000
12 100010010000
12 100010010000
0 100010010000
0 100010010000
12 100010010000
12 100010010000

12 100010010000
12 100010010000
12 100010010000
12 100010010000
12 100010010000
12 100010010000
12 100010010000
12 100010010000
12 100010010000
12 100010010000
12 100010010000
12 100010010000
12 100010010000
12 100010010000
12 100010010000
12 100010010000

