12 100010010000
12 100010010000
12 100010010000
12 100010010000
12 100010010000
12 100010010000
12 100010010000
12 100010010000
12 001000010001
12 001000010001
12 001000010001
12 001000010001
12 001000010001
12 001000010001
12 001000010001
12 001000010001

12 100001000100
12 100001000100
12 100001000100
12 100001000100
12 100001000100
12 100001000100
12 100001000100
12 100001000100
12 100001000100
12 100001000100
12 100001000100
12 100001000100
12 100100100100
12 100100100100
12 100100100100
12 100100100100

12 100010010000
12 100010010000
12 100010010000
12 100010010000
12 100010010000
12 100010010000
12 100010010000
12 100010010000
12 001010010010
12 001010010010
12 001010010010
12 001010010010
12 010010010100
12 010010010100
12 010010010100
12 010010010100

12 100001000100
12 100001000100
12 100001000100
12 100001000100
12 100001000100
12 100001000100
12 100001000100
12 100001000100
12 001001001000
12 001001001000
12 001001001000
12 001001001000
12 001001001000
12 001001001000
12 001001001000
12 001001001000

12 100010010000
12 100010010000
12 100010010000
12 100010010000
12 100010010000
12 100010010000
12 100010010000
12 100010010000
12 100010010000
12 100010010000
12 100010010000
12 100010010000
12 100010010000
12 100010010000
12 100010010000
12 100010010000

12 100001000100
12 100001000100
12 100001000100
12 100001000100
12 100001000100
12 100001000100
12 100001000100
12 100001000100
12 100001000100
12 100001000100
12 100001000100
12 100001000100
12 100001000100
12 100001000100
12 100001000100
12 100001000100

12 100010010000
12 100010010000
12 100010010000
12 100010010000
12 100010010000
12 100010010000
12 100010010000
12 100010010000
12 100010010000
12 100010010000
12 100010010000
12 100010010000
12 100010010000
12 100010010000
12 100010010000
12 100010010000

12 100001000100
12 100001000100
12 100001000100
12 100001000100
12 100001000100
12 100001000100
12 100001000100
12 100001000100
12 100001000100
12 100001000100
12 100001000100
12 100001000100
5 100001000100
12 100001000100
12 100001000100
5 100001000100

12 100010010000
12 100010010000
12 100010010000
12 100010010000
4 100010010000
4 100010010000
2 100010010000
2 100010010000
0 100010010000
0 100010010000
12 100010010000
12 100010010000
12 100010010000
12 100010010000
12 100010010000
12 100010010000

12 100001000100
12 100001000100
12 100001000100
12 100001000100
12 100001000100
12 100001000100
12 100001000100
12 100001000100
12 100001000100
12 100001000100
12 100001000100
12 100001000100
5 100001000100
5 100001000100
7 100001000100
7 100001000100

12 100010010000
12 100010010000
12 100010010000
12 100010010000
2 100010010000
2 100010010000
4 100010010000
4 100010010000
12 100010010000
12 100010010000
12 100010010000
12 100010010000
12 100010010000
12 100010010000
12 100010010000
12 100010010000

12 100001000100
12 100001000100
12 100001000100
12 100001000100
9 100001000100
12 100001000100
12 100001000100
12 100001000100
10 001001000010
12 001001000010
12 001001000010
12 001001000010
9 100001000100
12 100001000100
12 100001000100
7 100001000100

12 100010010000
12 100010010000
12 100010010000
12 100010010000
12 100010010000
12 100010010000
12 100010010000
12 100010010000
12 100010010000
12 100010010000
12 100010010000
12 100010010000
0 100010010000
0 100010010000
9 100010010000
9 100010010000

12 101001000100
12 101001000100
12 101001000100
12 101001000100
12 101001000100
12 101001000100
12 101001000100
12 101001000100
12 101001000100
12 101001000100
12 101001000100
12 101001000100
9 101001000100
9 101001000100
9 101001000100
9 101001000100

7 100010010000
12 100010010000
4 100010010000
2 100010010000
0 100010010000
12 100010010000
12 100010010000
12 100010010000
12 100001000100
12 100001000100
12 100001000100
12 100001000100
12 100001000100
12 100001000100
12 100001000100
12 100001000100

0 100010010000
0 100010010000
0 100010010000
0 100010010000
0 100010010000
0 100010010000
0 100010010000
0 100010010000
0 100001000100
0 100001000100
0 100001000100
0 100001000100
0 100001000100
0 100001000100
0 100001000100
0 100001000100

12 100010010000
12 100010010000
12 100010010000
12 100010010000
4 100010010000
12 100010010000
12 100010010000
12 100010010000
2 100010010000
12 100010010000
12 100010010000
12 100010010000
0 100010010000
12 100010010000
12 100010010000
2 100010010000

12 001001010001
12 001001010001
12 001001010001
12 001001010001
12 001001010001
12 001001010001
12 001001010001
12 001001010001
12 001001010001
12 001001010001
12 001001010001
12 001001010001
12 001001010001
12 001001010001
7 001001010001
7 001001010001

12 001001010001
12 001001010001
12 001001010001
12 001001010001
12 001001010001
12 001001010001
7 001001010001
12 001001010001
12 001001010001
12 001001010001
4 001001010001
2 001001010001
12 001001010001
12 001001010001
0 001001010001
12 001001010001

0 100010010000
12 100010010000
12 100010010000
2 100010010000
4 100010010000
12 100010010000
12 100010010000
12 100010010000
12 100010010000
12 100010010000
12 100010010000
12 100010010000
12 100010010000
12 100010010000
12 100010010000
12 100010010000

12 100010010010
12 100010010010
12 100010010010
12 100010010010
7 100010010010
7 100010010010
12 100010010010
12 100010010010
2 100010010010
2 100010010010
4 100010010010
4 100010010010
2 100010010010
2 100010010010
12 100010010010
12 100010010010

0 100001000100
0 100001000100
12 100001000100
12 100001000100
12 100001000100
12 100001000100
12 100001000100
12 100001000100
2 001000100100
2 001000100100
12 001000100100
12 001000100100
12 001000100100
12 001000100100
2 001000100100
2 001000100100

12 001000010001
12 001000010001
12 001000010001
12 001000010001
12 001000010001
12 001000010001
12 001000010001
12 001000010001
2 100010010000
2 100010010000
4 100010010000
4 100010010000
2 001000010001
2 001000010001
12 001000010001
12 001000010001

0 100001000100
0 100001000100
0 100001000100
0 100001000100
12 100001000100
12 100001000100
12 100001000100
12 100001000100
11 100001000100
11 100001000100
11 100001000100
11 100001000100
9 100100100100
9 100100100100
9 100100100100
9 100100100100

9 100010010000
12 100010010000
12 100010010000
7 100010010000
12 100010010000
12 100010010000
12 100010010000
12 100010010000
4 010010010100
12 010010010100
12 010010010100
7 010010010100
12 010010010100
12 010010010100
12 010010010100
12 010010010100

12 100001000100
12 100001000100
12 100001000100
12 100001000100
9 100001000100
12 100001000100
0 100001000100
12 100001000100
2 001001001001
12 001001001001
12 001001001001
12 001001001001
4 001001001001
12 001001001001
12 001001001001
0 001001001001

12 100010000100
12 100010000100
12 100010000100
12 100010000100
12 100010000100
12 100010000100
12 100010000100
12 100010000100
4 100010010000
12 100010010000
12 100010010000
12 100010010000
2 001000010001
4 001000010001
2 001000010001
0 001000010001

12 100001000100
12 100001000100
0 100001000100
0 100001000100
12 100001000100
12 100001000100
12 100001000100
12 100001000100
11 100001000100
11 100001000100
12 100001000100
12 100001000100
9 100100100100
9 100100100100
12 100100100100
12 100100100100

9 100010010000
12 100010010000
12 100010010000
7 100010010000
12 100010010000
12 100010010000
12 100010010000
12 100010010000
4 010010010100
12 010010010100
12 010010010100
7 010010010100
12 010010010100
12 010010010100
12 010010010100
12 010010010100

12 100001000100
12 100001000100
12 100001000100
12 100001000100
9 100001000100
12 100001000100
0 100001000100
12 100001000100
2 001001001001
12 001001001001
12 001001001001
12 001001001001
4 001001001001
12 001001001001
12 001001001001
0 001001001001

12 100010010000
12 100010010000
12 100010010000
12 100010010000
12 100010010000
12 100010010000
12 100010010000
12 100010010000
12 100010010000
12 100010010000
12 100010010000
12 100010010000
12 100010010000
12 100010010000
12 100010010000
12 100010010000

12 100001000100
12 100001000100
12 100001000100
12 100001000100
12 100001000100
12 100001000100
12 100001000100
12 100001000100
12 100001000100
12 100001000100
12 100001000100
12 100001000100
12 100001000100
12 100001000100
12 100001000100
12 100001000100

12 100010010000
12 100010010000
12 100010010000
12 100010010000
12 100010010000
12 100010010000
12 100010010000
12 100010010000
12 100010010000
12 100010010000
12 100010010000
12 100010010000
12 100010010000
12 100010010000
12 100010010000
12 100010010000

12 100001000100
12 100001000100
12 100001000100
12 100001000100
12 100001000100
12 100001000100
12 100001000100
12 100001000100
12 100001000100
12 100001000100
12 100001000100
12 100001000100
12 100001000100
12 100001000100
12 100001000100
12 100001000100

12 100010010000
12 100010010000
12 100010010000
12 100010010000
12 100010010000
12 100010010000
12 100010010000
12 100010010000
12 100010010000
12 100010010000
12 100010010000
12 100010010000
12 100010010000
12 100010010000
12 100010010000
12 100010010000

12 100001000100
12 100001000100
12 100001000100
12 100001000100
12 100001000100
12 100001000100
12 100001000100
12 100001000100
12 100001000100
12 100001000100
12 100001000100
12 100001000100
12 100001000100
12 100001000100
5 100001000100
5 100001000100

12 100010010000
12 100010010000
4 100010010000
12 100010010000
12 100010010000
12 100010010000
12 100010010000
2 100010010000
0 100010010000
12 100010010000
12 100010010000
12 100010010000
12 100010010000
12 100010010000
12 100010010000
12 100010010000

12 100001000100
12 100001000100
12 100001000100
12 100001000100
12 100001000100
12 100001000100
12 100001000100
12 100001000100
12 100001000100
12 100001000100
12 100001000100
5 100001000100
5 100001000100
5 100001000100
7 100001000100
12 100001000100

4 100010010000
4 100010010000
4 100010010000
4 100010010000
4 100010010000
4 100010010000
4 100010010000
4 100010010000
4 100010010000
4 100010010000
4 100010010000
4 100010010000
4 100010010000
4 100010010000
4 100010010000
4 100010010000

12 100001000100
12 100001000100
12 100001000100
12 100001000100
9 100001000100
12 100001000100
12 100001000100
12 100001000100
10 001001000010
12 001001000010
12 001001000010
12 001001000010
9 100001000100
12 100001000100
12 100001000100
7 100001000100

12 100010010000
12 100010010000
12 100010010000
12 100010010000
12 100010010000
12 100010010000
12 100010010000
12 100010010000
12 100010010000
12 100010010000
12 100010010000
12 100010010000
0 100010010000
12 100010010000
12 100010010000
7 100010010000

9 101001000100
12 101001000100
12 101001000100
12 101001000100
12 101001000100
12 101001000100
12 101001000100
12 101001000100
12 101001000100
12 101001000100
12 101001000100
12 101001000100
5 101001000100
7 101001000100
12 101001000100
7 101001000100

9 100010010000
12 100010010000
7 100010010000
12 100010010000
4 100010010000
2 100010010000
12 100010010000
0 100010010000
12 100001000100
12 100001000100
12 100001000100
12 100001000100
12 100001000100
12 100001000100
12 100001000100
9 100001000100

0 100010010000
0 100010010000
0 100010010000
0 100010010000
0 100010010000
0 100010010000
0 100010010000
0 100010010000
0 100001000100
0 100001000100
0 100001000100
0 100001000100
0 100001000100
0 100001000100
0 100001000100
0 100001000100

12 100010010000
12 100010010000
12 100010010000
12 100010010000
4 100010010000
4 100010010000
4 100010010000
4 100010010000
2 100010010000
2 100010010000
2 100010010000
2 100010010000
0 100010010000
0 100010010000
0 100010010000
0 100010010000

2 001001010001
2 001001010001
12 001001010001
12 001001010001
12 001001010001
12 001001010001
12 001001010001
12 001001010001
12 001001010001
12 001001010001
12 001001010001
12 001001010001
12 001001010001
12 001001010001
7 001001010001
7 001001010001

12 001001010001
12 001001010001
12 001001010001
12 001001010001
12 001001010001
12 001001010001
7 001001010001
12 001001010001
4 001001010001
12 001001010001
2 001001010001
12 001001010001
0 001001010001
12 001001010001
2 001001010001
4 001001010001

12 100010010000
12 100010010000
12 100010010000
12 100010010000
12 100010010000
12 100010010000
12 100010010000
12 100010010000
12 100010010000
12 100010010000
12 100010010000
12 100010010000
12 100010010000
12 100010010000
12 100010010000
12 100010010000

12 100010010010
12 100010010010
12 100010010010
12 100010010010
7 100010010010
7 100010010010
12 100010010010
12 100010010010
2 100010010010
2 100010010010
4 100010010010
4 100010010010
2 100010010010
2 100010010010
12 100010010010
12 100010010010

0 100001000100
0 100001000100
12 100001000100
12 100001000100
12 100001000100
12 100001000100
12 100001000100
12 100001000100
2 001000100100
2 001000100100
12 001000100100
12 001000100100
12 001000100100
12 001000100100
2 001000100100
2 001000100100

12 001000010001
12 001000010001
12 001000010001
12 001000010001
12 001000010001
12 001000010001
12 001000010001
12 001000010001
4 100010010000
4 100010010000
4 100010010000
4 100010010000
2 001000010001
2 001000010001
2 001000010001
2 001000010001

0 100001000100
0 100001000100
0 100001000100
0 100001000100
12 100001000100
12 100001000100
12 100001000100
12 100001000100
11 100001000100
11 100001000100
11 100001000100
11 100001000100
9 100100100100
9 100100100100
9 100100100100
9 100100100100

9 100010010000
12 100010010000
12 100010010000
7 100010010000
12 100010010000
12 100010010000
12 100010010000
12 100010010000
4 010010010100
12 010010010100
12 010010010100
7 010010010100
12 010010010100
12 010010010100
12 010010010100
12 010010010100

12 100001000100
12 100001000100
12 100001000100
12 100001000100
9 100001000100
12 100001000100
0 100001000100
12 100001000100
2 001001001001
12 001001001001
12 001001001001
12 001001001001
4 001001001001
12 001001001001
12 001001001001
0 001001001001

12 100010000100
12 100010000100
12 100010000100
12 100010000100
12 100010000100
12 100010000100
12 100010000100
12 100010000100
4 100010010000
12 100010010000
12 100010010000
12 100010010000
2 001000010001
4 001000010001
2 001000010001
0 001000010001

12 100001000100
12 100001000100
0 100001000100
0 100001000100
12 100001000100
12 100001000100
12 100001000100
12 100001000100
11 100001000100
11 100001000100
12 100001000100
12 100001000100
9 100100100100
9 100100100100
12 100100100100
12 100100100100

9 100010010000
12 100010010000
12 100010010000
7 100010010000
12 100010010000
12 100010010000
12 100010010000
12 100010010000
9 010010010100
12 010010010100
12 010010010100
0 010010010100
12 010010010100
12 010010010100
12 010010010100
12 010010010100

12 100001000100
12 100001000100
12 100001000100
12 100001000100
0 100001000100
12 100001000100
2 100001000100
12 100001000100
0 001010001001
12 001010001001
12 001010001001
12 001010001001
11 001010001001
12 001010001001
12 001010001001
11 001010001001

0 100010000100
0 100010000100
0 100010000100
0 100010000100
0 100010000100
0 100010000100
0 100010000100
0 100010000100
0 100010000100
0 100010000100
0 100010000100
0 100010000100
0 100010000100
0 100010000100
0 100010000100
0 100010000100

12 101000100100
12 101000100100
12 101000100100
12 101000100100
12 101000100100
12 101000100100
12 101000100100
12 101000100100
12 101000100100
12 101000100100
12 101000100100
12 101000100100
12 101000100100
12 101000100100
12 101000100100
12 101000100100

12 100010010000
12 100010010000
12 100010010000
12 100010010000
12 100010010000
12 100010010000
12 100010010000
12 100010010000
12 001000010001
12 001000010001
12 001000010001
12 001000010001
12 001000010001
12 001000010001
12 001000010001
12 001000010001

12 100001000100
12 100001000100
12 100001000100
12 100001000100
12 100001000100
12 100001000100
12 100001000100
12 100001000100
12 100010000100
12 100010000100
12 100010000100
12 100010000100
12 100010000100
12 100010000100
12 100010000100
12 100010000100

12 100001000100
12 100001000100
12 100001000100
12 100001000100
12 100001000100
12 100001000100
12 100001000100
12 100001000100
12 100001001000
12 100001001000
12 100001001000
12 100001001000
12 100001001000
12 100001001000
12 100001001000
12 100001001000

12 100010010000
12 100010010000
12 100010010000
12 100010010000
12 100010010000
12 100010010000
12 100010010000
12 100010010000
12 100010010000
12 100010010000
12 100010010000
12 100010010000
12 100010010000
12 100010010000
12 100010010000
12 100010010000

12 100001000100
12 100001000100
12 100001000100
12 100001000100
12 100001000100
12 100001000100
12 100001000100
12 100001000100
12 100001000100
12 100001000100
12 100001000100
12 100001000100
12 100001000100
12 100001000100
12 100001000100
12 100001000100

12 100010010000
12 100010010000
12 100010010000
12 100010010000
12 100010010000
12 100010010000
12 100010010000
12 100010010000
12 100010010000
12 100010010000
12 100010010000
12 100010010000
12 100010010000
12 100010010000
12 100010010000
12 100010010000

12 100001000100
12 100001000100
12 100001000100
12 100001000100
12 100001000100
12 100001000100
12 100001000100
12 100001000100
12 100001000100
12 100001000100
12 100001000100
12 100001000100
12 100001000100
12 100001000100
12 100001000100
12 100001000100

12 100010010000
12 100010010000
12 100010010000
12 100010010000
12 100010010000
12 100010010000
12 100010010000
12 100010010000
12 100010010000
12 100010010000
12 100010010000
12 100010010000
12 100010010000
12 100010010000
12 100010010000
12 100010010000

12 100001000100
12 100001000100
12 100001000100
12 100001000100
12 100001000100
12 100001000100
12 100001000100
12 100001000100
12 100001000100
12 100001000100
12 100001000100
12 100001000100
5 100001000100
5 100001000100
5 100001000100
5 100001000100

12 100010010000
12 100010010000
4 100010010000
12 100010010000
12 100010010000
12 100010010000
2 100010010000
0 100010010000
12 100010010000
12 100010010000
12 100010010000
12 100010010000
12 100010010000
12 100010010000
12 100010010000
12 100010010000

12 100001000100
12 100001000100
12 100001000100
12 100001000100
12 100001000100
12 100001000100
12 100001000100
12 100001000100
12 100001000100
12 100001000100
12 100001000100
12 100001000100
5 100001000100
5 100001000100
5 100001000100
5 100001000100

7 100010010000
7 100010010000
7 100010010000
7 100010010000
4 100010010000
4 100010010000
4 100010010000
4 100010010000
12 100010010000
12 100010010000
12 100010010000
12 100010010000
12 100010010000
12 100010010000
12 100010010000
12 100010010000

12 100001000100
12 100001000100
12 100001000100
12 100001000100
9 100001000100
9 100001000100
9 100001000100
9 100001000100
10 001001000010
10 001001000010
10 001001000010
10 001001000010
9 100001000100
9 100001000100
9 100001000100
9 100001000100

7 100010010000
12 100010010000
12 100010010000
12 100010010000
12 100010010000
12 100010010000
12 100010010000
12 100010010000
12 100010010000
12 100010010000
12 100010010000
12 100010010000
0 100010010000
12 100010010000
12 100010010000
7 100010010000

9 101001000100
9 101001000100
12 101001000100
12 101001000100
12 101001000100
12 101001000100
12 101001000100
12 101001000100
12 101001000100
12 101001000100
12 101001000100
12 101001000100
9 101001000100
9 101001000100
9 101001000100
9 101001000100

7 100010010000
12 100010010000
12 100010010000
9 100010010000
7 100010010000
12 100010010000
12 100010010000
4 100010010000
2 100001000100
0 100001000100
12 100001000100
12 100001000100
12 100001000100
12 100001000100
12 100001000100
12 100001000100

12 100010010000
12 100010010000
12 100010010000
12 100010010000
12 100010010000
12 100010010000
12 100010010000
12 100010010000
12 100001000100
12 100001000100
12 100001000100
12 100001000100
12 100001000100
12 100001000100
12 100001000100
12 100001000100

12 100010010000
12 100010010000
12 100010010000
12 100010010000
4 100010010000
4 100010010000
4 100010010000
4 100010010000
2 100010010000
2 100010010000
2 100010010000
2 100010010000
0 100010010000
0 100010010000
0 100010010000
0 100010010000

2 001001010001
2 001001010001
12 001001010001
12 001001010001
12 001001010001
12 001001010001
12 001001010001
12 001001010001
12 001001010001
12 001001010001
12 001001010001
12 001001010001
12 001001010001
12 001001010001
7 001001010001
7 001001010001

12 001001010001
12 001001010001
12 001001010001
12 001001010001
12 001001010001
12 001001010001
12 001001010001
12 001001010001
12 001001010001
12 001001010001
7 001001010001
7 001001010001
12 001001010001
12 001001010001
7 001001010001
7 001001010001

7 100010010000
7 100010010000
12 100010010000
12 100010010000
5 100010010000
5 100010010000
4 100010010000
4 100010010000
12 100010010000
12 100010010000
12 100010010000
12 100010010000
12 100010010000
12 100010010000
12 100010010000
12 100010010000

12 100010010010
12 100010010010
12 100010010010
12 100010010010
7 100010010010
12 100010010010
12 100010010010
12 100010010010
2 100010010010
4 100010010010
12 100010010010
12 100010010010
2 100010010010
12 100010010010
12 100010010010
12 100010010010

0 100001000100
0 100001000100
12 100001000100
12 100001000100
12 100001000100
12 100001000100
12 100001000100
12 100001000100
2 001000100100
2 001000100100
12 001000100100
12 001000100100
12 001000100100
12 001000100100
2 001000100100
2 001000100100

12 001000010001
12 001000010001
12 001000010001
12 001000010001
12 001000010001
12 001000010001
12 001000010001
12 001000010001
4 100010010000
4 100010010000
4 100010010000
4 100010010000
2 001000010001
2 001000010001
2 001000010001
2 001000010001

0 100001000100
0 100001000100
0 100001000100
0 100001000100
12 100001000100
12 100001000100
12 100001000100
12 100001000100
11 100001000100
11 100001000100
11 100001000100
11 100001000100
9 100100100100
9 100100100100
9 100100100100
9 100100100100

9 100010010000
12 100010010000
12 100010010000
7 100010010000
12 100010010000
12 100010010000
12 100010010000
12 100010010000
9 010010010100
12 010010010100
12 010010010100
0 010010010100
12 010010010100
12 010010010100
12 010010010100
12 010010010100

12 100001000100
12 100001000100
12 100001000100
12 100001000100
0 100001000100
12 100001000100
2 100001000100
12 100001000100
0 001001001001
12 001001001001
12 001001001001
12 001001001001
11 001001001001
12 001001001001
12 001001001001
0 001001001001

12 100010000100
12 100010000100
12 100010000100
12 100010000100
12 100010000100
12 100010000100
12 100010000100
12 100010000100
4 100010010000
4 100010010000
4 100010010000
4 100010010000
2 001000010001
2 001000010001
2 001000010001
2 001000010001

5 100001000100
5 100001000100
5 100001000100
5 100001000100
12 100001000100
12 100001000100
12 100001000100
12 100001000100
4 100001000100
4 100001000100
4 100001000100
4 100001000100
2 100100100100
2 100100100100
2 100100100100
2 100100100100

4 100010010000
12 100010010000
12 100010010000
5 100010010000
12 100010010000
12 100010010000
4 100010010000
12 100010010000
2 010010010100
12 010010010100
12 010010010100
0 010010010100
12 010010010100
12 010010010100
12 010010010100
12 010010010100

12 100001000100
12 100001000100
12 100001000100
12 100001000100
5 100001000100
5 100001000100
5 100001000100
5 100001000100
4 001010001001
4 001010001001
12 001010001001
12 001010001001
2 001010001001
2 001010001001
2 001010001001
2 001010001001

4 100010000100
4 100010000100
4 100010000100
4 100010000100
4 100010000100
4 100010000100
4 100010000100
4 100010000100
4 100010000100
4 100010000100
4 100010000100
4 100010000100
4 100010000100
4 100010000100
4 100010000100
4 100010000100

12 101000100100
12 101000100100
12 101000100100
12 101000100100
12 101000100100
12 101000100100
12 101000100100
12 101000100100
12 101000100100
12 101000100100
12 101000100100
12 101000100100
2 101000100100
4 101000100100
12 101000100100
12 101000100100

2 100010010000
0 100010010000
12 100010010000
12 100010010000
12 100010010000
12 100010010000
12 100010010000
12 100010010000
12 001000010001
12 001000010001
12 001000010001
12 001000010001
12 001000010001
12 001000010001
12 001000010001
12 001000010001

12 100001000100
12 100001000100
12 100001000100
12 100001000100
12 100001000100
12 100001000100
12 100001000100
12 100001000100
12 100010000100
12 100010000100
12 100010000100
12 100010000100
12 100010000100
12 100010000100
12 100010000100
12 100010000100

12 100001000100
12 100001000100
12 100001000100
12 100001000100
12 100001000100
12 100001000100
12 100001000100
12 100001000100
12 100001001000
12 100001001000
12 100001001000
12 100001001000
12 100001001000
12 100001001000
12 100001001000
12 100001001000

12 100010010000
12 100010010000
12 100010010000
12 100010010000
12 100010010000
12 100010010000
12 100010010000
12 100010010000
12 100010010000
12 100010010000
12 100010010000
12 100010010000
12 100010010000
12 100010010000
12 100010010000
12 100010010000

