12 100010010000
12 100010010000
12 100010010000
12 100010010000
12 100010010000
12 100010010000
12 100010010000
12 100010010000
12 100010010000
12 100010010000
12 100010010000
12 100010010000
12 100010010000
12 100010010000
12 100010010000
12 100010010000

12 100001000100
12 100001000100
12 100001000100
12 100001000100
12 100001000100
12 100001000100
12 100001000100
12 100001000100
12 100001000100
12 100001000100
12 100001000100
12 100001000100
12 100001000100
12 100001000100
12 100001000100
12 100001000100

12 100001000100
12 100001000100
12 100001000100
12 100001000100
12 100001000100
12 100001000100
12 100001000100
12 100001000100
12 000010010001
12 000010010001
12 000010010001
12 000010010001
12 000010010001
12 000010010001
12 000010010001
12 000010010001

12 001001000100
12 001001000100
12 001001000100
12 001001000100
12 001001000100
12 001001000100
12 001001000100
12 001001000100
12 001000010001
12 001000010001
12 001000010001
12 001000010001
12 001000010001
12 001000010001
12 001000010001
12 001000010001

12 100010010000
12 100010010000
12 100010010000
2 100010010000
4 100010010000
12 100010010000
12 100010010000
7 100010010000
12 100010010000
12 100010010000
12 100010010000
12 100010010000
12 001000010010
12 001000010010
12 001000010010
12 001000010010

12 010010010100
12 010010010100
9 010010010100
12 010010010100
12 010010010100
12 010010010100
1 010010010100
12 010010010100
12 010010010100
4 010010010100
12 010010010100
12 010010010100
9 010010010100
12 010010010100
7 010010010100
9 010010010100

12 001001000100
12 001001000100
12 001001000100
4 001001000100
12 001001000100
5 001001000100
12 001001000100
12 001001000100
12 001001000100
7 001001000100
12 001001000100
12 001001000100
9 001001000100
12 001001000100
12 001001000100
12 001001000100

12 001001000100
12 001001000100
12 001001000100
12 001001000100
12 001001000100
12 001001000100
12 001001000100
12 001001000100
12 001001000100
12 001001000100
12 001001000100
12 001001000100
7 001001000100
7 001001000100
9 001001000100
7 001001000100

9 001000010001
9 001000010001
12 001000010001
11 001000010001
12 001000010001
12 001000010001
12 001000010001
12 001000010001
12 001000010001
12 001000010001
12 001000010001
12 001000010001
12 001000010001
12 001000010001
12 001000010001
12 001000010001

7 001000010001
7 001000010001
12 001000010001
11 001000010001
12 001000010001
12 001000010001
2 001000010001
12 001000010001
0 100100100100
0 100100100100
12 100100100100
9 100100100100
11 100100100100
11 100100100100
12 100100100100
9 100100100100

12 100010010000
12 100010010000
12 100010010000
9 100010010000
7 100010010000
12 100010010000
9 100010010000
12 100010010000
7 010010010000
12 010010010000
12 010010010000
12 010010010000
12 010010010000
12 010010010000
12 010010010000
12 010010010000

12 001001000100
12 001001000100
12 001001000100
12 001001000100
12 001001000100
12 001001000100
12 001001000100
12 001001000100
12 001000010001
12 001000010001
12 001000010001
12 001000010001
12 001000010001
12 001000010001
12 001000010001
12 001000010001

12 100010010000
12 100010010000
12 100010010000
12 100010010000
2 100010010000
4 100010010000
12 100010010000
12 100010010000
4 100010010000
7 100010010000
12 100010010000
12 100010010000
12 001000010010
12 001000010010
12 001000010010
12 001000010010

9 010010010100
12 010010010100
12 010010010100
12 010010010100
1 010010010100
12 010010010100
12 010010010100
12 010010010100
12 010010010100
12 010010010100
4 010010010100
12 010010010100
7 010010010100
12 010010010100
12 010010010100
9 010010010100

4 001001000100
12 001001000100
12 001001000100
12 001001000100
5 001001000100
12 001001000100
12 001001000100
9 001001000100
12 001001000100
12 001001000100
12 001001000100
12 001001000100
12 001001000100
12 001001000100
12 001001000100
12 001001000100

12 001001000100
12 001001000100
12 001001000100
12 001001000100
12 001001000100
12 001001000100
12 001001000100
12 001001000100
12 001001000100
12 001001000100
7 001001000100
12 001001000100
12 001001000100
9 001001000100
7 001001000100
12 001001000100

12 001000010001
12 001000010001
9 001000010001
12 001000010001
11 001000010001
11 001000010001
12 001000010001
12 001000010001
12 001000010001
12 001000010001
12 001000010001
12 001000010001
12 001000010001
12 001000010001
12 001000010001
7 001000010001

7 001000010001
12 001000010001
12 001000010001
12 001000010001
11 001000010001
12 001000010001
12 001000010001
12 001000010001
12 001000010001
2 001000010001
12 001000010001
12 001000010001
5 001000010001
12 001000010001
12 001000010001
12 001000010001

2 100010010000
2 100010010000
2 100010010000
0 100010010000
12 100010010000
12 100010010000
12 100010010000
12 100010010000
12 101001000100
12 101001000100
12 101001000100
12 101001000100
12 101001000100
12 101001000100
12 101001000100
12 101001000100

12 100100100100
12 100100100100
12 100100100100
12 100100100100
12 100100100100
12 100100100100
12 100100100100
12 100100100100
12 100010010010
12 100010010010
12 100010010010
12 100010010010
12 100010010010
12 100010010010
12 100010010010
11 100010010010

0 100001000100
0 100001000100
12 100001000100
9 100001000100
12 100001000100
12 100001000100
12 100001000100
12 100001000100
12 100001000100
12 100001000100
12 100001000100
12 100001000100
12 100001000100
12 100001000100
12 100001000100
12 100001000100

11 100001000100
12 100001000100
0 100001000100
12 100001000100
12 100001000100
12 100001000100
12 100001000100
12 100001000100
12 100100100100
5 100100100100
12 100100100100
12 100100100100
9 100100100100
12 100100100100
12 100100100100
0 100100100100

9 100010010000
12 100010010000
12 100010010000
0 100010010000
12 100010010000
12 100010010000
7 100010010000
12 100010010000
12 100010010000
12 100010010000
12 100010010000
12 100010010000
12 100010010000
12 100010010000
12 100010010000
12 100010010000

12 100010010000
12 100010010000
12 100010010000
12 100010010000
12 100010010000
12 100010010000
12 100010010000
12 100010010000
12 100010010000
12 100010010000
12 100010010000
12 100010010000
12 100010010000
12 100010010000
12 100010010000
12 100010010000

0 101000100100
0 101000100100
12 101000100100
12 101000100100
9 101000100100
9 101000100100
12 101000100100
12 101000100100
12 101000100100
12 101000100100
12 101000100100
12 101000100100
12 101000100100
12 101000100100
12 101000100100
12 101000100100

0 101000100100
12 101000100100
2 101000100100
12 101000100100
12 101000100100
12 101000100100
12 101000100100
12 101000100100
12 101000100100
12 101000100100
6 101000100100
12 101000100100
9 101000100100
12 101000100100
12 101000100100
11 101000100100

9 001001010001
12 001001010001
12 001001010001
11 001001010001
12 001001010001
12 001001010001
12 001001010001
12 001001010001
12 001001010001
12 001001010001
12 001001010001
12 001001010001
12 001001010001
12 001001010001
9 001001010001
12 001001010001

11 001001010001
9 001001010001
12 001001010001
12 001001010001
12 001001010001
12 001001010001
12 001001010001
12 001001010001
12 001001010001
12 001001010001
12 001001010001
12 001001010001
7 001001010001
12 001001010001
12 001001010001
12 001001010001

12 100010010000
12 100010010000
12 100010010000
12 100010010000
2 100010010000
4 100010010000
12 100010010000
7 100010010000
12 100010010000
12 100010010000
12 100010010000
12 100010010000
12 001000010010
12 001000010010
12 001000010010
12 001000010010

9 010010010100
12 010010010100
1 010010010100
12 010010010100
12 010010010100
12 010010010100
12 010010010100
12 010010010100
12 010010010100
12 010010010100
4 010010010100
12 010010010100
12 010010010100
7 010010010100
12 010010010100
9 010010010100

12 001001000100
12 001001000100
4 001001000100
5 001001000100
12 001001000100
12 001001000100
7 001001000100
9 001001000100
12 001001000100
12 001001000100
12 001001000100
12 001001000100
12 001001000100
12 001001000100
12 001001000100
12 001001000100

12 001001000100
12 001001000100
12 001001000100
12 001001000100
12 001001000100
12 001001000100
12 001001000100
12 001001000100
7 001001000100
7 001001000100
12 001001000100
12 001001000100
9 001001000100
9 001001000100
12 001001000100
12 001001000100

0 100001000100
12 100001000100
12 100001000100
12 100001000100
12 100001000100
9 100001000100
12 100001000100
12 100001000100
12 000010010001
12 000010010001
5 000010010001
12 000010010001
11 000010010001
12 000010010001
7 000010010001
12 000010010001

12 001001000100
12 001001000100
12 001001000100
7 001001000100
12 001001000100
9 001001000100
12 001001000100
12 001001000100
12 010010010010
5 010010010010
12 010010010010
2 010010010010
12 010010010010
7 010010010010
12 010010010010
4 010010010010

12 001001000100
4 001001000100
12 001001000100
12 001001000100
5 001001000100
12 001001000100
12 001001000100
12 001001000100
8 001000010001
12 001000010001
12 001000010001
9 001000010001
12 001000010001
12 001000010001
12 001000010001
4 001000010001

4 100010010000
4 100010010000
0 100010010000
12 100010010000
12 100010010000
12 100010010000
12 100010010000
12 100010010000
12 001001010001
12 001001010001
12 001001010001
12 001001010001
12 001001010001
12 001001010001
12 001001010001
12 001001010001

12 100010010000
12 100010010000
2 100010010000
4 100010010000
12 100010010000
12 100010010000
7 100010010000
12 100010010000
12 100010010000
12 100010010000
12 100010010000
12 100010010000
12 001000010010
12 001000010010
12 001000010010
12 001000010010

9 010010010100
12 010010010100
12 010010010100
1 010010010100
12 010010010100
12 010010010100
12 010010010100
12 010010010100
12 010010010100
4 010010010100
12 010010010100
12 010010010100
7 010010010100
12 010010010100
9 010010010100
12 010010010100

12 001001000100
12 001001000100
4 001001000100
12 001001000100
5 001001000100
12 001001000100
7 001001000100
12 001001000100
12 001001000100
9 001001000100
12 001001000100
12 001001000100
12 001001000100
12 001001000100
12 001001000100
12 001001000100

12 001001000100
12 001001000100
12 001001000100
12 001001000100
12 001001000100
12 001001000100
12 001001000100
12 001001000100
12 001001000100
12 001001000100
12 001001000100
12 001001000100
8 001001000100
8 001001000100
9 001001000100
12 001001000100

0 100001000100
12 100001000100
12 100001000100
12 100001000100
9 100001000100
12 100001000100
12 100001000100
12 100001000100
12 000010010001
5 000010010001
12 000010010001
12 000010010001
11 000010010001
12 000010010001
7 000010010001
12 000010010001

12 001001000100
12 001001000100
12 001001000100
7 001001000100
12 001001000100
12 001001000100
9 001001000100
12 001001000100
12 010010010010
5 010010010010
12 010010010010
2 010010010010
12 010010010010
7 010010010010
12 010010010010
4 010010010010

12 001001000100
4 001001000100
12 001001000100
12 001001000100
5 001001000100
12 001001000100
8 001000010001
12 001000010001
12 001000010001
9 001000010001
12 001000010001
12 001000010001
4 001000010001
12 001000010001
11 001000010001
12 001000010001

12 100010010000
12 100010010000
12 100010010000
12 100010010000
12 100010010000
12 100010010000
12 100010010000
12 100010010000
12 100010010000
12 100010010000
12 100010010000
12 100010010000
12 100010010000
12 100010010000
12 100010010000
12 100010010000

12 100011000100
12 100011000100
12 100011000100
12 100011000100
12 100011000100
12 100011000100
12 100011000100
12 100011000100
12 100011000100
12 100011000100
12 100011000100
12 100011000100
12 100011000100
12 100011000100
12 100011000100
12 100011000100

12 100010010000
12 100010010000
12 100010010000
12 100010010000
12 100010010000
12 100010010000
12 100010010000
12 100010010000
12 100010010000
12 100010010000
12 100010010000
12 100010010000
12 100010010000
12 100010010000
12 100010010000
12 100010010000

