12 100010010000
12 100010010000
12 100010010000
12 100010010000
12 100010010000
12 100010010000
12 100010010000
12 100010010000
12 100010010000
12 100010010000
12 100010010000
12 100010010000
12 100010010000
12 100010010000
12 100010010000
12 100010010000

12 100001000100
12 100001000100
12 100001000100
12 100001000100
12 100001000100
12 100001000100
12 100001000100
12 100001000100
12 100001000100
12 100001000100
12 100001000100
12 100001000100
12 100001000100
12 100001000100
12 100001000100
12 100001000100

12 100010010000
12 100010010000
12 100010010000
12 100010010000
12 100010010000
12 100010010000
12 100010010000
12 100010010000
12 100010010000
12 100010010000
12 100010010000
12 100010010000
12 100010010000
12 100010010000
12 100010010000
12 100010010000

12 100001000100
12 100001000100
12 100001000100
12 100001000100
12 100001000100
12 100001000100
12 100001000100
12 100001000100
12 100001000100
12 100001000100
12 100001000100
12 100001000100
12 100001000100
12 100001000100
12 100001000100
12 100001000100

12 100010010000
12 100010010000
12 100010010000
12 100010010000
12 100010010000
12 100010010000
12 100010010000
12 100010010000
12 100010010000
12 100010010000
12 100010010000
12 100010010000
12 100010010000
12 100010010000
12 100010010000
12 100010010000

12 100001000100
12 100001000100
12 100001000100
12 100001000100
12 100001000100
12 100001000100
12 100001000100
12 100001000100
12 100001000100
12 100001000100
12 100001000100
12 100001000100
12 100001000100
12 100001000100
12 100001000100
12 100001000100

12 100010010000
12 100010010000
12 100010010000
12 100010010000
12 100010010000
12 100010010000
12 100010010000
12 100010010000
12 100010010000
12 100010010000
12 100010010000
12 100010010000
2 001000010001
2 001000010001
2 001000010001
2 001000010001

4 100001000100
2 100001000100
0 100001000100
12 100001000100
12 100001000100
12 100001000100
12 100001000100
12 100001000100
12 100010010000
12 100010010000
12 100010010000
12 100010010000
12 100010010000
0 100010010000
12 100010010000
12 100010010000

4 001000010001
4 001000010001
2 001000010001
2 001000010001
2 001000010001
2 001000010001
2 001000010001
2 001000010001
12 001000010001
12 001000010001
12 001000010001
12 001000010001
12 001000010001
12 001000010001
12 001000010001
12 001000010001

4 000010001001
4 000010001001
2 000010001001
2 000010001001
2 000010001001
2 000010001001
2 000010001001
2 000010001001
12 000010001001
12 000010001001
4 000010001001
4 000010001001
12 000010001001
12 000010001001
12 000010001001
12 000010001001

0 100010000100
12 100010000100
12 100010000100
2 100010000100
12 100010000100
12 100010000100
11 100010000100
12 100010000100
0 100010000100
12 100010000100
12 100010000100
2 100010000100
12 100010000100
12 100010000100
11 100010000100
12 100010000100

0 101000100100
12 101000100100
11 101000100100
12 101000100100
9 101000100100
12 101000100100
12 101000100100
12 101000100100
12 101000100100
12 101000100100
12 101000100100
12 101000100100
12 101000100100
12 101000100100
12 101000100100
12 101000100100

11 100001000100
12 100001000100
12 100001000100
0 100001000100
12 100001000100
12 100001000100
0 100001000100
12 100001000100
12 100001000100
12 100001000100
12 100001000100
12 100001000100
12 100001000100
12 100001000100
12 100001000100
12 100001000100

11 101001000100
12 101001000100
12 101001000100
0 101001000100
12 101001000100
12 101001000100
0 101001000100
12 101001000100
12 101001000100
12 101001000100
12 101001000100
12 101001000100
2 101001000100
0 101001000100
12 101001000100
0 101001000100

11 100010010000
12 100010010000
12 100010010000
0 100010010000
12 100010010000
12 100010010000
0 100010010000
12 100010010000
12 100010010000
12 100010010000
12 100010010000
12 100010010000
12 100010010000
12 100010010000
12 100010010000
12 100010010000

12 100001000100
12 100001000100
12 100001000100
12 100001000100
12 100001000100
12 100001000100
12 100001000100
12 100001000100
12 100001000100
12 100001000100
12 100001000100
12 100001000100
12 100001000100
12 100001000100
12 100001000100
12 100001000100

12 100010010000
12 100010010000
12 100010010000
12 100010010000
12 100010010000
12 100010010000
12 100010010000
12 100010010000
12 100001000100
12 100001000100
12 100001000100
12 100001000100
12 100001000100
12 100001000100
12 100001000100
12 100001000100

12 100010010000
12 100010010000
12 100010010000
12 100010010000
12 100010010000
12 100010010000
12 100010010000
12 100010010000
12 100001000100
12 100001000100
12 100001000100
12 100001000100
12 100001000100
12 100001000100
12 100001000100
12 100001000100

4 100010010000
12 100010010000
7 100010010000
7 100010010000
12 100010010000
7 100010010000
12 100010010000
7 100010010000
7 100010010000
12 100010010000
7 100010010000
12 100010010000
7 100010010000
9 100010010000
12 100010010000
12 100010010000

12 100001000100
12 100001000100
12 100001000100
12 100001000100
12 100001000100
12 100001000100
12 100001000100
12 100001000100
12 100001000100
12 100001000100
12 100001000100
12 100001000100
12 100001000100
12 100001000100
12 100001000100
12 100001000100

4 100010010000
12 100010010000
7 100010010000
7 100010010000
12 100010010000
7 100010010000
12 100010010000
7 100010010000
7 100010010000
12 100010010000
7 100010010000
12 100010010000
2 100010010000
12 100010010000
4 100010010000
12 100010010000

12 100010000100
12 100010000100
12 100010000100
12 100010000100
12 100010000100
12 100010000100
12 100010000100
12 100010000100
12 100010000100
12 100010000100
12 100010000100
4 100010000100
12 100010000100
2 100010000100
0 100010000100
12 100010000100

2 001001010001
12 001001010001
2 001001010001
2 001001010001
12 001001010001
2 001001010001
2 001001010001
12 001001010001
4 100010010000
12 100010010000
4 100010010000
12 100010010000
12 100010010000
12 100010010000
12 100010010000
12 100010010000

2 001001010001
12 001001010001
2 001001010001
2 001001010001
12 001001010001
2 001001010001
2 001001010001
4 001001010001
12 100010010000
12 100010010000
12 100010010000
12 100010010000
2 100010010000
0 100010010000
12 100010010000
11 100010010000

7 001000010001
12 001000010001
12 001000010001
9 001000010001
12 001000010001
12 001000010001
9 001000010001
12 001000010001
12 100010000100
12 100010000100
12 100010000100
12 100010000100
12 100010000100
12 100010000100
12 100010000100
12 100010000100

12 100010000100
12 100010000100
12 100010000100
12 100010000100
12 100010000100
12 100010000100
12 100010000100
12 100010000100
12 100010000100
12 100010000100
12 100010000100
12 100010000100
12 100010000100
12 100010000100
12 100010000100
12 100010000100

4 100010010000
12 100010010000
7 100010010000
7 100010010000
12 100010010000
7 100010010000
7 100010010000
12 100010010000
7 100010010000
12 100010010000
0 100010010000
12 100010010000
12 100010010000
12 100010010000
7 100010010000
12 100010010000

9 100001000100
9 100001000100
9 100001000100
9 100001000100
9 100001000100
9 100001000100
9 100001000100
9 100001000100
9 100001000100
9 100001000100
9 100001000100
9 100001000100
9 100001000100
9 100001000100
9 100001000100
9 100001000100

4 100010010000
12 100010010000
7 100010010000
7 100010010000
12 100010010000
7 100010010000
12 100010010000
7 100010010000
7 100010010000
12 100010010000
7 100010010000
12 100010010000
12 100010010000
12 100010010000
12 100010010000
12 100010010000

2 100010000100
2 100010000100
2 100010000100
2 100010000100
3 100010000100
3 100010000100
3 100010000100
3 100010000100
4 100010000100
4 100010000100
4 100010000100
4 100010000100
12 100010000100
12 100010000100
12 100010000100
12 100010000100

2 001001010001
12 001001010001
2 001001010001
2 001001010001
12 001001010001
2 001001010001
2 001001010001
12 001001010001
4 100010010000
12 100010010000
4 100010010000
12 100010010000
12 100010010000
12 100010010000
12 100010010000
12 100010010000

2 001001010001
12 001001010001
2 001001010001
2 001001010001
12 001001010001
12 001001010001
3 001001010001
12 001001010001
4 100010010000
12 100010010000
12 100010010000
12 100010010000
2 100010010000
0 100010010000
12 100010010000
11 100010010000

7 001000010001
12 001000010001
12 001000010001
9 001000010001
12 001000010001
12 001000010001
9 001000010001
12 001000010001
12 100010000100
12 100010000100
12 100010000100
12 100010000100
12 100010000100
12 100010000100
12 100010000100
12 100010000100

12 100010000100
12 100010000100
12 100010000100
12 100010000100
12 100010000100
12 100010000100
12 100010000100
12 100010000100
0 100010000100
12 100010000100
12 100010000100
2 100010000100
12 100010000100
12 100010000100
4 100010000100
12 100010000100

4 001001000100
12 001001000100
12 001001000100
12 001001000100
12 001001000100
12 001001000100
5 001001000100
12 001001000100
12 001001000100
12 001001000100
12 001001000100
12 001001000100
5 001001000100
12 001001000100
12 001001000100
12 001001000100

2 001000010001
12 001000010001
12 001000010001
12 001000010001
12 001000010001
12 001000010001
12 001000010001
12 001000010001
7 001000010001
12 001000010001
12 001000010001
9 001000010001
12 001000010001
12 001000010001
11 001000010001
12 001000010001

11 100010010000
12 100010010000
12 100010010000
0 100010010000
12 100010010000
12 100010010000
0 100010010000
12 100010010000
12 100010010000
12 100010010000
12 100010010000
12 100010010000
12 100010010000
12 100010010000
12 100010010000
12 100010010000

11 100001000100
12 100001000100
12 100001000100
0 100001000100
12 100001000100
12 100001000100
0 100001000100
12 100001000100
12 100001000100
12 100001000100
2 100001000100
12 100001000100
12 100001000100
12 100001000100
0 100001000100
12 100001000100

11 100010010000
12 100010010000
12 100010010000
0 100010010000
12 100010010000
12 100010010000
0 100010010000
12 100010010000
12 100010010000
12 100010010000
12 100010010000
12 100010010000
12 100010010000
12 100010010000
12 100010010000
12 100010010000

12 100001000100
12 100001000100
12 100001000100
12 100001000100
12 100001000100
12 100001000100
12 100001000100
12 100001000100
12 100001000100
12 100001000100
12 100001000100
12 100001000100
12 100001000100
12 100001000100
12 100001000100
12 100001000100

11 100010010000
12 100010010000
12 100010010000
0 100010010000
12 100010010000
12 100010010000
0 100010010000
12 100010010000
12 100010010000
12 100010010000
12 100010010000
12 100010010000
12 100010010000
12 100010010000
12 100010010000
12 100010010000

11 100001000100
11 100001000100
12 100001000100
12 100001000100
0 100001000100
0 100001000100
0 100001000100
0 100001000100
12 100001000100
12 100001000100
2 100001000100
2 100001000100
12 100001000100
12 100001000100
0 100001000100
0 100001000100

2 100010010000
2 100010010000
12 100010010000
12 100010010000
4 100010010000
4 100010010000
4 100010010000
4 100010010000
12 100010010000
12 100010010000
12 100010010000
12 100010010000
2 001000010001
2 001000010001
12 001000010001
12 001000010001

4 100001000100
2 100001000100
0 100001000100
12 100001000100
12 100001000100
12 100001000100
12 100001000100
12 100001000100
12 100010010000
12 100010010000
12 100010010000
12 100010010000
12 100010010000
12 100010010000
12 100010010000
12 100010010000

4 001000010001
4 001000010001
2 001000010001
2 001000010001
2 001000010001
2 001000010001
2 001000010001
2 001000010001
12 001000010001
12 001000010001
12 001000010001
12 001000010001
12 001000010001
12 001000010001
12 001000010001
12 001000010001

4 000010001001
4 000010001001
2 000010001001
2 000010001001
2 000010001001
2 000010001001
2 000010001001
2 000010001001
12 000010001001
12 000010001001
4 000010001001
4 000010001001
12 000010001001
12 000010001001
12 000010001001
12 000010001001

0 100010000100
12 100010000100
12 100010000100
2 100010000100
12 100010000100
12 100010000100
11 100010000100
12 100010000100
0 100010000100
12 100010000100
12 100010000100
2 100010000100
12 100010000100
12 100010000100
11 100010000100
12 100010000100

0 101000100100
12 101000100100
11 101000100100
12 101000100100
9 101000100100
12 101000100100
12 101000100100
12 101000100100
12 101000100100
12 101000100100
12 101000100100
12 101000100100
12 101000100100
12 101000100100
12 101000100100
12 101000100100

11 100001000100
12 100001000100
12 100001000100
0 100001000100
12 100001000100
12 100001000100
0 100001000100
12 100001000100
12 100001000100
12 100001000100
12 100001000100
12 100001000100
12 100001000100
12 100001000100
12 100001000100
12 100001000100

11 101001000100
12 101001000100
12 101001000100
0 101001000100
12 101001000100
12 101001000100
0 101001000100
12 101001000100
12 101001000100
12 101001000100
12 101001000100
12 101001000100
2 101001000100
0 101001000100
12 101001000100
0 101001000100

11 100010010000
12 100010010000
12 100010010000
0 100010010000
12 100010010000
12 100010010000
0 100010010000
12 100010010000
12 100010010000
12 100010010000
12 100010010000
12 100010010000
12 100010010000
12 100010010000
12 100010010000
12 100010010000

12 100001000100
12 100001000100
12 100001000100
12 100001000100
12 100001000100
12 100001000100
12 100001000100
12 100001000100
12 100001000100
12 100001000100
12 100001000100
12 100001000100
12 100001000100
12 100001000100
12 100001000100
12 100001000100

12 100010010000
12 100010010000
12 100010010000
12 100010010000
12 100010010000
12 100010010000
12 100010010000
12 100010010000
12 100010010000
12 100010010000
12 100010010000
12 100010010000
12 100010010000
12 100010010000
12 100010010000
12 100010010000

12 100001000100
12 100001000100
12 100001000100
12 100001000100
12 100001000100
12 100001000100
12 100001000100
12 100001000100
12 100001000100
12 100001000100
12 100001000100
12 100001000100
12 100001000100
12 100001000100
12 100001000100
12 100001000100

12 100010010000
12 100010010000
12 100010010000
12 100010010000
12 100010010000
12 100010010000
12 100010010000
12 100010010000
12 100001000100
12 100001000100
12 100001000100
12 100001000100
12 100001000100
12 100001000100
12 100001000100
12 100001000100

12 100010010000
12 100010010000
12 100010010000
12 100010010000
12 100010010000
12 100010010000
12 100010010000
12 100010010000
12 100001000100
12 100001000100
12 100001000100
12 100001000100
12 100001000100
12 100001000100
12 100001000100
12 100001000100

4 100010010000
12 100010010000
7 100010010000
7 100010010000
12 100010010000
7 100010010000
12 100010010000
12 100010010000
7 100010010000
12 100010010000
7 100010010000
12 100010010000
7 100010010000
9 100010010000
12 100010010000
12 100010010000

12 100001000100
12 100001000100
12 100001000100
12 100001000100
12 100001000100
12 100001000100
12 100001000100
12 100001000100
12 100001000100
12 100001000100
12 100001000100
12 100001000100
12 100001000100
12 100001000100
12 100001000100
12 100001000100

4 100010010000
12 100010010000
7 100010010000
7 100010010000
12 100010010000
7 100010010000
7 100010010000
12 100010010000
7 100010010000
12 100010010000
7 100010010000
12 100010010000
12 100010010000
12 100010010000
12 100010010000
12 100010010000

4 100010000100
4 100010000100
4 100010000100
4 100010000100
4 100010000100
4 100010000100
4 100010000100
4 100010000100
4 100010000100
4 100010000100
4 100010000100
4 100010000100
4 100010000100
4 100010000100
4 100010000100
4 100010000100

2 001001010001
12 001001010001
2 001001010001
2 001001010001
12 001001010001
2 001001010001
2 001001010001
12 001001010001
4 100010010000
12 100010010000
4 100010010000
12 100010010000
12 100010010000
12 100010010000
12 100010010000
12 100010010000

2 001001010001
12 001001010001
2 001001010001
2 001001010001
12 001001010001
2 001001010001
2 001001010001
4 001001010001
12 100010010000
12 100010010000
12 100010010000
12 100010010000
2 100010010000
0 100010010000
12 100010010000
11 100010010000

7 001000010001
12 001000010001
12 001000010001
9 001000010001
12 001000010001
12 001000010001
9 001000010001
12 001000010001
12 100010000100
12 100010000100
12 100010000100
12 100010000100
12 100010000100
12 100010000100
12 100010000100
12 100010000100

12 100010000100
12 100010000100
12 100010000100
12 100010000100
12 100010000100
12 100010000100
12 100010000100
12 100010000100
0 100010000100
12 100010000100
12 100010000100
2 100010000100
12 100010000100
12 100010000100
4 100010000100
12 100010000100

4 001001000100
12 001001000100
12 001001000100
5 001001000100
12 001001000100
12 001001000100
5 001001000100
12 001001000100
12 001001000100
12 001001000100
12 001001000100
12 001001000100
12 001001000100
12 001001000100
12 001001000100
12 001001000100

12 001000010001
12 001000010001
12 001000010001
12 001000010001
12 001000010001
12 001000010001
12 001000010001
12 001000010001
7 001000010001
12 001000010001
12 001000010001
9 001000010001
12 001000010001
12 001000010001
11 001000010001
12 001000010001

11 100010010000
12 100010010000
12 100010010000
0 100010010000
12 100010010000
12 100010010000
0 100010010000
12 100010010000
12 100010010000
12 100010010000
12 100010010000
12 100010010000
12 100010010000
12 100010010000
12 100010010000
12 100010010000

11 100001000100
12 100001000100
12 100001000100
0 100001000100
12 100001000100
12 100001000100
0 100001000100
12 100001000100
12 100001000100
12 100001000100
2 100001000100
12 100001000100
12 100001000100
12 100001000100
0 100001000100
12 100001000100

11 100010010000
12 100010010000
12 100010010000
0 100010010000
12 100010010000
12 100010010000
0 100010010000
12 100010010000
12 100010010000
12 100010010000
12 100010010000
12 100010010000
12 100010010000
12 100010010000
12 100010010000
12 100010010000

12 100001000100
12 100001000100
12 100001000100
12 100001000100
12 100001000100
12 100001000100
12 100001000100
12 100001000100
12 100001000100
12 100001000100
12 100001000100
12 100001000100
12 100001000100
12 100001000100
12 100001000100
12 100001000100

11 100010010000
12 100010010000
12 100010010000
0 100010010000
12 100010010000
12 100010010000
0 100010010000
12 100010010000
12 100010010000
12 100010010000
12 100010010000
12 100010010000
12 100010010000
12 100010010000
12 100010010000
12 100010010000

11 100001000100
12 100001000100
12 100001000100
0 100001000100
12 100001000100
12 100001000100
0 100001000100
12 100001000100
12 100001000100
12 100001000100
2 100001000100
12 100001000100
12 100001000100
12 100001000100
0 100001000100
12 100001000100

2 100010010000
2 100010010000
12 100010010000
12 100010010000
4 100010010000
4 100010010000
4 100010010000
4 100010010000
12 100010010000
12 100010010000
12 100010010000
12 100010010000
2 001000010001
2 001000010001
12 001000010001
12 001000010001

4 100001000100
2 100001000100
0 100001000100
12 100001000100
12 100001000100
12 100001000100
12 100001000100
12 100001000100
12 100010010000
12 100010010000
12 100010010000
12 100010010000
12 100010010000
12 100010010000
12 100010010000
12 100010010000

4 001000010001
4 001000010001
2 001000010001
2 001000010001
2 001000010001
2 001000010001
2 001000010001
2 001000010001
12 001000010001
12 001000010001
12 001000010001
12 001000010001
12 001000010001
12 001000010001
12 001000010001
12 001000010001

4 000010001001
4 000010001001
2 000010001001
2 000010001001
2 000010001001
2 000010001001
2 000010001001
2 000010001001
12 000010001001
12 000010001001
4 000010001001
4 000010001001
12 000010001001
12 000010001001
12 000010001001
12 000010001001

0 100010000100
12 100010000100
12 100010000100
2 100010000100
12 100010000100
12 100010000100
11 100010000100
12 100010000100
0 100010000100
12 100010000100
12 100010000100
2 100010000100
12 100010000100
12 100010000100
11 100010000100
12 100010000100

0 101000100100
12 101000100100
11 101000100100
12 101000100100
9 101000100100
12 101000100100
12 101000100100
12 101000100100
12 101000100100
12 101000100100
12 101000100100
12 101000100100
12 101000100100
12 101000100100
12 101000100100
12 101000100100

11 100001000100
12 100001000100
12 100001000100
0 100001000100
12 100001000100
12 100001000100
0 100001000100
12 100001000100
12 100001000100
12 100001000100
12 100001000100
12 100001000100
12 100001000100
12 100001000100
12 100001000100
12 100001000100

11 101001000100
12 101001000100
12 101001000100
0 101001000100
12 101001000100
12 101001000100
0 101001000100
12 101001000100
12 101001000100
12 101001000100
12 101001000100
12 101001000100
2 101001000100
0 101001000100
12 101001000100
0 101001000100

11 100010010000
12 100010010000
12 100010010000
0 100010010000
12 100010010000
12 100010010000
0 100010010000
12 100010010000
12 100010010000
12 100010010000
12 100010010000
12 100010010000
12 100010010000
12 100010010000
12 100010010000
12 100010010000

12 100001000100
12 100001000100
12 100001000100
12 100001000100
12 100001000100
12 100001000100
12 100001000100
12 100001000100
12 100001000100
12 100001000100
12 100001000100
12 100001000100
12 100001000100
12 100001000100
12 100001000100
12 100001000100

12 100010010000
12 100010010000
12 100010010000
12 100010010000
12 100010010000
12 100010010000
12 100010010000
12 100010010000
12 100010010000
12 100010010000
12 100010010000
12 100010010000
12 100010010000
12 100010010000
12 100010010000
12 100010010000

12 100001000100
12 100001000100
12 100001000100
12 100001000100
12 100001000100
12 100001000100
12 100001000100
12 100001000100
12 100001000100
12 100001000100
12 100001000100
12 100001000100
2 100001000100
0 100001000100
12 100001000100
0 100001000100

11 100010010000
12 100010010000
12 100010010000
0 100010010000
12 100010010000
12 100010010000
0 100010010000
12 100010010000
12 100010010000
12 100010010000
12 100010010000
12 100010010000
12 100010010000
12 100010010000
12 100010010000
12 100010010000

12 100001000100
12 100001000100
12 100001000100
12 100001000100
12 100001000100
12 100001000100
12 100001000100
12 100001000100
12 100001000100
12 100001000100
12 100001000100
12 100001000100
12 100001000100
12 100001000100
12 100001000100
12 100001000100

12 100010010000
12 100010010000
12 100010010000
12 100010010000
12 100010010000
12 100010010000
12 100010010000
12 100010010000
12 100010010000
12 100010010000
12 100010010000
12 100010010000
12 100010010000
12 100010010000
12 100010010000
12 100010010000

12 100001000100
12 100001000100
12 100001000100
12 100001000100
12 100001000100
12 100001000100
12 100001000100
12 100001000100
12 100001000100
12 100001000100
12 100001000100
12 100001000100
12 100001000100
12 100001000100
12 100001000100
12 100001000100

12 100010010000
12 100010010000
12 100010010000
12 100010010000
12 100010010000
12 100010010000
12 100010010000
12 100010010000
12 100010010000
12 100010010000
12 100010010000
12 100010010000
12 100010010000
12 100010010000
12 100010010000
12 100010010000

12 100001000100
12 100001000100
12 100001000100
12 100001000100
12 100001000100
12 100001000100
12 100001000100
12 100001000100
12 100001000100
12 100001000100
12 100001000100
12 100001000100
12 100001000100
12 100001000100
12 100001000100
12 100001000100

12 100010010000
12 100010010000
12 100010010000
12 100010010000
12 100010010000
12 100010010000
12 100010010000
12 100010010000
12 100010010000
12 100010010000
12 100010010000
12 100010010000
12 100010010000
12 100010010000
12 100010010000
12 100010010000

12 100001000100
12 100001000100
12 100001000100
12 100001000100
12 100001000100
12 100001000100
12 100001000100
12 100001000100
12 100001000100
12 100001000100
12 100001000100
12 100001000100
12 100001000100
12 100001000100
12 100001000100
12 100001000100

12 100010010000
12 100010010000
12 100010010000
12 100010010000
12 100010010000
12 100010010000
12 100010010000
12 100010010000
12 100010010000
12 100010010000
12 100010010000
12 100010010000
12 100010010000
12 100010010000
12 100010010000
12 100010010000

12 100001000100
12 100001000100
12 100001000100
12 100001000100
12 100001000100
12 100001000100
12 100001000100
12 100001000100
12 100001000100
12 100001000100
12 100001000100
12 100001000100
12 100001000100
12 100001000100
12 100001000100
12 100001000100

