12 100100010000
12 100100010000
12 100100010000
12 100100010000
12 100100010000
12 100100010000
12 100100010000
12 100100010000
12 001000010010
12 001000010010
12 001000010010
12 001000010010
12 001000010010
12 001000010010
12 001000010010
12 001000010010

12 100101000100
12 100101000100
12 100101000100
12 100101000100
12 100101000100
12 100101000100
12 100101000100
12 100101000100
12 101001001000
12 101001001000
12 101001001000
12 101001001000
12 101001001000
12 101001001000
12 101001001000
12 101001001000

12 100100010000
12 100100010000
12 100100010000
12 100100010000
12 100100010000
12 100100010000
12 100100010000
12 100100010000
12 001001010001
12 001001010001
12 001001010001
12 001001010001
12 001001010001
12 001001010001
12 001001010001
12 001001010001

12 100100010000
12 100100010000
12 100100010000
12 100100010000
12 100100010000
12 100100010000
12 100100010000
12 100100010000
12 100100010000
12 100100010000
12 100100010000
12 100100010000
12 100100010000
12 100100010000
12 100100010000
12 100100010000

12 100100010000
12 100100010000
12 100100010000
12 100100010000
12 100100010000
12 100100010000
12 100100010000
12 100100010000
12 001000010010
12 001000010010
12 001000010010
12 001000010010
12 001000010010
12 001000010010
12 001000010010
12 001000010010

12 100101000100
12 100101000100
12 100101000100
12 100101000100
12 100101000100
12 100101000100
12 100101000100
12 100101000100
12 101001001000
12 101001001000
12 101001001000
12 101001001000
12 101001001000
12 101001001000
12 101001001000
12 101001001000

12 100100010000
12 100100010000
12 100100010000
12 100100010000
12 100100010000
12 100100010000
12 100100010000
12 100100010000
12 001001010001
12 001001010001
12 001001010001
12 001001010001
12 001001010001
12 001001010001
12 001001010001
12 001001010001

12 100100010000
12 100100010000
12 100100010000
12 100100010000
12 100100010000
12 100100010000
12 100100010000
12 100100010000
12 100100010000
12 100100010000
12 100100010000
12 100100010000
12 100100010000
12 100100010000
12 100100010000
12 100100010000

12 100101000100
12 100101000100
12 100101000100
12 100101000100
12 100101000100
12 100101000100
12 100101000100
12 100101000100
12 100101000100
12 100101000100
12 100101000100
12 100101000100
12 100101000100
12 100101000100
12 100101000100
12 100101000100

12 001001001010
12 001001001010
12 001001001010
12 001001001010
12 001001001010
12 001001001010
12 001001001010
12 001001001010
12 001000010001
12 001000010001
12 001000010001
12 001000010001
12 001000010001
12 001000010001
12 001000010001
12 001000010001

12 100100010000
12 100100010000
12 100100010000
12 100100010000
12 100100010000
12 100100010000
12 100100010000
12 100100010000
12 100100010000
12 100100010000
12 100100010000
12 100100010000
12 100100010000
12 100100010000
12 100100010000
12 100100010000

12 100100010000
12 100100010000
12 100100010000
12 100100010000
12 100100010000
12 100100010000
12 100100010000
12 100100010000
12 100100010000
12 100100010000
12 100100010000
12 100100010000
12 100100010000
12 100100010000
12 100100010000
12 100100010000

12 100100010000
12 100100010000
12 100100010000
12 100100010000
5 100100010000
7 100100010000
12 100100010000
12 100100010000
0 001000010010
12 001000010010
12 001000010010
12 001000010010
12 001000010010
7 001000010010
3 001000010010
12 001000010010

5 100101000100
7 100101000100
12 100101000100
12 100101000100
5 100101000100
12 100101000100
7 100101000100
5 100101000100
12 101001001000
3 101001001000
3 101001001000
12 101001001000
12 101001001000
12 101001001000
12 101001001000
12 101001001000

12 100100010000
12 100100010000
12 100100010000
12 100100010000
7 100100010000
12 100100010000
7 100100010000
12 100100010000
0 001000010010
12 001000010010
12 001000010010
12 001000010010
12 001000010010
7 001000010010
3 001000010010
12 001000010010

5 100101000100
7 100101000100
12 100101000100
12 100101000100
5 100101000100
5 100101000100
12 100101000100
5 100101000100
12 101001001000
3 101001001000
5 101001001000
12 101001001000
12 101001001000
12 101001001000
12 101001001000
12 101001001000

12 100100010000
12 100100010000
12 100100010000
12 100100010000
12 100100010000
12 100100010000
12 100100010000
12 100100010000
12 001000010010
12 001000010010
5 001000010010
3 001000010010
12 001000010010
12 001000010010
5 001000010010
0 001000010010

12 100101000100
12 100101000100
12 100101000100
12 100101000100
12 100101000100
12 100101000100
12 100101000100
12 100101000100
12 101001001000
12 101001001000
12 101001001000
12 101001001000
12 101001001000
12 101001001000
12 101001001000
12 101001001000

2 100100010000
12 100100010000
12 100100010000
12 100100010000
0 100100010000
12 100100010000
12 100100010000
12 100100010000
10 001000010010
12 001000010010
12 001000010010
12 001000010010
12 001000010010
12 001000010010
7 001000010010
5 001000010010

12 100101000100
3 100101000100
12 100101000100
12 100101000100
5 100101000100
12 100101000100
7 100101000100
3 100101000100
10 101001001000
12 101001001000
0 101001001000
12 101001001000
12 101001001000
12 101001001000
12 101001001000
12 101001001000

12 100100010100
12 100100010100
0 100100010100
2 100100010100
3 100100010100
12 100100010100
5 100100010100
6 100100010100
12 001000010001
7 001000010001
12 001000010001
12 001000010001
12 001000010001
12 001000010001
12 001000010001
3 001000010001

12 100100010100
3 100100010100
3 100100010100
3 100100010100
2 100100010100
0 100100010100
0 100100010100
0 100100010100
10 101001001000
12 101001001000
10 101001001000
7 101001001000
5 101001001000
12 101001001000
3 101001001000
7 101001001000

12 001000010001
12 001000010001
12 001000010001
12 001000010001
12 001000010001
12 001000010001
12 001000010001
12 001000010001
12 001000010001
12 001000010001
12 001000010001
12 001000010001
12 001000010001
12 001000010001
12 001000010001
12 001000010001

12 001000010001
12 001000010001
12 001000010001
12 001000010001
12 001000010001
12 001000010001
12 001000010001
12 001000010001
12 001000010001
12 001000010001
12 001000010001
7 001000010001
9 001000010001
0 001000010001
12 001000010001
12 001000010001

12 100100010000
0 100100010000
12 100100010000
12 100100010000
10 100100010000
12 100100010000
12 100100010000
12 100100010000
0 001001000010
0 001001000010
12 001001000010
10 001001000010
7 001001000010
12 001001000010
12 001001000010
12 001001000010

0 100100001000
10 100100001000
10 100100001000
0 100100001000
10 100100001000
12 100100001000
10 100100001000
0 100100001000
10 001001000010
12 001001000010
10 001001000010
0 001001000010
10 001001000010
12 001001000010
12 001001000010
12 001001000010

12 100100010000
0 100100010000
12 100100010000
12 100100010000
10 100100010000
12 100100010000
12 100100010000
0 100100010000
12 001001000010
10 001001000010
0 001001000010
10 001001000010
7 001001000010
12 001001000010
12 001001000010
12 001001000010

0 100100001000
10 100100001000
12 100100001000
10 100100001000
5 100100001000
12 100100001000
3 100100001000
5 100100001000
3 001001000010
5 001001000010
12 001001000010
12 001001000010
12 001001000010
3 001001000010
5 001001000010
0 001001000010

12 100100010000
12 100100010000
12 100100010000
12 100100010000
12 100100010000
12 100100010000
12 100100010000
12 100100010000
12 001000010010
12 001000010010
12 001000010010
12 001000010010
12 001000010010
12 001000010010
12 001000010010
12 001000010010

12 100101000100
12 100101000100
12 100101000100
12 100101000100
12 100101000100
12 100101000100
12 100101000100
12 100101000100
12 101001001000
12 101001001000
12 101001001000
12 101001001000
12 101001001000
12 101001001000
12 101001001000
12 101001001000

12 100100010000
12 100100010000
12 100100010000
12 100100010000
12 100100010000
12 100100010000
12 100100010000
12 100100010000
12 001001010001
12 001001010001
12 001001010001
12 001001010001
12 001001010001
12 001001010001
12 001001010001
12 001001010001

12 100100010000
12 100100010000
12 100100010000
12 100100010000
12 100100010000
12 100100010000
12 100100010000
12 100100010000
12 100100010000
12 100100010000
12 100100010000
12 100100010000
12 100100010000
12 100100010000
12 100100010000
12 100100010000

12 100100010000
12 100100010000
12 100100010000
7 100100010000
12 100100010000
12 100100010000
7 100100010000
12 100100010000
0 001000010010
12 001000010010
12 001000010010
12 001000010010
12 001000010010
12 001000010010
5 001000010010
3 001000010010

7 100101000100
12 100101000100
12 100101000100
12 100101000100
5 100101000100
5 100101000100
12 100101000100
5 100101000100
12 101001001000
12 101001001000
3 101001001000
12 101001001000
12 101001001000
12 101001001000
12 101001001000
12 101001001000

12 100100010000
12 100100010000
12 100100010000
12 100100010000
5 100100010000
7 100100010000
12 100100010000
12 100100010000
0 001000010010
12 001000010010
12 001000010010
12 001000010010
12 001000010010
7 001000010010
3 001000010010
12 001000010010

5 100101000100
7 100101000100
12 100101000100
12 100101000100
5 100101000100
12 100101000100
5 100101000100
6 100101000100
5 101001001000
12 101001001000
3 101001001000
5 101001001000
12 101001001000
12 101001001000
12 101001001000
12 101001001000

12 100100010000
12 100100010000
12 100100010000
12 100100010000
12 100100010000
12 100100010000
12 100100010000
12 100100010000
12 001000010010
12 001000010010
5 001000010010
3 001000010010
12 001000010010
12 001000010010
5 001000010010
12 001000010010

0 100101000100
0 100101000100
0 100101000100
0 100101000100
0 100101000100
0 100101000100
0 100101000100
0 100101000100
0 101001001000
0 101001001000
0 101001001000
0 101001001000
0 101001001000
0 101001001000
0 101001001000
0 101001001000

0 100100010000
12 100100010000
12 100100010000
12 100100010000
12 100100010000
2 100100010000
3 100100010000
12 100100010000
2 001000010010
12 001000010010
0 001000010010
12 001000010010
12 001000010010
12 001000010010
12 001000010010
12 001000010010

12 100101000100
12 100101000100
0 100101000100
12 100101000100
2 100101000100
12 100101000100
3 100101000100
2 100101000100
12 101001001000
3 101001001000
0 101001001000
12 101001001000
12 101001001000
12 101001001000
12 101001001000
12 101001001000

12 100100010000
12 100100010000
2 100100010000
3 100100010000
2 100100010000
0 100100010000
12 100100010000
12 100100010000
2 001001000010
12 001001000010
2 001001000010
3 001001000010
2 001001000010
0 001001000010
12 001001000010
12 001001000010

3 100100001000
12 100100001000
0 100100001000
10 100100001000
0 100100001000
12 100100001000
10 100100001000
0 100100001000
12 001001000010
10 001001000010
0 001001000010
10 001001000010
0 001001000010
10 001001000010
0 001001000010
12 001001000010

12 100100010000
12 100100010000
2 100100010000
3 100100010000
2 100100010000
0 100100010000
12 100100010000
0 100100010000
2 001001000010
2 001001000010
12 001001000010
3 001001000010
2 001001000010
0 001001000010
12 001001000010
12 001001000010

3 100100010100
3 100100010100
3 100100010100
2 100100010100
12 100100010100
0 100100010100
12 100100010100
0 100100010100
2 100100001000
3 100100001000
2 100100001000
0 100100001000
2 100100001000
0 100100001000
0 100100001000
2 100100001000

12 001000010001
12 001000010001
12 001000010001
12 001000010001
12 001000010001
12 001000010001
12 001000010001
10 001000010001
11 001000010001
12 001000010001
7 001000010001
5 001000010001
7 001000010001
12 001000010001
12 001000010001
12 001000010001

12 001000010001
12 001000010001
10 001000010001
10 001000010001
12 001000010001
12 001000010001
11 001000010001
11 001000010001
12 001000010001
12 001000010001
12 001000010001
12 001000010001
12 001000010001
12 001000010001
12 001000010001
12 001000010001

12 100100010000
12 100100010000
12 100100010000
12 100100010000
12 100100010000
12 100100010000
12 100100010000
12 100100010000
12 001000010001
12 001000010001
12 001000010001
12 001000010001
12 001000010001
12 001000010001
12 001000010001
12 001000010001

12 100100010001
12 100100010001
12 100100010001
12 100100010001
12 100100010001
12 100100010001
12 100100010001
12 100100010001
12 100101000100
12 100101000100
12 100101000100
12 100101000100
12 100101000100
12 100101000100
12 100101000100
12 100101000100

12 001001001010
12 001001001010
12 001001001010
12 001001001010
12 001001001010
12 001001001010
12 001001001010
12 001001001010
12 001000010001
12 001000010001
12 001000010001
12 001000010001
12 001000010001
12 001000010001
12 001000010001
12 001000010001

12 100100010000
12 100100010000
12 100100010000
12 100100010000
12 100100010000
12 100100010000
12 100100010000
12 100100010000
12 100100010000
12 100100010000
12 100100010000
12 100100010000
12 100100010000
12 100100010000
12 100100010000
12 100100010000

12 100100010000
12 100100010000
12 100100010000
12 100100010000
12 100100010000
12 100100010000
12 100100010000
12 100100010000
12 001000010001
12 001000010001
12 001000010001
12 001000010001
12 001000010001
12 001000010001
12 001000010001
12 001000010001

12 100100010001
12 100100010001
12 100100010001
12 100100010001
12 100100010001
12 100100010001
12 100100010001
12 100100010001
12 100101000100
12 100101000100
12 100101000100
12 100101000100
12 100101000100
12 100101000100
12 100101000100
12 100101000100

12 001001001010
12 001001001010
12 001001001010
12 001001001010
12 001001001010
12 001001001010
12 001001001010
12 001001001010
12 001000010001
12 001000010001
12 001000010001
12 001000010001
12 001000010001
12 001000010001
0 001000010001
0 001000010001

12 100100010000
12 100100010000
2 100100010000
3 100100010000
2 100100010000
0 100100010000
12 100100010000
12 100100010000
2 001001000010
12 001001000010
2 001001000010
3 001001000010
2 001001000010
0 001001000010
12 001001000010
12 001001000010

3 100100001000
12 100100001000
0 100100001000
10 100100001000
0 100100001000
12 100100001000
10 100100001000
0 100100001000
12 001001000010
10 001001000010
0 001001000010
10 001001000010
0 001001000010
10 001001000010
0 001001000010
12 001001000010

12 100100010000
12 100100010000
2 100100010000
3 100100010000
2 100100010000
0 100100010000
12 100100010000
0 100100010000
2 001001000010
2 001001000010
12 001001000010
3 001001000010
2 001001000010
0 001001000010
12 001001000010
12 001001000010

3 100100010100
3 100100010100
3 100100010100
2 100100010100
12 100100010100
0 100100010100
12 100100010100
0 100100010100
2 100100001000
3 100100001000
2 100100001000
0 100100001000
2 100100001000
0 100100001000
0 100100001000
2 100100001000

12 001000010001
12 001000010001
12 001000010001
10 001000010001
11 001000010001
12 001000010001
7 001000010001
5 001000010001
7 001000010001
12 001000010001
12 001000010001
12 001000010001
12 001000010001
12 001000010001
12 001000010001
12 001000010001

12 001000010001
12 001000010001
12 001000010001
12 001000010001
12 001000010001
12 001000010001
12 001000010001
12 001000010001
12 001000010001
12 001000010001
12 001000010001
12 001000010001
12 001000010001
12 001000010001
0 001000010001
0 001000010001

12 100001000100
12 100001000100
3 100001000100
12 100001000100
2 100001000100
0 100001000100
12 100001000100
12 100001000100
12 001000010001
0 001000010001
3 001000010001
12 001000010001
2 001000010001
0 001000010001
12 001000010001
12 001000010001

12 100100001000
0 100100001000
3 100100001000
12 100100001000
2 100100001000
0 100100001000
12 100100001000
12 100100001000
3 001001000010
3 001001000010
2 001001000010
0 001001000010
0 001001000010
12 001001000010
0 001001000010
12 001001000010

3 100100010000
3 100100010000
12 100100010000
12 100100010000
12 100100010000
12 100100010000
10 100100010000
10 100100010000
0 100100010000
0 100100010000
12 100100010000
12 100100010000
12 100100010000
12 100100010000
12 100100010000
12 100100010000

12 100100010000
12 100100010000
12 100100010000
12 100100010000
12 100100010000
12 100100010000
12 100100010000
12 100100010000
12 100100010000
12 100100010000
12 100100010000
12 100100010000
12 100100010000
12 100100010000
12 100100010000
12 100100010000

12 100001000100
0 100001000100
3 100001000100
12 100001000100
2 100001000100
0 100001000100
12 100001000100
12 100001000100
12 001000010001
0 001000010001
3 001000010001
12 001000010001
2 001000010001
0 001000010001
12 001000010001
12 001000010001

12 100100001000
0 100100001000
3 100100001000
12 100100001000
2 100100001000
0 100100001000
12 100100001000
12 100100001000
3 001001000010
3 001001000010
2 001001000010
0 001001000010
0 001001000010
12 001001000010
0 001001000010
12 001001000010

12 100100010000
12 100100010000
0 100100010000
0 100100010000
12 100100010000
12 100100010000
12 100100010000
12 100100010000
12 100100010000
12 100100010000
12 100100010000
12 100100010000
12 100100010000
12 100100010000
12 100100010000
12 100100010000

12 100100010000
12 100100010000
12 100100010000
12 100100010000
12 100100010000
12 100100010000
12 100100010000
12 100100010000
12 100100010000
12 100100010000
12 100100010000
12 100100010000
12 100100010000
12 100100010000
12 100100010000
12 100100010000

12 100001000100
0 100001000100
3 100001000100
12 100001000100
2 100001000100
0 100001000100
12 100001000100
12 100001000100
12 001000010001
0 001000010001
3 001000010001
12 001000010001
2 001000010001
0 001000010001
12 001000010001
12 001000010001

12 100100001000
12 100100001000
3 100100001000
12 100100001000
2 100100001000
0 100100001000
12 100100001000
12 100100001000
12 001001000010
0 001001000010
3 001001000010
12 001001000010
2 001001000010
0 001001000010
12 001001000010
12 001001000010

12 100100010000
12 100100010000
3 100100010000
12 100100010000
2 100100010000
0 100100010000
12 100100010000
12 100100010000
12 001001000100
12 001001000100
3 001001000100
12 001001000100
2 001001000100
0 001001000100
12 001001000100
12 001001000100

12 000100010010
12 000100010010
3 000100010010
12 000100010010
2 000100010010
0 000100010010
12 000100010010
12 000100010010
12 100001000100
3 100001000100
12 100001000100
12 100001000100
12 100001000100
12 100001000100
12 100001000100
12 100001000100

2 001000010001
2 001000010001
3 001000010001
3 001000010001
2 001000010001
2 001000010001
3 001000010001
3 001000010001
2 001000010001
2 001000010001
3 001000010001
3 001000010001
2 001000010001
2 001000010001
3 001000010001
3 001000010001

2 001000010001
2 001000010001
3 001000010001
3 001000010001
2 001000010001
2 001000010001
3 001000010001
3 001000010001
2 001000010001
2 001000010001
3 001000010001
3 001000010001
12 001000010001
12 001000010001
12 001000010001
12 001000010001

12 100100010000
0 100100010000
3 100100010000
12 100100010000
2 100100010000
0 100100010000
12 100100010000
12 100100010000
2 001001000010
12 001001000010
2 001001000010
3 001001000010
2 001001000010
0 001001000010
12 001001000010
12 001001000010

3 100100001000
10 100100001000
0 100100001000
10 100100001000
0 100100001000
12 100100001000
10 100100001000
0 100100001000
12 001001000010
10 001001000010
0 001001000010
10 001001000010
0 001001000010
10 001001000010
0 001001000010
12 001001000010

12 100100010000
12 100100010000
2 100100010000
3 100100010000
2 100100010000
0 100100010000
12 100100010000
0 100100010000
2 001001000010
2 001001000010
12 001001000010
3 001001000010
2 001001000010
0 001001000010
12 001001000010
12 001001000010

3 100100001000
3 100100001000
0 100100001000
3 100100001000
12 100100001000
3 100100001000
12 100100001000
12 100100001000
3 001001000010
3 001001000010
2 001001000010
0 001001000010
0 001001000010
0 001001000010
10 001001000010
0 001001000010

12 100100010000
12 100100010000
3 100100010000
3 100100010000
2 100100010000
0 100100010000
12 100100010000
12 100100010000
2 001001000010
12 001001000010
2 001001000010
3 001001000010
2 001001000010
0 001001000010
12 001001000010
12 001001000010

3 100100001000
12 100100001000
0 100100001000
10 100100001000
0 100100001000
12 100100001000
10 100100001000
0 100100001000
12 001001000010
10 001001000010
0 001001000010
10 001001000010
0 001001000010
10 001001000010
0 001001000010
12 001001000010

12 100100010000
12 100100010000
2 100100010000
3 100100010000
2 100100010000
0 100100010000
12 100100010000
0 100100010000
2 001001000010
2 001001000010
12 001001000010
3 001001000010
2 001001000010
0 001001000010
12 001001000010
12 001001000010

3 100100010100
3 100100010100
3 100100010100
2 100100010100
12 100100010100
0 100100010100
12 100100010100
0 100100010100
2 100100001000
3 100100001000
2 100100001000
0 100100001000
2 100100001000
0 100100001000
0 100100001000
2 100100001000

12 001000010001
12 001000010001
12 001000010001
12 001000010001
12 001000010001
12 001000010001
12 001000010001
12 001000010001
12 001000010001
12 001000010001
12 001000010001
12 001000010001
12 001000010001
12 001000010001
12 001000010001
12 001000010001

12 001000010001
12 001000010001
12 001000010001
12 001000010001
12 001000010001
12 001000010001
12 001000010001
12 001000010001
12 001000010001
12 001000010001
12 001000010001
12 001000010001
12 001000010001
12 001000010001
12 001000010001
12 001000010001

12 001000010001
12 001000010001
12 001000010001
12 001000010001
12 001000010001
12 001000010001
12 001000010001
12 001000010001
12 001000010001
12 001000010001
12 001000010001
12 001000010001
12 001000010001
12 001000010001
12 001000010001
12 001000010001

12 001000010001
12 001000010001
12 001000010001
12 001000010001
12 001000010001
12 001000010001
12 001000010001
12 001000010001
12 001000010001
12 001000010001
12 001000010001
12 001000010001
12 001000010001
12 001000010001
12 001000010001
12 001000010001

12 001000010001
12 001000010001
12 001000010001
12 001000010001
12 001000010001
12 001000010001
12 001000010001
12 001000010001
12 001000010001
12 001000010001
12 001000010001
12 001000010001
12 001000010001
12 001000010001
12 001000010001
12 001000010001

