12 100010010000
12 100010010000
12 100010010000
12 100010010000
12 100010010000
12 100010010000
12 100010010000
12 100010010000
12 100010010000
12 100010010000
12 100010010000
12 100010010000
12 100010010000
12 100010010000
12 100010010000
12 100010010000

12 100010010000
12 100010010000
12 100010010000
12 100010010000
12 100010010000
12 100010010000
12 100010010000
12 100010010000
12 100010010000
12 100010010000
12 100010010000
12 100010010000
12 100010010000
12 100010010000
12 100010010000
12 100010010000

12 100010000100
12 100010000100
12 100010000100
12 100010000100
12 100010000100
12 100010000100
12 100010000100
12 100010000100
12 100010000100
12 100010000100
12 100010000100
12 100010000100
12 100010000100
12 100010000100
12 100010000100
12 100010000100

12 100010000100
12 100010000100
12 100010000100
12 100010000100
12 100010000100
12 100010000100
12 100010000100
12 100010000100
12 100010000100
12 100010000100
12 100010000100
12 100010000100
12 100010000100
12 100010000100
12 100010000100
12 100010000100

12 100001000100
12 100001000100
12 100001000100
12 100001000100
12 100001000100
12 100001000100
12 100001000100
12 100001000100
12 100001000100
12 100001000100
12 100001000100
12 100001000100
12 100001000100
12 100001000100
12 100001000100
12 100001000100

12 001000010001
12 001000010001
12 001000010001
12 001000010001
12 001000010001
12 001000010001
12 001000010001
12 001000010001
12 001000010001
12 001000010001
12 001000010001
12 001000010001
12 001000010001
12 001000010001
12 001000010001
12 001000010001

12 100010010000
12 100010010000
12 100010010000
12 100010010000
12 100010010000
12 100010010000
12 100010010000
12 100010010000
12 100010010000
12 100010010000
12 100010010000
12 100010010000
12 100010010000
12 100010010000
12 100010010000
12 100010010000

12 100010010000
12 100010010000
12 100010010000
12 100010010000
4 100010010000
4 100010010000
5 100010010000
5 100010010000
4 100010010000
4 100010010000
12 100010010000
12 100010010000
2 100010010000
2 100010010000
0 100010010000
0 100010010000

12 100010010000
12 100010010000
0 100010010000
0 100010010000
12 100010010000
12 100010010000
12 100010010000
12 100010010000
12 100010010000
12 100010010000
12 100010010000
12 100010010000
12 100010010000
12 100010010000
12 100010010000
12 100010010000

12 100010010000
12 100010010000
12 100010010000
12 100010010000
4 100010010000
4 100010010000
5 100010010000
5 100010010000
4 100010010000
4 100010010000
12 100010010000
12 100010010000
2 100010010000
2 100010010000
0 100010010000
0 100010010000

0 100010000100
0 100010000100
0 100010000100
0 100010000100
0 100010000100
0 100010000100
0 100010000100
0 100010000100
0 100010000100
0 100010000100
0 100010000100
0 100010000100
0 100010000100
0 100010000100
0 100010000100
0 100010000100

12 100010000100
12 100010000100
0 100010000100
0 100010000100
0 100010000100
0 100010000100
4 100010000100
4 100010000100
12 100010000100
12 100010000100
5 100010000100
5 100010000100
12 100010000100
12 100010000100
0 100010000100
0 100010000100

12 100001000100
12 100001000100
0 100001000100
0 100001000100
0 100001000100
0 100001000100
5 100001000100
5 100001000100
12 100001000100
12 100001000100
4 100001000100
4 100001000100
12 100001000100
12 100001000100
2 100001000100
2 100001000100

12 001000010001
12 001000010001
2 001000010001
2 001000010001
0 001000010001
0 001000010001
4 001000010001
4 001000010001
0 001000010001
0 001000010001
12 001000010001
12 001000010001
0 001000010001
0 001000010001
12 001000010001
12 001000010001

12 100010000100
12 100010000100
12 100010000100
12 100010000100
12 100010000100
12 100010000100
12 100010000100
12 100010000100
12 100010000100
12 100010000100
12 100010000100
12 100010000100
12 100010000100
12 100010000100
12 100010000100
12 100010000100

12 100010000100
12 100010000100
12 100010000100
12 100010000100
4 100010000100
4 100010000100
5 100010000100
5 100010000100
4 100010000100
4 100010000100
12 100010000100
12 100010000100
2 100010000100
2 100010000100
0 100010000100
0 100010000100

4 100010010000
4 100010010000
4 100010010000
4 100010010000
4 100010010000
4 100010010000
4 100010010000
4 100010010000
4 100010010000
4 100010010000
4 100010010000
4 100010010000
4 100010010000
4 100010010000
4 100010010000
4 100010010000

12 100010010000
12 100010010000
0 100010010000
0 100010010000
4 100010010000
4 100010010000
5 100010010000
5 100010010000
4 100010010000
4 100010010000
12 100010010000
12 100010010000
2 100010010000
2 100010010000
0 100010010000
0 100010010000

0 100010000100
0 100010000100
0 100010000100
0 100010000100
0 100010000100
0 100010000100
0 100010000100
0 100010000100
0 100010000100
0 100010000100
0 100010000100
0 100010000100
0 100010000100
0 100010000100
0 100010000100
0 100010000100

12 100010000100
12 100010000100
0 100010000100
0 100010000100
0 100010000100
0 100010000100
4 100010000100
4 100010000100
12 100010000100
12 100010000100
5 100010000100
5 100010000100
12 100010000100
12 100010000100
0 100010000100
0 100010000100

12 100001000100
12 100001000100
0 100001000100
0 100001000100
0 100001000100
0 100001000100
5 100001000100
5 100001000100
12 100001000100
12 100001000100
4 100001000100
4 100001000100
12 100001000100
12 100001000100
2 100001000100
2 100001000100

12 001000010001
12 001000010001
2 001000010001
2 001000010001
0 001000010001
0 001000010001
4 001000010001
4 001000010001
0 001000010001
0 001000010001
12 001000010001
12 001000010001
0 001000010001
0 001000010001
12 001000010001
12 001000010001

12 100010010000
12 100010010000
12 100010010000
12 100010010000
12 100010010000
12 100010010000
12 100010010000
12 100010010000
12 100010010000
12 100010010000
12 100010010000
12 100010010000
12 100010010000
12 100010010000
12 100010010000
12 100010010000

12 100010010000
12 100010010000
12 100010010000
12 100010010000
0 100010010000
0 100010010000
12 100010010000
12 100010010000
4 100010010000
4 100010010000
12 100010010000
12 100010010000
7 100010010000
7 100010010000
5 100010010000
5 100010010000

12 100001000100
12 100001000100
9 100001000100
9 100001000100
12 100001000100
12 100001000100
12 100001000100
12 100001000100
12 100001000100
12 100001000100
12 100001000100
12 100001000100
12 100001000100
12 100001000100
12 100001000100
12 100001000100

12 100001000100
12 100001000100
12 100001000100
12 100001000100
9 100001000100
9 100001000100
9 100001000100
9 100001000100
7 100001000100
7 100001000100
12 100001000100
12 100001000100
12 100001000100
12 100001000100
2 100001000100
2 100001000100

0 100010010000
0 100010010000
4 100010010000
4 100010010000
12 100010010000
12 100010010000
12 100010010000
12 100010010000
12 100010010000
12 100010010000
12 100010010000
12 100010010000
12 100010010000
12 100010010000
12 100010010000
12 100010010000

12 100010010000
12 100010010000
12 100010010000
12 100010010000
0 100010010000
0 100010010000
9 100010010000
9 100010010000
0 100010010000
0 100010010000
12 100010010000
12 100010010000
0 100010010000
0 100010010000
9 100010010000
9 100010010000

12 101000100100
12 101000100100
0 101000100100
0 101000100100
9 101000100100
9 101000100100
12 101000100100
12 101000100100
12 101000100100
12 101000100100
12 101000100100
12 101000100100
12 101000100100
12 101000100100
12 101000100100
12 101000100100

12 101000100100
12 101000100100
6 101000100100
6 101000100100
2 101000100100
2 101000100100
2 101000100100
2 101000100100
10 101000100100
10 101000100100
9 101000100100
9 101000100100
12 101000100100
12 101000100100
7 101000100100
7 101000100100

12 001000010000
12 001000010000
7 001000010000
7 001000010000
12 001000010000
12 001000010000
12 001000010000
12 001000010000
12 001000010000
12 001000010000
12 001000010000
12 001000010000
12 001000010000
12 001000010000
12 001000010000
12 001000010000

12 001000010000
12 001000010000
12 001000010000
12 001000010000
4 001000010000
4 001000010000
5 001000010000
5 001000010000
4 001000010000
4 001000010000
12 001000010000
12 001000010000
2 001000010000
2 001000010000
0 001000010000
0 001000010000

12 100010010000
12 100010010000
0 100010010000
0 100010010000
12 100010010000
12 100010010000
12 100010010000
12 100010010000
12 100010010000
12 100010010000
12 100010010000
12 100010010000
12 100010010000
12 100010010000
12 100010010000
12 100010010000

12 100010010000
12 100010010000
12 100010010000
12 100010010000
4 100010010000
4 100010010000
5 100010010000
5 100010010000
4 100010010000
4 100010010000
12 100010010000
12 100010010000
2 100010010000
2 100010010000
0 100010010000
0 100010010000

12 100010000100
12 100010000100
0 100010000100
0 100010000100
12 100010000100
12 100010000100
12 100010000100
12 100010000100
12 100010000100
12 100010000100
12 100010000100
12 100010000100
12 100010000100
12 100010000100
12 100010000100
12 100010000100

12 100010000100
12 100010000100
0 100010000100
0 100010000100
0 100010000100
0 100010000100
4 100010000100
4 100010000100
12 100010000100
12 100010000100
5 100010000100
5 100010000100
12 100010000100
12 100010000100
0 100010000100
0 100010000100

12 100001000100
12 100001000100
0 100001000100
0 100001000100
0 100001000100
0 100001000100
5 100001000100
5 100001000100
12 100001000100
12 100001000100
4 100001000100
4 100001000100
12 100001000100
12 100001000100
2 100001000100
2 100001000100

12 001000010001
12 001000010001
2 001000010001
2 001000010001
0 001000010001
0 001000010001
4 001000010001
4 001000010001
0 001000010001
0 001000010001
12 001000010001
12 001000010001
0 001000010001
0 001000010001
12 001000010001
12 001000010001

12 100010000100
12 100010000100
12 100010000100
12 100010000100
12 100010000100
12 100010000100
12 100010000100
12 100010000100
12 100010000100
12 100010000100
12 100010000100
12 100010000100
12 100010000100
12 100010000100
12 100010000100
12 100010000100

12 100010000100
12 100010000100
12 100010000100
12 100010000100
12 100010000100
12 100010000100
12 100010000100
12 100010000100
12 100010000100
12 100010000100
12 100010000100
12 100010000100
12 100010000100
12 100010000100
12 100010000100
12 100010000100

12 100100001000
12 100100001000
0 100100001000
0 100100001000
0 100100001000
0 100100001000
0 100100001000
0 100100001000
12 100100001000
12 100100001000
10 100100001000
10 100100001000
10 100100001000
10 100100001000
10 100100001000
10 100100001000

12 100100001000
12 100100001000
10 100100001000
10 100100001000
12 100100001000
12 100100001000
0 100100001000
0 100100001000
12 100100001000
12 100100001000
10 100100001000
10 100100001000
12 100100001000
12 100100001000
10 100100001000
10 100100001000

12 001001000010
12 001001000010
5 001001000010
5 001001000010
10 001001000010
10 001001000010
10 001001000010
10 001001000010
10 001001000010
10 001001000010
7 001001000010
7 001001000010
5 001001000010
5 001001000010
10 001001000010
10 001001000010

12 001001000010
12 001001000010
5 001001000010
5 001001000010
12 001001000010
12 001001000010
10 001001000010
10 001001000010
12 001001000010
12 001001000010
10 001001000010
10 001001000010
12 001001000010
12 001001000010
10 001001000010
10 001001000010

12 100100001000
12 100100001000
3 100100001000
3 100100001000
10 100100001000
10 100100001000
10 100100001000
10 100100001000
10 100100001000
10 100100001000
12 100100001000
12 100100001000
10 100100001000
10 100100001000
10 100100001000
10 100100001000

10 100100001000
10 100100001000
10 100100001000
10 100100001000
12 100100001000
12 100100001000
0 100100001000
0 100100001000
12 100100001000
12 100100001000
12 100100001000
12 100100001000
7 100100001000
7 100100001000
7 100100001000
7 100100001000

12 001001000010
12 001001000010
5 001001000010
5 001001000010
10 001001000010
10 001001000010
7 001001000010
7 001001000010
10 001001000010
10 001001000010
12 001001000010
12 001001000010
7 001001000010
7 001001000010
5 001001000010
5 001001000010

10 001001000010
10 001001000010
12 001001000010
12 001001000010
7 001001000010
7 001001000010
10 001001000010
10 001001000010
12 001001000010
12 001001000010
10 001001000010
10 001001000010
12 001001000010
12 001001000010
10 001001000010
10 001001000010

12 100100001000
12 100100001000
3 100100001000
3 100100001000
10 100100001000
10 100100001000
12 100100001000
12 100100001000
10 100100001000
10 100100001000
12 100100001000
12 100100001000
5 100100001000
5 100100001000
10 100100001000
10 100100001000

12 100100001000
12 100100001000
5 100100001000
5 100100001000
12 100100001000
12 100100001000
10 100100001000
10 100100001000
12 100100001000
12 100100001000
5 100100001000
5 100100001000
12 100100001000
12 100100001000
0 100100001000
0 100100001000

12 100010010000
12 100010010000
12 100010010000
12 100010010000
12 100010010000
12 100010010000
12 100010010000
12 100010010000
12 100010010000
12 100010010000
12 100010010000
12 100010010000
12 100010010000
12 100010010000
12 100010010000
12 100010010000

12 100010010000
12 100010010000
12 100010010000
12 100010010000
12 100010010000
12 100010010000
12 100010010000
12 100010010000
12 100010010000
12 100010010000
12 100010010000
12 100010010000
12 100010010000
12 100010010000
12 100010010000
12 100010010000

12 100010000100
12 100010000100
12 100010000100
12 100010000100
12 100010000100
12 100010000100
12 100010000100
12 100010000100
12 100010000100
12 100010000100
12 100010000100
12 100010000100
12 100010000100
12 100010000100
12 100010000100
12 100010000100

12 100010000100
12 100010000100
12 100010000100
12 100010000100
12 100010000100
12 100010000100
12 100010000100
12 100010000100
12 100010000100
12 100010000100
12 100010000100
12 100010000100
12 100010000100
12 100010000100
12 100010000100
12 100010000100

12 100001000100
12 100001000100
12 100001000100
12 100001000100
12 100001000100
12 100001000100
12 100001000100
12 100001000100
12 100001000100
12 100001000100
12 100001000100
12 100001000100
12 100001000100
12 100001000100
12 100001000100
12 100001000100

12 001000010001
12 001000010001
12 001000010001
12 001000010001
12 001000010001
12 001000010001
12 001000010001
12 001000010001
12 001000010001
12 001000010001
12 001000010001
12 001000010001
12 001000010001
12 001000010001
12 001000010001
12 001000010001

12 100010000100
12 100010000100
12 100010000100
12 100010000100
12 100010000100
12 100010000100
12 100010000100
12 100010000100
12 100010000100
12 100010000100
12 100010000100
12 100010000100
12 100010000100
12 100010000100
12 100010000100
12 100010000100

12 100010000100
12 100010000100
12 100010000100
12 100010000100
12 100010000100
12 100010000100
12 100010000100
12 100010000100
12 100010000100
12 100010000100
12 100010000100
12 100010000100
12 100010000100
12 100010000100
12 100010000100
12 100010000100

12 100010010000
12 100010010000
12 100010010000
12 100010010000
12 100010010000
12 100010010000
12 100010010000
12 100010010000
12 100010010000
12 100010010000
12 100010010000
12 100010010000
12 100010010000
12 100010010000
12 100010010000
12 100010010000

12 100010010000
12 100010010000
12 100010010000
12 100010010000
12 100010010000
12 100010010000
12 100010010000
12 100010010000
12 100010010000
12 100010010000
12 100010010000
12 100010010000
12 100010010000
12 100010010000
12 100010010000
12 100010010000

12 100010000100
12 100010000100
12 100010000100
12 100010000100
12 100010000100
12 100010000100
12 100010000100
12 100010000100
12 100010000100
12 100010000100
12 100010000100
12 100010000100
12 100010000100
12 100010000100
12 100010000100
12 100010000100

12 100010000100
12 100010000100
12 100010000100
12 100010000100
12 100010000100
12 100010000100
12 100010000100
12 100010000100
12 100010000100
12 100010000100
12 100010000100
12 100010000100
12 100010000100
12 100010000100
12 100010000100
12 100010000100

12 100001000100
12 100001000100
12 100001000100
12 100001000100
12 100001000100
12 100001000100
12 100001000100
12 100001000100
12 100001000100
12 100001000100
12 100001000100
12 100001000100
12 100001000100
12 100001000100
12 100001000100
12 100001000100

12 001000010001
12 001000010001
12 001000010001
12 001000010001
12 001000010001
12 001000010001
12 001000010001
12 001000010001
12 001000010001
12 001000010001
12 001000010001
12 001000010001
12 001000010001
12 001000010001
12 001000010001
12 001000010001

12 100010010000
12 100010010000
12 100010010000
12 100010010000
12 100010010000
12 100010010000
12 100010010000
12 100010010000
12 100010010000
12 100010010000
12 100010010000
12 100010010000
12 100010010000
12 100010010000
12 100010010000
12 100010010000

12 100010010000
12 100010010000
12 100010010000
12 100010010000
0 100010010000
0 100010010000
12 100010010000
12 100010010000
4 100010010000
4 100010010000
12 100010010000
12 100010010000
7 100010010000
7 100010010000
5 100010010000
5 100010010000

12 100001000100
12 100001000100
9 100001000100
9 100001000100
12 100001000100
12 100001000100
12 100001000100
12 100001000100
12 100001000100
12 100001000100
12 100001000100
12 100001000100
12 100001000100
12 100001000100
12 100001000100
12 100001000100

12 100001000100
12 100001000100
12 100001000100
12 100001000100
9 100001000100
9 100001000100
9 100001000100
9 100001000100
7 100001000100
7 100001000100
12 100001000100
12 100001000100
12 100001000100
12 100001000100
2 100001000100
2 100001000100

0 100010010000
0 100010010000
4 100010010000
4 100010010000
12 100010010000
12 100010010000
12 100010010000
12 100010010000
12 100010010000
12 100010010000
12 100010010000
12 100010010000
12 100010010000
12 100010010000
12 100010010000
12 100010010000

12 100010010000
12 100010010000
12 100010010000
12 100010010000
0 100010010000
0 100010010000
9 100010010000
9 100010010000
0 100010010000
0 100010010000
12 100010010000
12 100010010000
0 100010010000
0 100010010000
9 100010010000
9 100010010000

12 101000100100
12 101000100100
0 101000100100
0 101000100100
9 101000100100
9 101000100100
12 101000100100
12 101000100100
12 101000100100
12 101000100100
12 101000100100
12 101000100100
12 101000100100
12 101000100100
12 101000100100
12 101000100100

12 101000100100
12 101000100100
2 101000100100
2 101000100100
2 101000100100
2 101000100100
2 101000100100
2 101000100100
10 101000100100
10 101000100100
9 101000100100
9 101000100100
12 101000100100
12 101000100100
7 101000100100
7 101000100100

12 001000010000
12 001000010000
7 001000010000
7 001000010000
12 001000010000
12 001000010000
12 001000010000
12 001000010000
12 001000010000
12 001000010000
12 001000010000
12 001000010000
12 001000010000
12 001000010000
12 001000010000
12 001000010000

12 001000010000
12 001000010000
12 001000010000
12 001000010000
4 001000010000
4 001000010000
5 001000010000
5 001000010000
4 001000010000
4 001000010000
12 001000010000
12 001000010000
2 001000010000
2 001000010000
0 001000010000
0 001000010000

12 100010010000
12 100010010000
4 100010010000
4 100010010000
12 100010010000
12 100010010000
12 100010010000
12 100010010000
12 100010010000
12 100010010000
12 100010010000
12 100010010000
12 100010010000
12 100010010000
12 100010010000
12 100010010000

12 100010010000
12 100010010000
12 100010010000
12 100010010000
4 100010010000
4 100010010000
5 100010010000
5 100010010000
4 100010010000
4 100010010000
12 100010010000
12 100010010000
2 100010010000
2 100010010000
0 100010010000
0 100010010000

0 100010000100
0 100010000100
0 100010000100
0 100010000100
0 100010000100
0 100010000100
0 100010000100
0 100010000100
0 100010000100
0 100010000100
0 100010000100
0 100010000100
0 100010000100
0 100010000100
0 100010000100
0 100010000100

12 100010000100
12 100010000100
0 100010000100
0 100010000100
0 100010000100
0 100010000100
4 100010000100
4 100010000100
12 100010000100
12 100010000100
5 100010000100
5 100010000100
12 100010000100
12 100010000100
0 100010000100
0 100010000100

12 100001000100
12 100001000100
0 100001000100
0 100001000100
0 100001000100
0 100001000100
5 100001000100
5 100001000100
12 100001000100
12 100001000100
4 100001000100
4 100001000100
12 100001000100
12 100001000100
2 100001000100
2 100001000100

12 001000010001
12 001000010001
2 001000010001
2 001000010001
0 001000010001
0 001000010001
4 001000010001
4 001000010001
0 001000010001
0 001000010001
12 001000010001
12 001000010001
0 001000010001
0 001000010001
12 001000010001
12 001000010001

12 100010000100
12 100010000100
12 100010000100
12 100010000100
12 100010000100
12 100010000100
12 100010000100
12 100010000100
12 100010000100
12 100010000100
12 100010000100
12 100010000100
12 100010000100
12 100010000100
12 100010000100
12 100010000100

12 100010000100
12 100010000100
0 100010000100
0 100010000100
0 100010000100
0 100010000100
4 100010000100
4 100010000100
12 100010000100
12 100010000100
5 100010000100
5 100010000100
12 100010000100
12 100010000100
0 100010000100
0 100010000100

12 100001000100
12 100001000100
0 100001000100
0 100001000100
0 100001000100
0 100001000100
5 100001000100
5 100001000100
12 100001000100
12 100001000100
4 100001000100
4 100001000100
12 100001000100
12 100001000100
2 100001000100
2 100001000100

12 001000010001
12 001000010001
2 001000010001
2 001000010001
0 001000010001
0 001000010001
4 001000010001
4 001000010001
0 001000010001
0 001000010001
12 001000010001
12 001000010001
0 001000010001
0 001000010001
12 001000010001
12 001000010001

12 100010000100
12 100010000100
12 100010000100
12 100010000100
12 100010000100
12 100010000100
12 100010000100
12 100010000100
12 100010000100
12 100010000100
12 100010000100
12 100010000100
12 100010000100
12 100010000100
12 100010000100
12 100010000100

12 100010000100
12 100010000100
12 100010000100
12 100010000100
12 100010000100
12 100010000100
12 100010000100
12 100010000100
12 100010000100
12 100010000100
12 100010000100
12 100010000100
12 100010000100
12 100010000100
12 100010000100
12 100010000100

12 100010000100
12 100010000100
12 100010000100
12 100010000100
12 100010000100
12 100010000100
12 100010000100
12 100010000100
12 100010000100
12 100010000100
12 100010000100
12 100010000100
12 100010000100
12 100010000100
12 100010000100
12 100010000100

12 100010000100
12 100010000100
12 100010000100
12 100010000100
4 100010000100
4 100010000100
5 100010000100
5 100010000100
4 100010000100
4 100010000100
12 100010000100
12 100010000100
2 100010000100
2 100010000100
0 100010000100
0 100010000100

12 100010010000
12 100010010000
0 100010010000
0 100010010000
12 100010010000
12 100010010000
12 100010010000
12 100010010000
12 100010010000
12 100010010000
12 100010010000
12 100010010000
12 100010010000
12 100010010000
12 100010010000
12 100010010000

12 100010010000
12 100010010000
12 100010010000
12 100010010000
12 100010010000
12 100010010000
12 100010010000
12 100010010000
12 100010010000
12 100010010000
12 100010010000
12 100010010000
12 100010010000
12 100010010000
12 100010010000
12 100010010000

12 100010000100
12 100010000100
12 100010000100
12 100010000100
12 100010000100
12 100010000100
12 100010000100
12 100010000100
12 100010000100
12 100010000100
12 100010000100
12 100010000100
12 100010000100
12 100010000100
12 100010000100
12 100010000100

12 100001000100
12 100001000100
12 100001000100
12 100001000100
4 100001000100
4 100001000100
5 100001000100
5 100001000100
4 100001000100
4 100001000100
12 100001000100
12 100001000100
2 100001000100
2 100001000100
0 100001000100
0 100001000100

12 100010010000
12 100010010000
0 100010010000
0 100010010000
12 100010010000
12 100010010000
12 100010010000
12 100010010000
12 100010010000
12 100010010000
12 100010010000
12 100010010000
12 100010010000
12 100010010000
12 100010010000
12 100010010000

12 100010010000
12 100010010000
12 100010010000
12 100010010000
12 100010010000
12 100010010000
12 100010010000
12 100010010000
12 100010010000
12 100010010000
12 100010010000
12 100010010000
12 100010010000
12 100010010000
12 100010010000
12 100010010000

12 100010000100
12 100010000100
12 100010000100
12 100010000100
12 100010000100
12 100010000100
12 100010000100
12 100010000100
12 100010000100
12 100010000100
12 100010000100
12 100010000100
12 100010000100
12 100010000100
12 100010000100
12 100010000100

12 100001000100
12 100001000100
12 100001000100
12 100001000100
4 100001000100
4 100001000100
5 100001000100
5 100001000100
4 100001000100
4 100001000100
12 100001000100
12 100001000100
2 100001000100
2 100001000100
0 100001000100
0 100001000100

12 100010010000
12 100010010000
0 100010010000
0 100010010000
12 100010010000
12 100010010000
12 100010010000
12 100010010000
12 100010010000
12 100010010000
12 100010010000
12 100010010000
12 100010010000
12 100010010000
12 100010010000
12 100010010000

12 100010010000
12 100010010000
12 100010010000
12 100010010000
12 100010010000
12 100010010000
12 100010010000
12 100010010000
12 100010010000
12 100010010000
12 100010010000
12 100010010000
12 100010010000
12 100010010000
12 100010010000
12 100010010000

12 100010000100
12 100010000100
12 100010000100
12 100010000100
12 100010000100
12 100010000100
12 100010000100
12 100010000100
12 100010000100
12 100010000100
12 100010000100
12 100010000100
12 100010000100
12 100010000100
12 100010000100
12 100010000100

12 100001000100
12 100001000100
12 100001000100
12 100001000100
4 100001000100
4 100001000100
5 100001000100
5 100001000100
4 100001000100
4 100001000100
12 100001000100
12 100001000100
2 100001000100
2 100001000100
0 100001000100
0 100001000100

12 100010010000
12 100010010000
0 100010010000
0 100010010000
12 100010010000
12 100010010000
12 100010010000
12 100010010000
12 100010010000
12 100010010000
12 100010010000
12 100010010000
12 100010010000
12 100010010000
12 100010010000
12 100010010000

12 100010010000
12 100010010000
12 100010010000
12 100010010000
12 100010010000
12 100010010000
12 100010010000
12 100010010000
12 100010010000
12 100010010000
12 100010010000
12 100010010000
12 100010010000
12 100010010000
12 100010010000
12 100010010000

12 100010000100
12 100010000100
12 100010000100
12 100010000100
12 100010000100
12 100010000100
12 100010000100
12 100010000100
12 100010000100
12 100010000100
12 100010000100
12 100010000100
12 100010000100
12 100010000100
12 100010000100
12 100010000100

12 100001000100
12 100001000100
12 100001000100
12 100001000100
4 100001000100
4 100001000100
5 100001000100
5 100001000100
4 100001000100
4 100001000100
12 100001000100
12 100001000100
2 100001000100
2 100001000100
0 100001000100
0 100001000100

12 100010010000
12 100010010000
0 100010010000
0 100010010000
12 100010010000
12 100010010000
12 100010010000
12 100010010000
12 100010010000
12 100010010000
12 100010010000
12 100010010000
12 100010010000
12 100010010000
12 100010010000
12 100010010000

12 100010010000
12 100010010000
12 100010010000
12 100010010000
12 100010010000
12 100010010000
12 100010010000
12 100010010000
12 100010010000
12 100010010000
12 100010010000
12 100010010000
12 100010010000
12 100010010000
12 100010010000
12 100010010000

12 100010000100
12 100010000100
12 100010000100
12 100010000100
12 100010000100
12 100010000100
12 100010000100
12 100010000100
12 100010000100
12 100010000100
12 100010000100
12 100010000100
12 100010000100
12 100010000100
12 100010000100
12 100010000100

12 100001000100
12 100001000100
12 100001000100
12 100001000100
4 100001000100
4 100001000100
5 100001000100
5 100001000100
4 100001000100
4 100001000100
12 100001000100
12 100001000100
2 100001000100
2 100001000100
0 100001000100
0 100001000100

12 100010010000
12 100010010000
0 100010010000
0 100010010000
12 100010010000
12 100010010000
12 100010010000
12 100010010000
12 100010010000
12 100010010000
12 100010010000
12 100010010000
12 100010010000
12 100010010000
12 100010010000
12 100010010000

12 100010010000
12 100010010000
12 100010010000
12 100010010000
12 100010010000
12 100010010000
12 100010010000
12 100010010000
12 100010010000
12 100010010000
12 100010010000
12 100010010000
12 100010010000
12 100010010000
12 100010010000
12 100010010000

12 100010000100
12 100010000100
12 100010000100
12 100010000100
12 100010000100
12 100010000100
12 100010000100
12 100010000100
12 100010000100
12 100010000100
12 100010000100
12 100010000100
12 100010000100
12 100010000100
12 100010000100
12 100010000100

12 100001000100
12 100001000100
12 100001000100
12 100001000100
4 100001000100
4 100001000100
5 100001000100
5 100001000100
4 100001000100
4 100001000100
12 100001000100
12 100001000100
2 100001000100
2 100001000100
0 100001000100
0 100001000100

12 100010010000
12 100010010000
0 100010010000
0 100010010000
12 100010010000
12 100010010000
12 100010010000
12 100010010000
12 100010010000
12 100010010000
12 100010010000
12 100010010000
12 100010010000
12 100010010000
12 100010010000
12 100010010000

12 100010010000
12 100010010000
12 100010010000
12 100010010000
12 100010010000
12 100010010000
12 100010010000
12 100010010000
12 100010010000
12 100010010000
12 100010010000
12 100010010000
12 100010010000
12 100010010000
12 100010010000
12 100010010000

12 100010000100
12 100010000100
12 100010000100
12 100010000100
12 100010000100
12 100010000100
12 100010000100
12 100010000100
12 100010000100
12 100010000100
12 100010000100
12 100010000100
12 100010000100
12 100010000100
12 100010000100
12 100010000100

12 100001000100
12 100001000100
12 100001000100
12 100001000100
4 100001000100
4 100001000100
5 100001000100
5 100001000100
7 100001000100
7 100001000100
12 100001000100
12 100001000100
12 100001000100
12 100001000100
5 100001000100
5 100001000100

4 100010010000
4 100010010000
0 100010010000
0 100010010000
12 100010010000
12 100010010000
12 100010010000
12 100010010000
12 100010010000
12 100010010000
12 100010010000
12 100010010000
12 100010010000
12 100010010000
12 100010010000
12 100010010000

12 100010010000
12 100010010000
12 100010010000
12 100010010000
12 100010010000
12 100010010000
12 100010010000
12 100010010000
12 100010010000
12 100010010000
12 100010010000
12 100010010000
12 100010010000
12 100010010000
12 100010010000
12 100010010000

12 100010000100
12 100010000100
12 100010000100
12 100010000100
12 100010000100
12 100010000100
12 100010000100
12 100010000100
12 100010000100
12 100010000100
12 100010000100
12 100010000100
12 100010000100
12 100010000100
12 100010000100
12 100010000100

12 100001000100
12 100001000100
12 100001000100
12 100001000100
12 100001000100
12 100001000100
12 100001000100
12 100001000100
12 100001000100
12 100001000100
12 100001000100
12 100001000100
12 100001000100
12 100001000100
12 100001000100
12 100001000100

