12 100010010000
12 100010010000
12 100010010000
12 100010010000
12 100010010000
12 100010010000
12 100010010000
12 100010010000
12 100010010000
12 100010010000
12 100010010000
12 100010010000
12 100010010000
12 100010010000
12 100010010000
7 100010010000

4 100010010000
12 100010010000
4 100010010000
12 100010010000
4 100010010000
12 100010010000
4 100010010000
12 100010010000
12 100010010000
12 100010010000
2 100010010000
0 100010010000
12 100010010000
0 100010010000
12 100010010000
12 100010010000

12 100010000100
12 100010000100
12 100010000100
12 100010000100
12 100010000100
12 100010000100
12 100010000100
12 100010000100
12 100010000100
12 100010000100
12 100010000100
12 100010000100
12 100010000100
12 100010000100
7 100010000100
7 100010000100

4 100010000100
4 100010000100
4 100010000100
4 100010000100
4 100010000100
4 100010000100
4 100010000100
4 100010000100
12 000010010001
12 000010010001
11 000010010001
11 000010010001
12 000010010001
12 000010010001
0 000010010001
0 000010010001

12 100001000100
12 100001000100
12 100001000100
12 100001000100
12 100001000100
12 100001000100
12 100001000100
12 100001000100
12 100001000100
12 100001000100
0 100001000100
0 100001000100
9 100001000100
9 100001000100
7 100001000100
7 100001000100

12 100010010000
12 100010010000
0 100010010000
0 100010010000
12 100010010000
12 100010010000
12 100010010000
12 100010010000
12 100010010000
12 100010010000
12 100010010000
12 100010010000
12 100010010000
12 100010010000
0 100010010000
0 100010010000

0 100001000100
0 100001000100
0 100001000100
0 100001000100
0 100001000100
0 100001000100
0 100001000100
0 100001000100
0 100001000100
0 100001000100
0 100001000100
0 100001000100
0 100001000100
0 100001000100
0 100001000100
0 100001000100

12 100001000100
12 100001000100
12 100001000100
12 100001000100
12 100001000100
12 100001000100
12 100001000100
12 100001000100
12 100001000100
12 100001000100
12 100001000100
12 100001000100
12 100001000100
12 100001000100
12 100001000100
12 100001000100

12 100010010000
12 100010010000
12 100010010000
12 100010010000
12 100010010000
12 100010010000
12 100010010000
12 100010010000
12 100010010000
12 100010010000
12 100010010000
12 100010010000
12 100010010000
12 100010010000
7 100010010000
7 100010010000

4 100010010000
4 100010010000
4 100010010000
4 100010010000
4 100010010000
4 100010010000
4 100010010000
4 100010010000
12 100010010000
12 100010010000
2 100010010000
2 100010010000
0 100010010000
0 100010010000
12 100010010000
12 100010010000

12 100010000100
12 100010000100
12 100010000100
12 100010000100
12 100010000100
12 100010000100
12 100010000100
12 100010000100
12 100010000100
12 100010000100
12 100010000100
12 100010000100
12 100010000100
12 100010000100
7 100010000100
7 100010000100

4 100010000100
4 100010000100
4 100010000100
4 100010000100
4 100010000100
4 100010000100
4 100010000100
4 100010000100
12 000010010001
12 000010010001
11 000010010001
11 000010010001
12 000010010001
12 000010010001
0 000010010001
0 000010010001

12 100001000100
12 100001000100
12 100001000100
12 100001000100
12 100001000100
12 100001000100
12 100001000100
12 100001000100
12 100001000100
12 100001000100
0 100001000100
12 100001000100
9 100001000100
7 100001000100
7 100001000100
12 100001000100

12 100010010000
12 100010010000
0 100010010000
12 100010010000
12 100010010000
12 100010010000
12 100010010000
12 100010010000
12 100010010000
12 100010010000
12 100010010000
0 100010010000
0 100010010000
0 100010010000
0 100010010000
12 100010010000

12 100001000100
12 100001000100
12 100001000100
12 100001000100
12 100001000100
12 100001000100
12 100001000100
12 100001000100
12 100001000100
12 100001000100
12 100001000100
12 100001000100
12 100001000100
12 100001000100
12 100001000100
12 100001000100

12 100001000100
12 100001000100
12 100001000100
12 100001000100
12 100001000100
12 100001000100
12 100001000100
12 100001000100
12 100001000100
12 100001000100
4 100001000100
4 100001000100
12 100001000100
12 100001000100
0 100001000100
2 100001000100

12 001001000100
12 001001000100
12 001001000100
12 001001000100
12 001001000100
12 001001000100
12 001001000100
12 001001000100
12 001001000100
12 001001000100
12 001001000100
12 001001000100
12 001001000100
12 001001000100
12 001001000100
12 001001000100

12 001001000100
12 001001000100
12 001001000100
12 001001000100
12 001001000100
12 001001000100
12 001001000100
12 001001000100
12 001001000100
12 001001000100
4 001001000100
4 001001000100
12 001001000100
12 001001000100
7 001001000100
7 001001000100

12 100010010000
12 100010010000
12 100010010000
12 100010010000
12 100010010000
12 100010010000
12 100010010000
12 100010010000
12 100010010000
12 100010010000
12 100010010000
12 100010010000
12 100010010000
12 100010010000
12 100010010000
12 100010010000

12 100010010000
12 100010010000
12 100010010000
12 100010010000
12 100010010000
12 100010010000
12 100010010000
12 100010010000
12 100010010000
12 100010010000
4 100010010000
4 100010010000
12 100010010000
12 100010010000
5 100010010000
4 100010010000

2 001001000100
2 001001000100
2 001001000100
2 001001000100
2 001001000100
2 001001000100
2 001001000100
2 001001000100
2 001001000100
2 001001000100
2 001001000100
2 001001000100
2 001001000100
2 001001000100
2 001001000100
2 001001000100

12 001001000100
12 001001000100
12 001001000100
12 001001000100
12 001001000100
12 001001000100
12 001001000100
12 001001000100
12 001001000100
12 001001000100
4 001001000100
4 001001000100
12 001001000100
12 001001000100
7 001001000100
7 001001000100

12 100010010000
12 100010010000
12 100010010000
12 100010010000
12 100010010000
12 100010010000
12 100010010000
12 100010010000
12 100010010000
12 100010010000
12 100010010000
12 100010010000
12 100010010000
12 100010010000
12 100010010000
12 100010010000

12 100010010000
12 100010010000
12 100010010000
12 100010010000
12 100010010000
12 100010010000
12 100010010000
12 100010010000
12 100010010000
12 100010010000
12 100010010000
12 100010010000
12 100010010000
12 100010010000
12 100010010000
12 100010010000

12 100010010000
12 100010010000
12 100010010000
12 100010010000
12 100010010000
12 100010010000
12 100010010000
12 100010010000
12 100010010000
12 100010010000
12 100010010000
12 100010010000
12 100010010000
12 100010010000
12 100010010000
7 100010010000

4 100010010000
4 100010010000
4 100010010000
4 100010010000
4 100010010000
4 100010010000
4 100010010000
4 100010010000
12 100010010000
12 100010010000
2 100010010000
2 100010010000
0 100010010000
0 100010010000
12 100010010000
12 100010010000

12 100010000100
12 100010000100
12 100010000100
12 100010000100
12 100010000100
12 100010000100
12 100010000100
12 100010000100
12 100010000100
12 100010000100
12 100010000100
12 100010000100
12 100010000100
12 100010000100
12 100010000100
7 100010000100

4 100010000100
4 100010000100
4 100010000100
4 100010000100
4 100010000100
4 100010000100
4 100010000100
4 100010000100
12 000010010001
12 000010010001
11 000010010001
11 000010010001
12 000010010001
12 000010010001
0 000010010001
0 000010010001

12 100001000100
12 100001000100
12 100001000100
12 100001000100
12 100001000100
12 100001000100
12 100001000100
12 100001000100
12 100001000100
12 100001000100
0 100001000100
0 100001000100
9 100001000100
9 100001000100
7 100001000100
7 100001000100

12 100010010000
12 100010010000
0 100010010000
0 100010010000
12 100010010000
12 100010010000
12 100010010000
12 100010010000
12 100010010000
12 100010010000
12 100010010000
12 100010010000
12 100010010000
12 100010010000
0 100010010000
0 100010010000

0 100001000100
0 100001000100
0 100001000100
0 100001000100
0 100001000100
0 100001000100
0 100001000100
0 100001000100
0 100001000100
0 100001000100
0 100001000100
0 100001000100
0 100001000100
0 100001000100
0 100001000100
0 100001000100

12 100001000100
12 100001000100
12 100001000100
12 100001000100
12 100001000100
12 100001000100
12 100001000100
12 100001000100
12 100001000100
12 100001000100
12 100001000100
12 100001000100
12 100001000100
12 100001000100
12 100001000100
12 100001000100

12 100010010000
12 100010010000
12 100010010000
12 100010010000
12 100010010000
12 100010010000
12 100010010000
12 100010010000
12 100010010000
12 100010010000
12 100010010000
12 100010010000
12 100010010000
12 100010010000
12 100010010000
7 100010010000

4 100010010000
4 100010010000
4 100010010000
12 100010010000
12 100010010000
12 100010010000
5 100010010000
12 100010010000
12 100010010000
12 100010010000
4 100010010000
12 100010010000
0 100010010000
12 100010010000
12 100010010000
12 100010010000

12 100010000100
12 100010000100
12 100010000100
12 100010000100
12 100010000100
12 100010000100
12 100010000100
12 100010000100
12 100010000100
12 100010000100
12 100010000100
12 100010000100
12 100010000100
12 100010000100
12 100010000100
2 100010000100

4 100010000100
4 100010000100
3 100010000100
3 100010000100
4 100010000100
4 100010000100
7 100010000100
7 100010000100
12 000010010001
12 000010010001
11 000010010001
11 000010010001
12 000010010001
12 000010010001
0 000010010001
0 000010010001

12 100001000100
12 100001000100
12 100001000100
12 100001000100
12 100001000100
12 100001000100
0 100001000100
12 100001000100
9 100001000100
12 100001000100
7 100001000100
12 100001000100
9 100001000100
7 100001000100
7 100001000100
12 100001000100

12 100010010000
12 100010010000
0 100010010000
12 100010010000
12 100010010000
12 100010010000
12 100010010000
12 100010010000
12 100010010000
12 100010010000
12 100010010000
12 100010010000
12 100010010000
0 100010010000
0 100010010000
12 100010010000

12 100001000100
12 100001000100
0 100001000100
0 100001000100
12 100001000100
12 100001000100
12 100001000100
12 100001000100
12 100001000100
12 100001000100
12 100001000100
12 100001000100
12 100001000100
12 100001000100
12 100001000100
12 100001000100

12 100001000100
12 100001000100
12 100001000100
12 100001000100
12 100001000100
12 100001000100
12 100001000100
12 100001000100
12 100001000100
12 100001000100
7 100001000100
4 100001000100
12 100001000100
12 100001000100
0 100001000100
2 100001000100

12 001001000100
12 001001000100
12 001001000100
12 001001000100
12 001001000100
12 001001000100
12 001001000100
12 001001000100
12 001001000100
12 001001000100
12 001001000100
12 001001000100
12 001001000100
12 001001000100
12 001001000100
12 001001000100

12 001001000100
12 001001000100
12 001001000100
12 001001000100
12 001001000100
12 001001000100
12 001001000100
12 001001000100
12 001001000100
12 001001000100
4 001001000100
4 001001000100
12 001001000100
12 001001000100
7 001001000100
7 001001000100

12 100010010000
12 100010010000
12 100010010000
12 100010010000
12 100010010000
12 100010010000
12 100010010000
12 100010010000
12 100010010000
12 100010010000
12 100010010000
12 100010010000
12 100010010000
12 100010010000
12 100010010000
12 100010010000

12 100010010000
12 100010010000
12 100010010000
12 100010010000
12 100010010000
12 100010010000
12 100010010000
12 100010010000
12 100010010000
12 100010010000
4 100010010000
4 100010010000
12 100010010000
12 100010010000
5 100010010000
4 100010010000

2 001001000100
2 001001000100
2 001001000100
2 001001000100
2 001001000100
2 001001000100
2 001001000100
2 001001000100
2 001001000100
2 001001000100
2 001001000100
2 001001000100
2 001001000100
2 001001000100
2 001001000100
2 001001000100

12 001001000100
12 001001000100
12 001001000100
12 001001000100
12 001001000100
12 001001000100
0 001001000100
0 001001000100
5 001001000100
5 001001000100
12 001001000100
12 001001000100
12 001001000100
12 001001000100
12 001001000100
12 001001000100

12 100010010000
12 100010010000
12 100010010000
12 100010010000
12 100010010000
12 100010010000
12 100010010000
12 100010010000
12 100010010000
12 100010010000
12 100010010000
12 100010010000
12 100010010000
12 100010010000
12 100010010000
4 100010010000

12 100010010000
12 100010010000
12 100010010000
12 100010010000
12 100010010000
12 100010010000
12 100010010000
12 100010010000
12 100010010000
12 100010010000
12 100010010000
12 100010010000
12 100010010000
12 100010010000
12 100010010000
2 100010010000

0 100010010000
12 100010010000
12 100010010000
12 100010010000
12 100010010000
12 100010010000
12 100010010000
12 100010010000
12 100010010000
12 100010010000
12 100010010000
12 100010010000
12 100010010000
12 100010010000
12 100010010000
7 100010010000

4 100010010000
4 100010010000
4 100010010000
4 100010010000
4 100010010000
4 100010010000
4 100010010000
4 100010010000
12 100010010000
12 100010010000
2 100010010000
2 100010010000
0 100010010000
0 100010010000
12 100010010000
12 100010010000

12 100010000100
12 100010000100
12 100010000100
12 100010000100
12 100010000100
12 100010000100
12 100010000100
12 100010000100
12 100010000100
12 100010000100
12 100010000100
12 100010000100
12 100010000100
12 100010000100
12 100010000100
7 100010000100

4 100010000100
4 100010000100
4 100010000100
4 100010000100
4 100010000100
4 100010000100
4 100010000100
4 100010000100
12 000010010001
12 000010010001
11 000010010001
11 000010010001
12 000010010001
12 000010010001
0 000010010001
0 000010010001

12 100001000100
12 100001000100
12 100001000100
12 100001000100
12 100001000100
12 100001000100
12 100001000100
12 100001000100
12 100001000100
12 100001000100
0 100001000100
0 100001000100
9 100001000100
9 100001000100
7 100001000100
7 100001000100

12 100010010000
12 100010010000
0 100010010000
0 100010010000
12 100010010000
12 100010010000
12 100010010000
12 100010010000
12 100010010000
12 100010010000
12 100010010000
12 100010010000
12 100010010000
12 100010010000
0 100010010000
0 100010010000

12 100001000100
12 100001000100
0 100001000100
0 100001000100
12 100001000100
12 100001000100
12 100001000100
12 100001000100
12 100001000100
12 100001000100
12 100001000100
12 100001000100
12 100001000100
12 100001000100
12 100001000100
12 100001000100

12 100001000100
12 100001000100
12 100001000100
12 100001000100
12 100001000100
12 100001000100
12 100001000100
12 100001000100
12 100001000100
12 100001000100
12 100001000100
12 100001000100
12 100001000100
12 100001000100
12 100001000100
12 100001000100

12 100010010000
12 100010010000
12 100010010000
12 100010010000
12 100010010000
12 100010010000
12 100010010000
12 100010010000
12 100010010000
12 100010010000
12 100010010000
12 100010010000
12 100010010000
12 100010010000
7 100010010000
7 100010010000

4 100010010000
12 100010010000
4 100010010000
12 100010010000
4 100010010000
12 100010010000
7 100010010000
12 100010010000
12 100010010000
12 100010010000
12 100010010000
12 100010010000
5 100010010000
4 100010010000
12 100010010000
12 100010010000

12 100010000100
12 100010000100
12 100010000100
12 100010000100
12 100010000100
12 100010000100
12 100010000100
12 100010000100
12 100010000100
12 100010000100
12 100010000100
12 100010000100
12 100010000100
12 100010000100
0 100010000100
0 100010000100

4 100010000100
12 100010000100
2 100010000100
12 100010000100
4 100010000100
12 100010000100
7 100010000100
12 100010000100
12 000010010001
12 000010010001
9 000010010001
12 000010010001
7 000010010001
12 000010010001
9 000010010001
7 000010010001

12 100001000100
12 100001000100
12 100001000100
12 100001000100
12 100001000100
12 100001000100
12 100001000100
12 100001000100
12 100001000100
12 100001000100
0 100001000100
0 100001000100
9 100001000100
9 100001000100
7 100001000100
7 100001000100

12 100010010000
12 100010010000
0 100010010000
0 100010010000
12 100010010000
12 100010010000
12 100010010000
12 100010010000
12 100010010000
12 100010010000
12 100010010000
12 100010010000
12 100010010000
12 100010010000
0 100010010000
0 100010010000

0 100001000100
0 100001000100
0 100001000100
0 100001000100
0 100001000100
0 100001000100
0 100001000100
0 100001000100
0 100001000100
0 100001000100
0 100001000100
0 100001000100
0 100001000100
0 100001000100
0 100001000100
0 100001000100

12 100001000100
12 100001000100
12 100001000100
12 100001000100
12 100001000100
12 100001000100
12 100001000100
12 100001000100
12 100001000100
7 100001000100
7 100001000100
4 100001000100
12 100001000100
12 100001000100
0 100001000100
2 100001000100

12 001001000100
12 001001000100
12 001001000100
12 001001000100
12 001001000100
12 001001000100
12 001001000100
12 001001000100
12 001001000100
12 001001000100
12 001001000100
12 001001000100
12 001001000100
12 001001000100
12 001001000100
12 001001000100

12 001001000100
12 001001000100
12 001001000100
12 001001000100
12 001001000100
12 001001000100
12 001001000100
12 001001000100
12 001001000100
12 001001000100
4 001001000100
4 001001000100
12 001001000100
12 001001000100
7 001001000100
7 001001000100

12 100010010000
12 100010010000
12 100010010000
12 100010010000
12 100010010000
12 100010010000
12 100010010000
12 100010010000
12 100010010000
12 100010010000
12 100010010000
12 100010010000
12 100010010000
12 100010010000
12 100010010000
12 100010010000

12 100010010000
12 100010010000
12 100010010000
12 100010010000
12 100010010000
12 100010010000
12 100010010000
12 100010010000
12 100010010000
12 100010010000
4 100010010000
4 100010010000
12 100010010000
12 100010010000
5 100010010000
4 100010010000

2 001001000100
2 001001000100
2 001001000100
2 001001000100
2 001001000100
2 001001000100
2 001001000100
2 001001000100
2 001001000100
2 001001000100
2 001001000100
2 001001000100
2 001001000100
2 001001000100
2 001001000100
2 001001000100

12 001001000100
12 001001000100
12 001001000100
12 001001000100
12 001001000100
12 001001000100
0 001001000100
0 001001000100
5 001001000100
5 001001000100
4 001001000100
4 001001000100
2 001001000100
2 001001000100
12 001001000100
12 001001000100

12 100010010000
0 100010010000
0 100010010000
12 100010010000
12 100010010000
12 100010010000
12 100010010000
12 100010010000
12 100010010000
12 100010010000
12 100010010000
12 100010010000
12 100010010000
12 100010010000
12 100010010000
12 100010010000

12 100010010000
12 100010010000
12 100010010000
12 100010010000
12 100010010000
12 100010010000
12 100010010000
12 100010010000
4 100010010000
4 100010010000
5 100010010000
5 100010010000
7 100010010000
7 100010010000
0 100010010000
0 100010010000

12 001001000100
12 001001000100
12 001001000100
12 001001000100
12 001001000100
12 001001000100
12 001001000100
12 001001000100
5 001001000100
5 001001000100
12 001001000100
12 001001000100
5 001001000100
5 001001000100
4 001001000100
4 001001000100

2 001001000100
2 001001000100
12 001001000100
12 001001000100
12 001001000100
12 001001000100
12 001001000100
12 001001000100
2 001001000100
2 001001000100
4 001001000100
4 001001000100
5 001001000100
5 001001000100
0 001001000100
0 001001000100

12 100010010000
12 100010010000
12 100010010000
12 100010010000
12 100010010000
12 100010010000
12 100010010000
12 100010010000
5 100010010000
5 100010010000
12 100010010000
12 100010010000
5 100010010000
5 100010010000
4 100010010000
4 100010010000

0 100010010000
0 100010010000
12 100010010000
12 100010010000
12 100010010000
12 100010010000
12 100010010000
12 100010010000
12 100010010000
12 100010010000
11 100010010000
11 100010010000
12 100010010000
12 100010010000
12 100010010000
12 100010010000

12 001001000100
12 001001000100
0 001001000100
0 001001000100
12 001001000100
12 001001000100
12 001001000100
12 001001000100
12 001001000100
12 001001000100
12 001001000100
12 001001000100
12 001001000100
12 001001000100
12 001001000100
12 001001000100

12 001001000100
12 001001000100
12 001001000100
12 001001000100
12 001001000100
12 001001000100
12 001001000100
12 001001000100
12 001001000100
12 001001000100
11 001001000100
11 001001000100
12 001001000100
12 001001000100
12 001001000100
12 001001000100

12 100010010000
12 100010010000
0 100010010000
0 100010010000
12 100010010000
12 100010010000
12 100010010000
12 100010010000
12 100010010000
12 100010010000
12 100010010000
12 100010010000
12 100010010000
12 100010010000
7 100010010000
7 100010010000

2 100010010000
12 100010010000
12 100010010000
12 100010010000
12 100010010000
4 100010010000
2 100010010000
12 100010010000
2 100010010000
12 100010010000
0 100010010000
12 100010010000
0 100010010000
12 100010010000
12 100010010000
12 100010010000

12 001001000100
12 001001000100
12 001001000100
12 001001000100
12 001001000100
12 001001000100
12 001001000100
12 001001000100
12 001001000100
12 001001000100
12 001001000100
12 001001000100
12 001001000100
12 001001000100
12 001001000100
12 001001000100

12 001001000100
12 001001000100
12 001001000100
12 001001000100
12 001001000100
12 001001000100
12 001001000100
12 001001000100
12 001001000100
12 001001000100
12 001001000100
12 001001000100
12 001001000100
12 001001000100
12 001001000100
12 001001000100

12 100010010000
12 100010010000
12 100010010000
12 100010010000
12 100010010000
12 100010010000
12 100010010000
12 100010010000
12 100010010000
12 100010010000
12 100010010000
12 100010010000
12 100010010000
12 100010010000
12 100010010000
12 100010010000

12 100010010000
12 100010010000
12 100010010000
12 100010010000
12 100010010000
12 100010010000
12 100010010000
12 100010010000
12 100010010000
12 100010010000
12 100010010000
12 100010010000
12 100010010000
12 100010010000
12 100010010000
12 100010010000

12 001001000100
12 001001000100
12 001001000100
12 001001000100
12 001001000100
12 001001000100
12 001001000100
12 001001000100
12 001001000100
12 001001000100
12 001001000100
12 001001000100
12 001001000100
12 001001000100
12 001001000100
12 001001000100

12 001001000100
12 001001000100
12 001001000100
12 001001000100
12 001001000100
12 001001000100
12 001001000100
12 001001000100
12 001001000100
12 001001000100
12 001001000100
12 001001000100
12 001001000100
12 001001000100
12 001001000100
12 001001000100

12 100010010000
12 100010010000
12 100010010000
12 100010010000
12 100010010000
12 100010010000
12 100010010000
12 100010010000
12 100010010000
12 100010010000
12 100010010000
12 100010010000
12 100010010000
12 100010010000
12 100010010000
12 100010010000

