12 100100010000
12 100100010000
12 100100010000
12 100100010000
12 100100010000
12 100100010000
12 100100010000
12 100100010000
12 100100010000
12 100100010000
12 100100010000
12 100100010000
12 100100010000
12 100100010000
12 100100010000
12 100100010000

12 100100010000
12 100100010000
12 100100010000
12 100100010000
12 100100010000
12 100100010000
12 100100010000
12 100100010000
12 100100010000
12 100100010000
12 100100010000
12 100100010000
12 100100010000
12 100100010000
12 100100010000
12 100100010000

12 100100010000
12 100100010000
12 100100010000
12 100100010000
10 100100010000
10 100100010000
0 100100010000
0 100100010000
3 100100010000
3 100100010000
0 100100010000
0 100100010000
3 100100010000
3 100100010000
5 100100010000
5 100100010000

12 100100010000
12 100100010000
12 100100010000
12 100100010000
12 100100010000
12 100100010000
3 100100010000
3 100100010000
12 100100010000
12 100100010000
12 100100010000
12 100100010000
12 100100010000
12 100100010000
12 100100010000
12 100100010000

12 100100001000
12 100100001000
12 100100001000
12 100100001000
7 100100001000
7 100100001000
5 100100001000
5 100100001000
3 000100010010
3 000100010010
0 000100010010
0 000100010010
3 000100010010
3 000100010010
0 000100010010
0 000100010010

12 100001001000
12 100001001000
12 100001001000
12 100001001000
12 100001001000
12 100001001000
10 100001001000
10 100001001000
12 001001000010
12 001001000010
12 001001000010
12 001001000010
12 001001000010
12 001001000010
12 001001000010
12 001001000010

12 100100010000
12 100100010000
12 100100010000
12 100100010000
10 100100010000
10 100100010000
0 100100010000
0 100100010000
3 100100010000
3 100100010000
0 100100010000
0 100100010000
3 100100010000
3 100100010000
5 100100010000
5 100100010000

12 100100010000
12 100100010000
12 100100010000
12 100100010000
12 100100010000
12 100100010000
3 100100010000
3 100100010000
12 100100010000
12 100100010000
12 100100010000
12 100100010000
12 100100010000
12 100100010000
12 100100010000
12 100100010000

12 100100001000
12 100100001000
12 100100001000
12 100100001000
7 100100001000
7 100100001000
5 100100001000
5 100100001000
3 000100010010
3 000100010010
0 000100010010
0 000100010010
3 000100010010
3 000100010010
0 000100010010
0 000100010010

12 100001001000
12 100001001000
12 100001001000
12 100001001000
12 100001001000
12 100001001000
10 100001001000
10 100001001000
12 001001000010
12 001001000010
12 001001000010
12 001001000010
12 001001000010
12 001001000010
12 001001000010
12 001001000010

12 101001000100
12 101001000100
12 101001000100
12 101001000100
12 101001000100
12 101001000100
12 101001000100
12 101001000100
12 101001000100
12 101001000100
4 101001000100
4 101001000100
12 101001000100
12 101001000100
0 101001000100
0 101001000100

12 001000010001
12 001000010001
12 001000010001
12 001000010001
12 001000010001
12 001000010001
9 001000010001
12 001000010001
12 001000010001
12 001000010001
9 001000010001
12 001000010001
7 001000010001
9 001000010001
12 001000010001
12 001000010001

12 101001000100
12 101001000100
12 101001000100
12 101001000100
12 101001000100
12 101001000100
12 101001000100
12 101001000100
12 101001000100
12 101001000100
9 101001000100
12 101001000100
9 101001000100
9 101001000100
9 101001000100
9 101001000100

12 001000010001
12 001000010001
9 001000010001
12 001000010001
12 001000010001
4 001000010001
7 001000010001
12 001000010001
12 001000010001
12 001000010001
12 001000010001
9 001000010001
12 001000010001
0 001000010001
12 001000010001
12 001000010001

2 101001000100
12 101001000100
12 101001000100
12 101001000100
12 101001000100
12 101001000100
12 101001000100
12 101001000100
12 101001000100
0 101001000100
4 101001000100
12 101001000100
12 101001000100
7 101001000100
12 101001000100
12 101001000100

2 001000010001
3 001000010001
2 001000010001
0 001000010001
12 001000010001
12 001000010001
2 001000010001
12 001000010001
12 001000010001
12 001000010001
9 001000010001
12 001000010001
12 001000010001
9 001000010001
12 001000010001
7 001000010001

9 101001000100
12 101001000100
12 101001000100
12 101001000100
12 101001000100
12 101001000100
12 101001000100
12 101001000100
12 101001000100
12 101001000100
9 101001000100
12 101001000100
9 101001000100
9 101001000100
9 101001000100
9 101001000100

9 001000010001
12 001000010001
12 001000010001
4 001000010001
7 001000010001
12 001000010001
12 001000010001
12 001000010001
12 001000010001
12 001000010001
12 001000010001
12 001000010001
12 001000010001
12 001000010001
12 001000010001
12 001000010001

12 101001000100
12 101001000100
12 101001000100
12 101001000100
12 101001000100
12 101001000100
12 101001000100
12 101001000100
12 101001000100
12 101001000100
3 101001000100
3 101001000100
12 101001000100
12 101001000100
2 101001000100
2 101001000100

12 001000010001
12 001000010001
12 001000010001
12 001000010001
0 001000010001
12 001000010001
12 001000010001
12 001000010001
12 001000010001
12 001000010001
12 001000010001
9 001000010001
0 001000010001
12 001000010001
12 001000010001
9 001000010001

2 101001000100
12 101001000100
12 101001000100
12 101001000100
12 101001000100
12 101001000100
12 101001000100
12 101001000100
12 101001000100
12 101001000100
12 101001000100
9 101001000100
9 101001000100
9 101001000100
9 101001000100
7 101001000100

9 001000010001
9 001000010001
9 001000010001
9 001000010001
9 001000010001
9 001000010001
9 001000010001
9 001000010001
9 001000010001
9 001000010001
9 001000010001
9 001000010001
9 001000010001
9 001000010001
9 001000010001
9 001000010001

12 101001000100
12 101001000100
12 101001000100
12 101001000100
12 101001000100
12 101001000100
12 101001000100
12 101001000100
4 101001000100
12 101001000100
12 101001000100
12 101001000100
2 101001000100
12 101001000100
12 101001000100
0 101001000100

12 001000010001
12 001000010001
12 001000010001
12 001000010001
12 001000010001
12 001000010001
12 001000010001
7 001000010001
9 001000010001
12 001000010001
12 001000010001
4 001000010001
7 001000010001
12 001000010001
12 001000010001
12 001000010001

7 101001000100
12 101001000100
12 101001000100
12 101001000100
12 101001000100
12 101001000100
12 101001000100
12 101001000100
9 101001000100
12 101001000100
12 101001000100
12 101001000100
9 101001000100
7 101001000100
9 101001000100
7 101001000100

9 001000010001
12 001000010001
12 001000010001
12 001000010001
12 001000010001
12 001000010001
9 001000010001
7 001000010001
9 001000010001
12 001000010001
0 001000010001
12 001000010001
0 001000010001
12 001000010001
2 001000010001
12 001000010001

12 101001000100
12 101001000100
12 101001000100
12 101001000100
9 101001000100
9 101001000100
9 101001000100
9 101001000100
0 101001000100
0 101001000100
9 101001000100
9 101001000100
0 101001000100
0 101001000100
4 101001000100
4 101001000100

12 001000010001
12 001000010001
12 001000010001
12 001000010001
12 001000010001
12 001000010001
2 001000010001
2 001000010001
12 001000010001
12 001000010001
12 001000010001
12 001000010001
12 001000010001
12 001000010001
12 001000010001
12 001000010001

12 101001000100
12 101001000100
12 101001000100
12 101001000100
4 101001000100
4 101001000100
2 101001000100
2 101001000100
0 101001000100
0 101001000100
9 101001000100
9 101001000100
0 101001000100
0 101001000100
4 101001000100
4 101001000100

12 100100010000
12 100100010000
12 100100010000
5 100100010000
12 100100010000
3 100100010000
0 100100010000
12 100100010000
12 100100010000
12 100100010000
12 100100010000
12 100100010000
12 100100010000
12 100100010000
12 100100010000
12 100100010000

12 100100010000
12 100100010000
12 100100010000
12 100100010000
12 100100010000
12 100100010000
12 100100010000
12 100100010000
12 100100010000
12 100100010000
12 100100010000
12 100100010000
12 100100010000
12 100100010000
12 100100010000
12 100100010000

12 101001000100
12 101001000100
12 101001000100
12 101001000100
12 101001000100
12 101001000100
12 101001000100
12 101001000100
12 101001000100
12 101001000100
12 101001000100
12 101001000100
12 101001000100
12 101001000100
12 101001000100
12 101001000100

12 001000010001
12 001000010001
12 001000010001
12 001000010001
12 001000010001
12 001000010001
12 001000010001
12 001000010001
12 001000010001
12 001000010001
12 001000010001
12 001000010001
12 001000010001
12 001000010001
12 001000010001
12 001000010001

12 101001000100
12 101001000100
12 101001000100
12 101001000100
12 101001000100
12 101001000100
12 101001000100
12 101001000100
12 101001000100
12 101001000100
12 101001000100
12 101001000100
12 101001000100
12 101001000100
12 101001000100
12 101001000100

12 001000010001
12 001000010001
12 001000010001
12 001000010001
12 001000010001
12 001000010001
12 001000010001
12 001000010001
12 001000010001
12 001000010001
12 001000010001
12 001000010001
12 001000010001
12 001000010001
12 001000010001
12 001000010001

12 101001000100
12 101001000100
12 101001000100
12 101001000100
12 101001000100
12 101001000100
12 101001000100
12 101001000100
12 101001000100
12 101001000100
12 101001000100
12 101001000100
12 101001000100
12 101001000100
12 101001000100
12 101001000100

12 001000010001
12 001000010001
12 001000010001
12 001000010001
12 001000010001
12 001000010001
12 001000010001
12 001000010001
12 001000010001
12 001000010001
12 001000010001
12 001000010001
12 001000010001
12 001000010001
12 001000010001
12 001000010001

12 101001000100
12 101001000100
12 101001000100
12 101001000100
12 101001000100
12 101001000100
12 101001000100
12 101001000100
12 101001000100
12 101001000100
12 101001000100
12 101001000100
12 101001000100
12 101001000100
12 101001000100
12 101001000100

12 100100010000
12 100100010000
12 100100010000
12 100100010000
12 100100010000
12 100100010000
12 100100010000
12 100100010000
12 100100010000
12 100100010000
12 100100010000
12 100100010000
12 100100010000
12 100100010000
12 100100010000
12 100100010000

12 100100010000
12 100100010000
12 100100010000
12 100100010000
12 100100010000
12 100100010000
12 100100010000
12 100100010000
12 100100010000
12 100100010000
12 100100010000
12 100100010000
12 100100010000
12 100100010000
12 100100010000
12 100100010000

12 101001000100
12 101001000100
12 101001000100
12 101001000100
12 101001000100
12 101001000100
12 101001000100
3 101001000100
2 101001000100
12 101001000100
2 101001000100
2 101001000100
12 101001000100
4 101001000100
12 101001000100
0 101001000100

2 001000010001
12 001000010001
0 001000010001
12 001000010001
12 001000010001
12 001000010001
12 001000010001
12 001000010001
12 001000010001
9 001000010001
12 001000010001
0 001000010001
12 001000010001
0 001000010001
2 001000010001
12 001000010001

12 101001000100
12 101001000100
12 101001000100
12 101001000100
12 101001000100
12 101001000100
12 101001000100
12 101001000100
12 101001000100
12 101001000100
2 101001000100
5 101001000100
5 101001000100
10 101001000100
12 101001000100
12 101001000100

9 001000010001
7 001000010001
9 001000010001
12 001000010001
9 001000010001
7 001000010001
9 001000010001
12 001000010001
12 001000010001
12 001000010001
4 001000010001
12 001000010001
2 001000010001
12 001000010001
0 001000010001
12 001000010001

9 101001000100
9 101001000100
12 101001000100
12 101001000100
12 101001000100
12 101001000100
12 101001000100
12 101001000100
12 101001000100
12 101001000100
3 101001000100
3 101001000100
2 101001000100
2 101001000100
0 101001000100
0 101001000100

12 001000010001
12 001000010001
2 001000010001
12 001000010001
12 001000010001
12 001000010001
9 001000010001
12 001000010001
12 001000010001
12 001000010001
12 001000010001
12 001000010001
12 001000010001
4 001000010001
7 001000010001
12 001000010001

12 101001000100
12 101001000100
12 101001000100
12 101001000100
12 101001000100
12 101001000100
12 101001000100
12 101001000100
12 101001000100
12 101001000100
9 101001000100
12 101001000100
9 101001000100
7 101001000100
9 101001000100
7 101001000100

9 001000010001
12 001000010001
9 001000010001
12 001000010001
9 001000010001
12 001000010001
12 001000010001
12 001000010001
12 001000010001
12 001000010001
12 001000010001
12 001000010001
12 001000010001
12 001000010001
12 001000010001
9 001000010001

2 101001000100
3 101001000100
12 101001000100
12 101001000100
2 101001000100
0 101001000100
9 101001000100
12 101001000100
12 101001000100
12 101001000100
12 101001000100
9 101001000100
3 101001000100
12 101001000100
12 101001000100
2 101001000100

3 001000010001
0 001000010001
12 001000010001
12 001000010001
9 001000010001
7 001000010001
9 001000010001
12 001000010001
4 001000010001
12 001000010001
7 001000010001
12 001000010001
12 001000010001
12 001000010001
12 001000010001
12 001000010001

12 101001000100
12 101001000100
12 101001000100
9 101001000100
12 101001000100
2 101001000100
12 101001000100
12 101001000100
0 101001000100
12 101001000100
12 101001000100
12 101001000100
9 101001000100
4 101001000100
12 101001000100
12 101001000100

2 001000010001
12 001000010001
12 001000010001
0 001000010001
12 001000010001
12 001000010001
9 001000010001
7 001000010001
9 001000010001
12 001000010001
12 001000010001
4 001000010001
12 001000010001
12 001000010001
7 001000010001
12 001000010001

9 101001000100
12 101001000100
12 101001000100
12 101001000100
12 101001000100
12 101001000100
12 101001000100
9 101001000100
3 101001000100
12 101001000100
12 101001000100
12 101001000100
2 101001000100
12 101001000100
12 101001000100
12 101001000100

3 001000010001
2 001000010001
0 001000010001
12 001000010001
12 001000010001
12 001000010001
12 001000010001
9 001000010001
7 001000010001
9 001000010001
12 001000010001
12 001000010001
12 001000010001
4 001000010001
12 001000010001
12 001000010001

7 101001000100
12 101001000100
9 101001000100
9 101001000100
0 101001000100
12 101001000100
12 101001000100
0 101001000100
0 101001000100
2 101001000100
12 101001000100
12 101001000100
12 101001000100
12 101001000100
9 101001000100
7 101001000100

9 001000010001
12 001000010001
12 001000010001
4 001000010001
12 001000010001
12 001000010001
7 001000010001
12 001000010001
12 001000010001
9 001000010001
9 001000010001
0 001000010001
12 001000010001
12 001000010001
0 001000010001
0 001000010001

2 101001000100
2 101001000100
12 101001000100
12 101001000100
9 101001000100
9 101001000100
9 101001000100
9 101001000100
0 101001000100
0 101001000100
9 101001000100
9 101001000100
0 101001000100
0 101001000100
4 101001000100
4 101001000100

12 001000010001
12 001000010001
12 001000010001
12 001000010001
12 001000010001
12 001000010001
2 001000010001
2 001000010001
12 001000010001
12 001000010001
12 001000010001
12 001000010001
12 001000010001
12 001000010001
12 001000010001
12 001000010001

12 101001000100
12 101001000100
12 101001000100
12 101001000100
4 101001000100
4 101001000100
2 101001000100
2 101001000100
0 101001000100
0 101001000100
9 101001000100
9 101001000100
0 101001000100
0 101001000100
9 101001000100
9 101001000100

12 001000010001
12 001000010001
12 001000010001
12 001000010001
12 001000010001
12 001000010001
7 001000010001
7 001000010001
12 001000010001
12 001000010001
12 001000010001
12 001000010001
12 001000010001
12 001000010001
12 001000010001
12 001000010001

12 101001000100
12 101001000100
12 101001000100
12 101001000100
9 101001000100
9 101001000100
9 101001000100
9 101001000100
0 101001000100
0 101001000100
9 101001000100
9 101001000100
0 101001000100
0 101001000100
4 101001000100
4 101001000100

12 001000010001
12 001000010001
12 001000010001
12 001000010001
12 001000010001
12 001000010001
2 001000010001
2 001000010001
12 001000010001
12 001000010001
12 001000010001
12 001000010001
12 001000010001
12 001000010001
12 001000010001
12 001000010001

12 101001000100
12 101001000100
12 101001000100
12 101001000100
4 101001000100
4 101001000100
2 101001000100
2 101001000100
0 101001000100
0 101001000100
9 101001000100
9 101001000100
0 101001000100
0 101001000100
4 101001000100
4 101001000100

12 100100010000
12 100100010000
12 100100010000
5 100100010000
12 100100010000
3 100100010000
0 100100010000
12 100100010000
12 100100010000
12 100100010000
12 100100010000
12 100100010000
12 100100010000
12 100100010000
12 100100010000
12 100100010000

12 100100010000
12 100100010000
12 100100010000
12 100100010000
12 100100010000
12 100100010000
12 100100010000
12 100100010000
12 100100010000
12 100100010000
12 100100010000
12 100100010000
12 100100010000
12 100100010000
12 100100010000
12 100100010000

12 001000010010
12 001000010010
12 001000010010
12 001000010010
12 001000010010
12 001000010010
12 001000010010
12 001000010010
12 001000010010
12 001000010010
12 001000010010
12 001000010010
12 001000010010
12 001000010010
12 001000010010
12 001000010010

12 001000010010
12 001000010010
12 001000010010
12 001000010010
12 001000010010
12 001000010010
12 001000010010
12 001000010010
12 001000010010
12 001000010010
12 001000010010
12 001000010010
12 001000010010
12 001000010010
12 001000010010
12 001000010010

12 100100010000
12 100100010000
12 100100010000
12 100100010000
10 100100010000
10 100100010000
0 100100010000
0 100100010000
3 100100010000
3 100100010000
0 100100010000
0 100100010000
3 100100010000
3 100100010000
5 100100010000
5 100100010000

12 100100010000
12 100100010000
12 100100010000
12 100100010000
12 100100010000
12 100100010000
3 100100010000
3 100100010000
12 100100010000
12 100100010000
12 100100010000
12 100100010000
12 100100010000
12 100100010000
12 100100010000
12 100100010000

12 100100001000
12 100100001000
12 100100001000
12 100100001000
7 100100001000
7 100100001000
5 100100001000
5 100100001000
3 000100010010
3 000100010010
0 000100010010
0 000100010010
3 000100010010
3 000100010010
0 000100010010
0 000100010010

12 100001001000
12 100001001000
12 100001001000
12 100001001000
12 100001001000
12 100001001000
10 100001001000
10 100001001000
12 001001000010
12 001001000010
12 001001000010
12 001001000010
12 001001000010
12 001001000010
12 001001000010
12 001001000010

12 100100010000
12 100100010000
12 100100010000
12 100100010000
10 100100010000
10 100100010000
0 100100010000
0 100100010000
3 100100010000
3 100100010000
0 100100010000
0 100100010000
3 100100010000
3 100100010000
5 100100010000
5 100100010000

12 100100010000
12 100100010000
12 100100010000
12 100100010000
12 100100010000
12 100100010000
3 100100010000
3 100100010000
12 100100010000
12 100100010000
12 100100010000
12 100100010000
12 100100010000
12 100100010000
12 100100010000
12 100100010000

12 100100001000
12 100100001000
12 100100001000
12 100100001000
7 100100001000
7 100100001000
5 100100001000
5 100100001000
3 000100010010
3 000100010010
0 000100010010
0 000100010010
3 000100010010
3 000100010010
0 000100010010
0 000100010010

12 100001001000
12 100001001000
12 100001001000
12 100001001000
12 100001001000
12 100001001000
10 100001001000
10 100001001000
12 001001000010
12 001001000010
12 001001000010
12 001001000010
12 001001000010
12 001001000010
12 001001000010
12 001001000010

12 101001000100
12 101001000100
12 101001000100
12 101001000100
12 101001000100
12 101001000100
12 101001000100
12 101001000100
12 101001000100
12 101001000100
12 101001000100
12 101001000100
12 101001000100
12 101001000100
12 101001000100
12 101001000100

12 001000010001
12 001000010001
12 001000010001
12 001000010001
12 001000010001
12 001000010001
12 001000010001
12 001000010001
12 001000010001
12 001000010001
12 001000010001
12 001000010001
12 001000010001
12 001000010001
12 001000010001
12 001000010001

12 101001000100
12 101001000100
12 101001000100
12 101001000100
12 101001000100
12 101001000100
12 101001000100
12 101001000100
12 101001000100
12 101001000100
12 101001000100
12 101001000100
12 101001000100
12 101001000100
12 101001000100
12 101001000100

12 001000010001
12 001000010001
12 001000010001
12 001000010001
12 001000010001
12 001000010001
12 001000010001
12 001000010001
12 001000010001
12 001000010001
12 001000010001
12 001000010001
12 001000010001
12 001000010001
12 001000010001
12 001000010001

12 101001000100
12 101001000100
12 101001000100
12 101001000100
9 101001000100
9 101001000100
9 101001000100
9 101001000100
0 101001000100
0 101001000100
9 101001000100
9 101001000100
0 101001000100
0 101001000100
4 101001000100
4 101001000100

12 001000010001
12 001000010001
12 001000010001
12 001000010001
12 001000010001
12 001000010001
12 001000010001
12 001000010001
12 001000010001
12 001000010001
12 001000010001
12 001000010001
12 001000010001
12 001000010001
12 001000010001
12 001000010001

