12 100010010000
12 100010010000
12 100010010000
12 100010010000
12 100010010000
12 100010010000
12 100010010000
12 100010010000
12 100010010000
12 100010010000
12 100010010000
12 100010010000
12 100010010000
12 100010010000
12 100010010000
12 100010010000

12 100001000100
12 100001000100
12 100001000100
12 100001000100
12 100001000100
12 100001000100
12 100001000100
12 100001000100
12 100001000100
12 100001000100
12 100001000100
12 100001000100
12 100001000100
12 100001000100
12 100001000100
12 100001000100

12 100010010000
12 100010010000
12 100010010000
12 100010010000
12 100010010000
12 100010010000
12 100010010000
12 100010010000
12 100010010000
12 100010010000
12 100010010000
12 100010010000
12 100010010000
12 100010010000
12 100010010000
12 100010010000

12 100001000100
12 100001000100
12 100001000100
12 100001000100
12 100001000100
12 100001000100
12 100001000100
12 100001000100
12 100001000100
12 100001000100
12 100001000100
12 100001000100
12 100001000100
12 100001000100
12 100001000100
12 100001000100

12 100010010000
12 100010010000
7 100010010000
7 100010010000
3 100010010000
3 100010010000
3 100010010000
3 100010010000
2 100010010000
2 100010010000
0 100010010000
0 100010010000
0 100010010000
0 100010010000
0 100010010000
0 100010010000

12 100001000100
12 100001000100
12 100001000100
12 100001000100
12 100001000100
12 100001000100
12 100001000100
12 100001000100
12 100001000100
12 100001000100
12 100001000100
12 100001000100
0 100001000100
0 100001000100
12 100001000100
12 100001000100

4 100010010000
4 100010010000
12 100010010000
12 100010010000
2 100010010000
2 100010010000
3 100010010000
3 100010010000
2 100010010000
2 100010010000
0 100010010000
0 100010010000
12 100010010000
12 100010010000
0 100010010000
0 100010010000

12 100001000100
12 100001000100
12 100001000100
12 100001000100
12 100001000100
12 100001000100
12 100001000100
12 100001000100
12 100001000100
12 100001000100
12 100001000100
12 100001000100
0 100001000100
0 100001000100
0 100001000100
0 100001000100

4 100010010000
4 100010010000
12 100010010000
12 100010010000
4 100010010000
4 100010010000
4 100010010000
4 100010010000
2 100010010000
2 100010010000
0 100010010000
0 100010010000
0 100010010000
0 100010010000
0 100010010000
0 100010010000

12 100001000100
12 100001000100
12 100001000100
12 100001000100
12 100001000100
12 100001000100
12 100001000100
12 100001000100
12 100001000100
12 100001000100
12 100001000100
12 100001000100
0 100001000100
0 100001000100
12 100001000100
12 100001000100

4 100010010000
4 100010010000
12 100010010000
12 100010010000
12 100010010000
12 100010010000
4 100010010000
4 100010010000
2 100010010000
2 100010010000
0 100010010000
0 100010010000
0 100010010000
0 100010010000
0 100010010000
0 100010010000

12 100001000100
12 100001000100
12 100001000100
12 100001000100
12 100001000100
12 100001000100
12 100001000100
12 100001000100
12 100001000100
9 100001000100
0 100001000100
9 100001000100
0 100001000100
12 100001000100
0 100001000100
12 100001000100

4 100010010000
4 100010010000
12 100010010000
12 100010010000
2 100010010000
2 100010010000
0 100010010000
0 100010010000
2 001001000010
2 001001000010
2 001001000010
2 001001000010
2 001001000010
2 001001000010
0 001001000010
0 001001000010

3 100001000100
3 100001000100
3 100001000100
3 100001000100
2 100001000100
12 100001000100
0 100001000100
12 100001000100
3 100100001000
12 100100001000
3 100100001000
12 100100001000
2 100100001000
12 100100001000
0 100100001000
12 100100001000

12 100010010000
12 100010010000
12 100010010000
12 100010010000
12 100010010000
12 100010010000
12 100010010000
12 100010010000
12 100010010000
12 100010010000
12 100010010000
12 100010010000
12 100010010000
12 100010010000
12 100010010000
12 100010010000

12 100001000100
12 100001000100
12 100001000100
12 100001000100
12 100001000100
12 100001000100
12 100001000100
12 100001000100
12 100001000100
12 100001000100
12 100001000100
12 100001000100
12 100001000100
12 100001000100
12 100001000100
12 100001000100

12 100010010000
12 100010010000
12 100010010000
12 100010010000
12 100010010000
12 100010010000
12 100010010000
12 100010010000
12 100010010000
12 100010010000
12 100010010000
12 100010010000
12 100010010000
12 100010010000
12 100010010000
12 100010010000

12 100001000100
12 100001000100
12 100001000100
12 100001000100
12 100001000100
12 100001000100
12 100001000100
12 100001000100
12 100001000100
12 100001000100
12 100001000100
12 100001000100
12 100001000100
12 100001000100
12 100001000100
12 100001000100

12 100010010000
12 100010010000
4 100010010000
12 100010010000
3 100010010000
12 100010010000
12 100010010000
3 100010010000
2 100010010000
12 100010010000
12 100010010000
12 100010010000
0 100010010000
12 100010010000
12 100010010000
2 100010010000

0 100001000100
12 100001000100
12 100001000100
12 100001000100
12 100001000100
12 100001000100
12 100001000100
12 100001000100
12 100001000100
12 100001000100
12 100001000100
12 100001000100
0 100001000100
0 100001000100
12 100001000100
0 100001000100

4 100010010000
4 100010010000
12 100010010000
12 100010010000
12 100010010000
12 100010010000
4 100010010000
4 100010010000
2 100010010000
2 100010010000
0 100010010000
0 100010010000
0 100010010000
0 100010010000
0 100010010000
0 100010010000

0 100001000100
0 100001000100
0 100001000100
0 100001000100
0 100001000100
0 100001000100
0 100001000100
0 100001000100
0 100001000100
0 100001000100
0 100001000100
0 100001000100
0 100001000100
0 100001000100
0 100001000100
0 100001000100

12 100010010000
12 100010010000
3 100010010000
3 100010010000
3 100010010000
3 100010010000
3 100010010000
3 100010010000
2 100010010000
2 100010010000
0 100010010000
0 100010010000
0 100010010000
0 100010010000
0 100010010000
0 100010010000

12 100001000100
12 100001000100
12 100001000100
12 100001000100
12 100001000100
12 100001000100
12 100001000100
12 100001000100
12 100001000100
12 100001000100
12 100001000100
12 100001000100
0 100001000100
0 100001000100
12 100001000100
12 100001000100

4 100010010000
4 100010010000
12 100010010000
12 100010010000
4 100010010000
4 100010010000
4 100010010000
4 100010010000
2 100010010000
2 100010010000
0 100010010000
0 100010010000
12 100010010000
12 100010010000
12 100010010000
12 100010010000

5 100001000100
5 100001000100
12 100001000100
12 100001000100
4 100001000100
4 100001000100
12 100001000100
12 100001000100
0 100001000100
0 100001000100
12 100001000100
12 100001000100
2 100001000100
2 100001000100
0 100001000100
0 100001000100

4 100010010000
4 100010010000
12 100010010000
12 100010010000
2 100010010000
2 100010010000
0 100010010000
0 100010010000
2 001001000010
2 001001000010
2 001001000010
2 001001000010
2 001001000010
2 001001000010
0 001001000010
0 001001000010

3 100001000100
3 100001000100
3 100001000100
3 100001000100
2 100001000100
12 100001000100
0 100001000100
12 100001000100
3 100100001000
12 100100001000
3 100100001000
12 100100001000
2 100100001000
12 100100001000
0 100100001000
12 100100001000

12 100010010000
12 100010010000
12 100010010000
12 100010010000
12 100010010000
12 100010010000
12 100010010000
12 100010010000
12 100010010000
12 100010010000
12 100010010000
12 100010010000
12 100010010000
12 100010010000
12 100010010000
12 100010010000

12 100001000100
12 100001000100
12 100001000100
12 100001000100
12 100001000100
12 100001000100
12 100001000100
12 100001000100
12 100001000100
12 100001000100
12 100001000100
12 100001000100
12 100001000100
12 100001000100
12 100001000100
12 100001000100

12 100010010000
12 100010010000
12 100010010000
12 100010010000
12 100010010000
12 100010010000
12 100010010000
12 100010010000
12 100010010000
12 100010010000
12 100010010000
12 100010010000
12 100010010000
12 100010010000
12 100010010000
12 100010010000

12 100001000100
12 100001000100
12 100001000100
12 100001000100
12 100001000100
12 100001000100
12 100001000100
12 100001000100
12 100001000100
12 100001000100
12 100001000100
12 100001000100
12 100001000100
12 100001000100
12 100001000100
12 100001000100

12 100010010000
12 100010010000
12 100010010000
12 100010010000
3 100010010000
12 100010010000
12 100010010000
3 100010010000
2 100010010000
12 100010010000
0 100010010000
12 100010010000
0 100010010000
12 100010010000
12 100010010000
2 100010010000

0 100001000100
0 100001000100
12 100001000100
12 100001000100
12 100001000100
12 100001000100
12 100001000100
12 100001000100
12 100001000100
12 100001000100
12 100001000100
12 100001000100
12 100001000100
12 100001000100
7 100001000100
7 100001000100

4 100010010000
4 100010010000
12 100010010000
12 100010010000
4 100010010000
4 100010010000
12 100010010000
12 100010010000
2 100010010000
2 100010010000
0 100010010000
0 100010010000
0 100010010000
0 100010010000
0 100010010000
0 100010010000

0 100001000100
12 100001000100
12 100001000100
12 100001000100
12 100001000100
12 100001000100
12 100001000100
12 100001000100
12 100001000100
12 100001000100
12 100001000100
12 100001000100
0 100001000100
0 100001000100
12 100001000100
12 100001000100

4 100010010000
12 100010010000
12 100010010000
12 100010010000
12 100010010000
12 100010010000
4 100010010000
4 100010010000
2 100010010000
12 100010010000
0 100010010000
12 100010010000
0 100010010000
12 100010010000
0 100010010000
12 100010010000

12 100001000100
12 100001000100
12 100001000100
12 100001000100
12 100001000100
12 100001000100
12 100001000100
12 100001000100
12 100001000100
12 100001000100
12 100001000100
12 100001000100
0 100001000100
0 100001000100
0 100001000100
0 100001000100

4 100010010000
12 100010010000
12 100010010000
12 100010010000
3 100010010000
12 100010010000
12 100010010000
12 100010010000
2 100010010000
12 100010010000
0 100010010000
12 100010010000
12 100010010000
0 100010010000
12 100010010000
12 100010010000

0 100001000100
12 100001000100
12 100001000100
12 100001000100
12 100001000100
12 100001000100
12 100001000100
12 100001000100
12 100001000100
9 100001000100
12 100001000100
12 100001000100
0 100001000100
12 100001000100
0 100001000100
12 100001000100

4 100010010000
4 100010010000
12 100010010000
12 100010010000
2 100010010000
2 100010010000
0 100010010000
0 100010010000
2 001001000010
2 001001000010
2 001001000010
2 001001000010
2 001001000010
2 001001000010
0 001001000010
0 001001000010

3 100001000100
3 100001000100
3 100001000100
3 100001000100
2 100001000100
12 100001000100
0 100001000100
12 100001000100
3 100100001000
12 100100001000
3 100100001000
12 100100001000
2 100100001000
12 100100001000
0 100100001000
12 100100001000

12 100010010000
12 100010010000
12 100010010000
12 100010010000
12 100010010000
12 100010010000
12 100010010000
12 100010010000
12 100010010000
12 100010010000
12 100010010000
12 100010010000
12 100010010000
12 100010010000
12 100010010000
12 100010010000

12 100001000100
12 100001000100
12 100001000100
12 100001000100
12 100001000100
12 100001000100
12 100001000100
12 100001000100
12 100001000100
12 100001000100
12 100001000100
12 100001000100
12 100001000100
12 100001000100
12 100001000100
12 100001000100

12 100010010000
12 100010010000
12 100010010000
12 100010010000
12 100010010000
12 100010010000
12 100010010000
12 100010010000
12 100010010000
12 100010010000
12 100010010000
12 100010010000
12 100010010000
12 100010010000
12 100010010000
12 100010010000

12 100001000100
12 100001000100
12 100001000100
12 100001000100
12 100001000100
12 100001000100
12 100001000100
12 100001000100
12 100001000100
12 100001000100
12 100001000100
12 100001000100
12 100001000100
12 100001000100
12 100001000100
12 100001000100

4 100010010000
4 100010010000
12 100010010000
12 100010010000
4 100010010000
4 100010010000
12 100010010000
12 100010010000
2 100010010000
2 100010010000
0 100010010000
0 100010010000
0 100010010000
0 100010010000
12 100010010000
12 100010010000

0 100001000100
0 100001000100
0 100001000100
0 100001000100
0 100001000100
0 100001000100
0 100001000100
0 100001000100
0 100001000100
0 100001000100
0 100001000100
0 100001000100
0 100001000100
0 100001000100
0 100001000100
0 100001000100

4 100010010000
12 100010010000
12 100010010000
4 100010010000
12 100010010000
12 100010010000
4 100010010000
12 100010010000
0 100010010000
12 100010010000
12 100010010000
0 100010010000
12 100010010000
0 100010010000
2 100010010000
12 100010010000

0 100001000100
0 100001000100
0 100001000100
0 100001000100
0 100001000100
0 100001000100
0 100001000100
0 100001000100
0 100001000100
0 100001000100
0 100001000100
0 100001000100
0 100001000100
0 100001000100
0 100001000100
0 100001000100

4 100010010000
4 100010010000
12 100010010000
12 100010010000
4 100010010000
4 100010010000
4 100010010000
4 100010010000
2 100010010000
2 100010010000
0 100010010000
0 100010010000
0 100010010000
0 100010010000
0 100010010000
0 100010010000

12 100001000100
12 100001000100
12 100001000100
12 100001000100
12 100001000100
12 100001000100
12 100001000100
12 100001000100
12 100001000100
12 100001000100
12 100001000100
12 100001000100
0 100001000100
0 100001000100
12 100001000100
0 100001000100

4 100010010000
12 100010010000
12 100010010000
12 100010010000
12 100010010000
4 100010010000
4 100010010000
12 100010010000
2 100010010000
12 100010010000
0 100010010000
12 100010010000
12 100010010000
12 100010010000
0 100010010000
12 100010010000

5 100001000100
12 100001000100
5 100001000100
12 100001000100
4 100001000100
2 100001000100
0 100001000100
12 100001000100
12 100001000100
12 100001000100
12 100001000100
12 100001000100
2 100001000100
0 100001000100
12 100001000100
0 100001000100

4 100010010000
4 100010010000
12 100010010000
12 100010010000
2 100010010000
2 100010010000
0 100010010000
0 100010010000
2 001001000010
2 001001000010
2 001001000010
2 001001000010
2 001001000010
2 001001000010
0 001001000010
0 001001000010

3 100001000100
3 100001000100
3 100001000100
3 100001000100
2 100001000100
12 100001000100
0 100001000100
12 100001000100
3 100100001000
12 100100001000
3 100100001000
12 100100001000
0 100100001000
2 100100001000
12 100100001000
0 100100001000

4 100010010000
12 100010010000
12 100010010000
12 100010010000
7 100010010000
12 100010010000
12 100010010000
12 100010010000
7 001001000010
12 001001000010
7 001001000010
12 001001000010
4 001001000010
2 001001000010
0 001001000010
12 001001000010

0 100001000100
0 100001000100
0 100001000100
0 100001000100
0 100001000100
12 100001000100
0 100001000100
12 100001000100
3 100100001000
12 100100001000
3 100100001000
12 100100001000
0 100100001000
2 100100001000
12 100100001000
0 100100001000

4 100010010000
4 100010010000
12 100010010000
12 100010010000
2 100010010000
2 100010010000
0 100010010000
0 100010010000
2 001001000010
2 001001000010
2 001001000010
2 001001000010
2 001001000010
2 001001000010
0 001001000010
0 001001000010

3 100001000100
3 100001000100
3 100001000100
3 100001000100
2 100001000100
12 100001000100
0 100001000100
12 100001000100
3 100100001000
12 100100001000
3 100100001000
12 100100001000
0 100100001000
2 100100001000
12 100100001000
0 100100001000

4 100010010000
4 100010010000
12 100010010000
12 100010010000
2 100010010000
2 100010010000
0 100010010000
0 100010010000
2 001001000010
2 001001000010
2 001001000010
2 001001000010
2 001001000010
2 001001000010
0 001001000010
0 001001000010

12 100001000100
12 100001000100
12 100001000100
12 100001000100
12 100001000100
12 100001000100
12 100001000100
12 100001000100
12 100100001000
12 100100001000
12 100100001000
12 100100001000
12 100100001000
12 100100001000
12 100100001000
12 100100001000

