12 100010010000
12 100010010000
12 100010010000
12 100010010000
12 100010010000
12 100010010000
12 100010010000
12 100010010000
12 100010010000
12 100010010000
12 100010010000
12 100010010000
12 100010010000
12 100010010000
12 100010010000
12 100010010000

12 100010010000
12 100010010000
12 100010010000
12 100010010000
12 100010010000
12 100010010000
12 100010010000
12 100010010000
12 100010010000
12 100010010000
12 100010010000
12 100010010000
12 100010010000
12 100010010000
12 100010010000
12 100010010000

12 100010010000
12 100010010000
12 100010010000
12 100010010000
12 100010010000
12 100010010000
12 100010010000
12 100010010000
12 100010010000
12 100010010000
12 100010010000
12 100010010000
12 100010010000
12 100010010000
12 100010010000
12 100010010000

12 001001000010
12 001001000010
12 001001000010
12 001001000010
12 001001000010
12 001001000010
12 001001000010
12 001001000010
12 001001000010
12 001001000010
12 001001000010
12 001001000010
12 001001000010
12 001001000010
12 001001000010
12 001001000010

12 100001000100
12 100001000100
12 100001000100
12 100001000100
12 100001000100
12 100001000100
12 100001000100
12 100001000100
12 100001000100
12 100001000100
12 100001000100
12 100001000100
12 100001000100
12 100001000100
12 100001000100
12 100001000100

12 100010010000
12 100010010000
12 100010010000
12 100010010000
12 100010010000
12 100010010000
12 100010010000
12 100010010000
12 100010010000
12 100010010000
12 100010010000
12 100010010000
12 100010010000
12 100010010000
12 100010010000
12 100010010000

12 100010010000
12 100010010000
12 100010010000
12 100010010000
12 100010010000
12 100010010000
12 100010010000
12 100010010000
12 100010010000
12 100010010000
12 100010010000
12 100010010000
12 100010010000
12 100010010000
12 100010010000
12 100010010000

12 001001000010
12 001001000010
12 001001000010
12 001001000010
12 001001000010
12 001001000010
12 001001000010
12 001001000010
12 001001000010
12 001001000010
12 001001000010
12 001001000010
12 001001000010
12 001001000010
12 001001000010
12 001001000010

12 100001000100
12 100001000100
12 100001000100
12 100001000100
12 100001000100
12 100001000100
12 100001000100
12 100001000100
12 100001000100
12 100001000100
12 100001000100
12 100001000100
12 100001000100
12 100001000100
12 100001000100
12 100001000100

12 100010010000
12 100010010000
12 100010010000
12 100010010000
12 100010010000
12 100010010000
12 100010010000
12 100010010000
12 100010010000
12 100010010000
12 100010010000
12 100010010000
12 100010010000
12 100010010000
12 100010010000
12 100010010000

12 100010010000
12 100010010000
0 100010010000
12 100010010000
0 100010010000
12 100010010000
10 100010010000
0 100010010000
12 100010010000
9 100010010000
12 100010010000
12 100010010000
12 100010010000
12 100010010000
2 100010010000
12 100010010000

12 001001000010
12 001001000010
12 001001000010
12 001001000010
12 001001000010
0 001001000010
0 001001000010
12 001001000010
12 001001000010
10 001001000010
12 001001000010
0 001001000010
12 001001000010
12 001001000010
12 001001000010
12 001001000010

12 100001000100
12 100001000100
3 100001000100
12 100001000100
9 100001000100
12 100001000100
9 100001000100
12 100001000100
0 100001000100
12 100001000100
0 100001000100
12 100001000100
12 100001000100
9 100001000100
0 100001000100
12 100001000100

12 100010010000
12 100010010000
9 100010010000
9 100010010000
12 100010010000
12 100010010000
12 100010010000
12 100010010000
12 100010010000
12 100010010000
12 100010010000
12 100010010000
12 100010010000
12 100010010000
12 100010010000
12 100010010000

12 100010010000
12 100010010000
9 100010010000
12 100010010000
0 100010010000
9 100010010000
0 100010010000
12 100010010000
12 100010010000
12 100010010000
0 100010010000
12 100010010000
12 100010010000
12 100010010000
2 100010010000
12 100010010000

12 001001000010
12 001001000010
12 001001000010
12 001001000010
12 001001000010
12 001001000010
0 001001000010
9 001001000010
12 001001000010
0 001001000010
12 001001000010
9 001001000010
12 001001000010
12 001001000010
12 001001000010
12 001001000010

12 100001000100
12 100001000100
3 100001000100
12 100001000100
9 100001000100
12 100001000100
9 100001000100
12 100001000100
0 100001000100
12 100001000100
9 100001000100
0 100001000100
12 100001000100
0 100001000100
0 100001000100
12 100001000100

12 100010010000
0 100010010000
12 100010010000
12 100010010000
0 100010010000
12 100010010000
12 100010010000
12 100010010000
12 100010010000
12 100010010000
12 100010010000
12 100010010000
12 100010010000
12 100010010000
12 100010010000
12 100010010000

12 100010010000
12 100010010000
3 100010010000
12 100010010000
0 100010010000
0 100010010000
12 100010010000
12 100010010000
0 100010010000
12 100010010000
9 100010010000
12 100010010000
12 100010010000
12 100010010000
12 100010010000
12 100010010000

12 001000010001
12 001000010001
12 001000010001
12 001000010001
2 001000010001
3 001000010001
12 001000010001
12 001000010001
2 001000010001
12 001000010001
0 001000010001
12 001000010001
12 001000010001
12 001000010001
9 001000010001
12 001000010001

12 100001000100
12 100001000100
3 100001000100
12 100001000100
10 100001000100
12 100001000100
9 100001000100
12 100001000100
10 100001000100
12 100001000100
0 100001000100
0 100001000100
12 100001000100
12 100001000100
0 100001000100
12 100001000100

12 100010010000
12 100010010000
12 100010010000
12 100010010000
12 100010010000
12 100010010000
7 100010010000
7 100010010000
12 100010010000
12 100010010000
12 100010010000
12 100010010000
12 100010010000
12 100010010000
12 100010010000
12 100010010000

12 100010010000
12 100010010000
12 100010010000
12 100010010000
0 100010010000
0 100010010000
12 100010010000
0 100010010000
12 100010010000
12 100010010000
9 100010010000
12 100010010000
12 100010010000
12 100010010000
12 100010010000
12 100010010000

12 001000010001
12 001000010001
12 001000010001
12 001000010001
2 001000010001
3 001000010001
12 001000010001
12 001000010001
2 001000010001
12 001000010001
0 001000010001
12 001000010001
12 001000010001
12 001000010001
9 001000010001
12 001000010001

12 100001000100
12 100001000100
3 100001000100
12 100001000100
10 100001000100
12 100001000100
9 100001000100
12 100001000100
9 100001000100
12 100001000100
0 100001000100
0 100001000100
12 100001000100
12 100001000100
0 100001000100
12 100001000100

12 100010010000
12 100010010000
12 100010010000
12 100010010000
12 100010010000
12 100010010000
0 100010010000
0 100010010000
12 100010010000
12 100010010000
12 100010010000
12 100010010000
12 100010010000
12 100010010000
12 100010010000
12 100010010000

12 100010010000
12 100010010000
0 100010010000
12 100010010000
0 100010010000
12 100010010000
10 100010010000
0 100010010000
12 100010010000
9 100010010000
12 100010010000
12 100010010000
12 100010010000
12 100010010000
2 100010010000
12 100010010000

12 001001000010
12 001001000010
0 001001000010
12 001001000010
12 001001000010
0 001001000010
10 001001000010
12 001001000010
0 001001000010
12 001001000010
12 001001000010
12 001001000010
12 001001000010
12 001001000010
12 001001000010
12 001001000010

12 100001000100
12 100001000100
3 100001000100
12 100001000100
10 100001000100
12 100001000100
0 100001000100
12 100001000100
10 100001000100
12 100001000100
0 100001000100
12 100001000100
12 100001000100
0 100001000100
12 100001000100
12 100001000100

0 100010010000
0 100010010000
12 100010010000
12 100010010000
12 100010010000
12 100010010000
7 100010010000
7 100010010000
3 100010010000
3 100010010000
12 100010010000
12 100010010000
12 100010010000
12 100010010000
12 100010010000
12 100010010000

12 100010010000
12 100010010000
9 100010010000
12 100010010000
0 100010010000
9 100010010000
0 100010010000
12 100010010000
12 100010010000
12 100010010000
0 100010010000
12 100010010000
9 100010010000
12 100010010000
2 100010010000
12 100010010000

12 001001000010
12 001001000010
12 001001000010
12 001001000010
12 001001000010
12 001001000010
0 001001000010
9 001001000010
0 001001000010
12 001001000010
12 001001000010
5 001001000010
12 001001000010
12 001001000010
12 001001000010
12 001001000010

12 100001000100
12 100001000100
3 100001000100
12 100001000100
12 100001000100
9 100001000100
0 100001000100
12 100001000100
0 100001000100
9 100001000100
0 100001000100
12 100001000100
10 100001000100
0 100001000100
12 100001000100
0 100001000100

12 100010010000
12 100010010000
0 100010010000
0 100010010000
12 100010010000
12 100010010000
12 100010010000
12 100010010000
5 100010010000
5 100010010000
3 100010010000
3 100010010000
12 100010010000
12 100010010000
12 100010010000
12 100010010000

12 100010010000
12 100010010000
0 100010010000
12 100010010000
0 100010010000
0 100010010000
12 100010010000
12 100010010000
0 100010010000
12 100010010000
9 100010010000
12 100010010000
12 100010010000
12 100010010000
12 100010010000
12 100010010000

12 001000010001
12 001000010001
12 001000010001
12 001000010001
2 001000010001
2 001000010001
12 001000010001
2 001000010001
12 001000010001
12 001000010001
0 001000010001
12 001000010001
12 001000010001
9 001000010001
12 001000010001
12 001000010001

12 100001000100
12 100001000100
5 100001000100
12 100001000100
10 100001000100
10 100001000100
12 100001000100
12 100001000100
10 100001000100
12 100001000100
0 100001000100
0 100001000100
12 100001000100
12 100001000100
0 100001000100
12 100001000100

12 100010010000
12 100010010000
12 100010010000
12 100010010000
12 100010010000
12 100010010000
7 100010010000
7 100010010000
5 100010010000
5 100010010000
12 100010010000
12 100010010000
12 100010010000
12 100010010000
12 100010010000
12 100010010000

12 100010010000
12 100010010000
12 100010010000
12 100010010000
0 100010010000
0 100010010000
12 100010010000
12 100010010000
0 100010010000
12 100010010000
9 100010010000
12 100010010000
12 100010010000
12 100010010000
12 100010010000
12 100010010000

12 001000010001
12 001000010001
12 001000010001
12 001000010001
2 001000010001
3 001000010001
12 001000010001
2 001000010001
12 001000010001
12 001000010001
0 001000010001
12 001000010001
12 001000010001
12 001000010001
9 001000010001
12 001000010001

12 100001000100
12 100001000100
5 100001000100
12 100001000100
10 100001000100
10 100001000100
12 100001000100
12 100001000100
10 100001000100
12 100001000100
0 100001000100
0 100001000100
12 100001000100
12 100001000100
0 100001000100
12 100001000100

12 100010010000
12 100010010000
12 100010010000
12 100010010000
12 100010010000
12 100010010000
0 100010010000
0 100010010000
12 100010010000
12 100010010000
12 100010010000
12 100010010000
12 100010010000
12 100010010000
12 100010010000
12 100010010000

12 100010010010
12 100010010010
12 100010010010
12 100010010010
12 100010010010
12 100010010010
12 100010010010
12 100010010010
12 100010010010
12 100010010010
12 100010010010
12 100010010010
12 100010010010
12 100010010010
12 100010010010
12 100010010010

12 001000100100
12 001000100100
12 001000100100
12 001000100100
12 001000100100
12 001000100100
12 001000100100
12 001000100100
12 001000100100
12 001000100100
12 001000100100
12 001000100100
12 001000100100
12 001000100100
12 001000100100
12 001000100100

12 100001001000
12 100001001000
12 100001001000
12 100001001000
12 100001001000
12 100001001000
12 100001001000
12 100001001000
12 100001001000
12 100001001000
12 100001001000
12 100001001000
12 100001001000
12 100001001000
12 100001001000
12 100001001000

12 100010010000
12 100010010000
12 100010010000
12 100010010000
12 100010010000
12 100010010000
12 100010010000
12 100010010000
12 100010010000
12 100010010000
12 100010010000
12 100010010000
12 100010010000
12 100010010000
12 100010010000
12 100010010000

12 100010010010
12 100010010010
12 100010010010
12 100010010010
12 100010010010
12 100010010010
12 100010010010
12 100010010010
12 100010010010
12 100010010010
12 100010010010
12 100010010010
12 100010010010
12 100010010010
12 100010010010
12 100010010010

12 001000100100
12 001000100100
12 001000100100
12 001000100100
12 001000100100
12 001000100100
12 001000100100
12 001000100100
12 001000100100
12 001000100100
12 001000100100
12 001000100100
12 001000100100
12 001000100100
12 001000100100
12 001000100100

12 100001001000
12 100001001000
12 100001001000
12 100001001000
12 100001001000
12 100001001000
12 100001001000
12 100001001000
12 100001001000
12 100001001000
12 100001001000
12 100001001000
12 100001001000
12 100001001000
12 100001001000
12 100001001000

12 100010010000
12 100010010000
12 100010010000
12 100010010000
12 100010010000
12 100010010000
3 100010010000
3 100010010000
12 100010010000
12 100010010000
12 100010010000
12 100010010000
12 100010010000
12 100010010000
12 100010010000
12 100010010000

12 100010010000
12 100010010000
0 100010010000
12 100010010000
0 100010010000
12 100010010000
10 100010010000
0 100010010000
12 100010010000
0 100010010000
12 100010010000
12 100010010000
12 100010010000
12 100010010000
2 100010010000
12 100010010000

12 001001000010
12 001001000010
12 001001000010
12 001001000010
12 001001000010
0 001001000010
12 001001000010
10 001001000010
12 001001000010
0 001001000010
12 001001000010
12 001001000010
12 001001000010
12 001001000010
12 001001000010
12 001001000010

12 100001000100
12 100001000100
3 100001000100
12 100001000100
9 100001000100
12 100001000100
9 100001000100
12 100001000100
0 100001000100
12 100001000100
9 100001000100
0 100001000100
12 100001000100
12 100001000100
0 100001000100
0 100001000100

12 100010010000
12 100010010000
9 100010010000
9 100010010000
12 100010010000
12 100010010000
12 100010010000
12 100010010000
12 100010010000
12 100010010000
12 100010010000
12 100010010000
12 100010010000
12 100010010000
12 100010010000
12 100010010000

12 100010010000
12 100010010000
9 100010010000
12 100010010000
0 100010010000
9 100010010000
0 100010010000
12 100010010000
12 100010010000
12 100010010000
0 100010010000
12 100010010000
12 100010010000
12 100010010000
2 100010010000
12 100010010000

12 001001000010
12 001001000010
12 001001000010
12 001001000010
0 001001000010
12 001001000010
0 001001000010
12 001001000010
9 001001000010
0 001001000010
12 001001000010
12 001001000010
12 001001000010
12 001001000010
12 001001000010
12 001001000010

12 100001000100
12 100001000100
3 100001000100
3 100001000100
9 100001000100
9 100001000100
0 100001000100
0 100001000100
9 100001000100
9 100001000100
0 100001000100
0 100001000100
9 100001000100
9 100001000100
0 100001000100
0 100001000100

12 100010010000
12 100010010000
12 100010010000
12 100010010000
0 100010010000
0 100010010000
12 100010010000
12 100010010000
12 100010010000
12 100010010000
0 100010010000
0 100010010000
12 100010010000
12 100010010000
12 100010010000
12 100010010000

12 100010010000
12 100010010000
12 100010010000
12 100010010000
0 100010010000
0 100010010000
12 100010010000
0 100010010000
12 100010010000
12 100010010000
9 100010010000
12 100010010000
12 100010010000
12 100010010000
12 100010010000
12 100010010000

12 001000010001
12 001000010001
12 001000010001
12 001000010001
2 001000010001
3 001000010001
12 001000010001
2 001000010001
12 001000010001
12 001000010001
0 001000010001
12 001000010001
12 001000010001
12 001000010001
9 001000010001
12 001000010001

12 100001000100
12 100001000100
3 100001000100
12 100001000100
10 100001000100
10 100001000100
12 100001000100
12 100001000100
10 100001000100
0 100001000100
0 100001000100
12 100001000100
0 100001000100
12 100001000100
12 100001000100
12 100001000100

0 100010010000
0 100010010000
12 100010010000
12 100010010000
12 100010010000
12 100010010000
0 100010010000
0 100010010000
12 100010010000
12 100010010000
12 100010010000
12 100010010000
12 100010010000
12 100010010000
12 100010010000
12 100010010000

12 100010010000
12 100010010000
12 100010010000
12 100010010000
0 100010010000
0 100010010000
12 100010010000
0 100010010000
12 100010010000
12 100010010000
9 100010010000
12 100010010000
12 100010010000
12 100010010000
12 100010010000
12 100010010000

12 001000010001
12 001000010001
12 001000010001
12 001000010001
2 001000010001
2 001000010001
12 001000010001
12 001000010001
2 001000010001
12 001000010001
0 001000010001
12 001000010001
12 001000010001
12 001000010001
9 001000010001
12 001000010001

12 100001000100
12 100001000100
3 100001000100
12 100001000100
9 100001000100
9 100001000100
12 100001000100
12 100001000100
9 100001000100
12 100001000100
0 100001000100
0 100001000100
12 100001000100
12 100001000100
0 100001000100
12 100001000100

12 100010010000
12 100010010000
12 100010010000
12 100010010000
12 100010010000
12 100010010000
0 100010010000
0 100010010000
12 100010010000
12 100010010000
12 100010010000
12 100010010000
12 100010010000
12 100010010000
12 100010010000
12 100010010000

12 100010010000
12 100010010000
12 100010010000
12 100010010000
0 100010010000
0 100010010000
12 100010010000
12 100010010000
0 100010010000
12 100010010000
9 100010010000
12 100010010000
12 100010010000
12 100010010000
12 100010010000
12 100010010000

12 001000010001
12 001000010001
12 001000010001
12 001000010001
2 001000010001
2 001000010001
12 001000010001
12 001000010001
2 001000010001
12 001000010001
0 001000010001
12 001000010001
12 001000010001
12 001000010001
9 001000010001
12 001000010001

12 100001000100
12 100001000100
5 100001000100
12 100001000100
10 100001000100
10 100001000100
12 100001000100
12 100001000100
10 100001000100
12 100001000100
0 100001000100
0 100001000100
12 100001000100
12 100001000100
0 100001000100
12 100001000100

12 100010010000
12 100010010000
12 100010010000
12 100010010000
12 100010010000
12 100010010000
0 100010010000
0 100010010000
12 100010010000
12 100010010000
12 100010010000
12 100010010000
12 100010010000
12 100010010000
12 100010010000
12 100010010000

12 100010010000
12 100010010000
12 100010010000
12 100010010000
0 100010010000
0 100010010000
12 100010010000
0 100010010000
12 100010010000
12 100010010000
9 100010010000
12 100010010000
12 100010010000
12 100010010000
12 100010010000
12 100010010000

12 001000010001
12 001000010001
12 001000010001
12 001000010001
2 001000010001
2 001000010001
12 001000010001
12 001000010001
2 001000010001
12 001000010001
0 001000010001
12 001000010001
12 001000010001
12 001000010001
12 001000010001
12 001000010001

12 100001000100
12 100001000100
5 100001000100
12 100001000100
10 100001000100
10 100001000100
12 100001000100
12 100001000100
10 100001000100
12 100001000100
0 100001000100
0 100001000100
12 100001000100
12 100001000100
0 100001000100
12 100001000100

12 100010010000
12 100010010000
12 100010010000
12 100010010000
12 100010010000
12 100010010000
12 100010010000
12 100010010000
12 100010010000
12 100010010000
12 100010010000
12 100010010000
12 100010010000
12 100010010000
12 100010010000
12 100010010000

