12 100010010000
12 100010010000
12 100010010000
12 100010010000
12 100010010000
12 100010010000
12 100010010000
12 100010010000
12 000010010001
12 000010010001
12 000010010001
12 000010010001
12 000010010001
12 000010010001
12 000010010001
12 000010010001

12 100010000100
12 100010000100
12 100010000100
12 100010000100
12 100010000100
12 100010000100
12 100010000100
12 100010000100
12 100001001000
12 100001001000
12 100001001000
12 100001001000
12 100001001000
12 100001001000
12 100001001000
12 100001001000

12 100100100100
12 100100100100
12 100100100100
12 100100100100
12 100100100100
12 100100100100
12 100100100100
12 100100100100
12 100010010000
12 100010010000
12 100010010000
12 100010010000
12 100010010000
12 100010010000
12 100010010000
12 100010010000

12 101001000100
12 101001000100
12 101001000100
12 101001000100
12 101001000100
12 101001000100
12 101001000100
12 101001000100
12 001001010001
12 001001010001
12 001001010001
12 001001010001
12 001001010001
12 001001010001
12 001001010001
12 001001010001

12 100010010000
12 100010010000
12 100010010000
12 100010010000
12 100010010000
12 100010010000
12 100010010000
12 100010010000
12 100010010000
12 100010010000
4 100010010000
12 100010010000
12 100010010000
7 100010010000
12 100010010000
12 100010010000

12 001010001001
12 001010001001
12 001010001001
12 001010001001
12 001010001001
12 001010001001
12 001010001001
12 001010001001
12 001010001001
12 001010001001
12 001010001001
4 001010001001
12 001010001001
2 001010001001
12 001010001001
12 001010001001

12 100010000100
12 100010000100
12 100010000100
12 100010000100
12 100010000100
12 100010000100
4 100010000100
12 100010000100
9 100010010010
12 100010010010
12 100010010010
7 100010010010
12 100010010010
12 100010010010
4 100010010010
12 100010010010

12 100101000100
12 100101000100
12 100101000100
12 100101000100
12 100101000100
12 100101000100
12 100101000100
12 100101000100
12 100100100100
12 100100100100
12 100100100100
12 100100100100
12 100100100100
12 100100100100
12 100100100100
0 100100100100

2 100010010000
12 100010010000
4 100010010000
12 100010010000
12 100010010000
12 100010010000
7 100010010000
12 100010010000
12 010010010100
9 010010010100
12 010010010100
12 010010010100
12 010010010100
12 010010010100
12 010010010100
12 010010010100

12 101000100100
12 101000100100
12 101000100100
12 101000100100
12 101000100100
12 101000100100
12 101000100100
12 101000100100
12 001001010001
12 001001010001
0 001001010001
12 001001010001
2 001001010001
12 001001010001
0 001001010001
12 001001010001

12 001001001010
12 001001001010
12 001001001010
12 001001001010
12 001001001010
12 001001001010
12 001001001010
12 001001001010
12 010010010100
12 010010010100
12 010010010100
12 010010010100
12 010010010100
12 010010010100
12 010010010100
12 010010010100

12 101000100100
12 101000100100
12 101000100100
12 101000100100
12 101000100100
12 101000100100
12 101000100100
12 101000100100
12 001001010001
12 001001010001
12 001001010001
4 001001010001
12 001001010001
12 001001010001
4 001001010001
4 001001010001

9 100010010000
12 100010010000
12 100010010000
7 100010010000
12 100010010000
7 100010010000
9 100010010000
12 100010010000
12 100010010000
12 100010010000
12 100010010000
12 100010010000
12 100010010000
12 100010010000
12 100010010000
12 100010010000

12 001010001001
12 001010001001
12 001010001001
12 001010001001
12 001010001001
12 001010001001
12 001010001001
12 001010001001
12 001010001001
4 001010001001
12 001010001001
12 001010001001
2 001010001001
12 001010001001
12 001010001001
12 001010001001

12 100010000100
12 100010000100
12 100010000100
12 100010000100
12 100010000100
12 100010000100
4 100010000100
12 100010000100
9 100010010010
12 100010010010
12 100010010010
7 100010010010
12 100010010010
12 100010010010
12 100010010010
4 100010010010

12 100101000100
12 100101000100
9 100101000100
12 100101000100
0 100101000100
12 100101000100
12 100101000100
12 100101000100
12 100100100100
12 100100100100
2 100100100100
12 100100100100
12 100100100100
12 100100100100
12 100100100100
12 100100100100

12 100010010000
2 100010010000
12 100010010000
12 100010010000
4 100010010000
12 100010010000
7 100010010000
12 100010010000
12 010010010100
9 010010010100
12 010010010100
12 010010010100
12 010010010100
12 010010010100
12 010010010100
12 010010010100

12 101000100100
12 101000100100
12 101000100100
12 101000100100
12 101000100100
12 101000100100
12 101000100100
9 101000100100
4 001001010001
12 001001010001
12 001001010001
0 001001010001
12 001001010001
12 001001010001
12 001001010001
12 001001010001

12 100010010000
12 100010010000
12 100010010000
12 100010010000
12 100010010000
12 100010010000
12 100010010000
12 100010010000
12 100101000100
12 100101000100
12 100101000100
12 100101000100
12 100101000100
12 100101000100
12 100101000100
12 100101000100

12 100010010000
12 100010010000
12 100010010000
12 100010010000
12 100010010000
12 100010010000
12 100010010000
12 100010010000
12 001010001001
12 001010001001
12 001010001001
12 001010001001
12 001010001001
12 001010001001
12 001010001001
12 001010001001

12 100010000100
12 100010000100
12 100010000100
12 100010000100
12 100010000100
12 100010000100
12 100010000100
12 100010000100
12 100010000100
9 100010000100
12 100010000100
12 100010000100
0 100010000100
12 100010000100
2 100010000100
12 100010000100

4 100010000100
12 100010000100
12 100010000100
12 100010000100
0 100010000100
12 100010000100
12 100010000100
9 100010000100
12 100010000100
12 100010000100
0 100010000100
12 100010000100
12 100010000100
12 100010000100
12 100010000100
12 100010000100

12 100010000100
12 100010000100
12 100010000100
12 100010000100
12 100010000100
12 100010000100
12 100010000100
12 100010000100
12 100010000100
9 100010000100
12 100010000100
12 100010000100
0 100010000100
12 100010000100
2 100010000100
12 100010000100

12 100010000100
12 100010000100
12 100010000100
12 100010000100
12 100010000100
12 100010000100
7 100010000100
4 100010000100
6 001000100100
6 001000100100
12 001000100100
12 001000100100
12 001000100100
12 001000100100
12 001000100100
12 001000100100

12 100010000100
12 100010000100
12 100010000100
12 100010000100
12 100010000100
12 100010000100
12 100010000100
12 100010000100
12 100010000100
9 100010000100
12 100010000100
12 100010000100
12 100010000100
12 100010000100
0 100010000100
12 100010000100

12 100010000100
7 100010000100
12 100010000100
12 100010000100
12 100010000100
9 100010000100
12 100010000100
12 100010000100
9 000100100101
11 000100100101
9 000100100101
12 000100100101
12 000100100101
12 000100100101
12 000100100101
12 000100100101

12 000010010001
12 000010010001
12 000010010001
12 000010010001
12 000010010001
12 000010010001
12 000010010001
12 000010010001
12 010010010100
4 010010010100
12 010010010100
7 010010010100
12 010010010100
12 010010010100
12 010010010100
12 010010010100

2 101000100100
12 101000100100
12 101000100100
12 101000100100
12 101000100100
12 101000100100
12 101000100100
12 101000100100
12 001000010001
12 001000010001
12 001000010001
12 001000010001
12 001000010001
12 001000010001
12 001000010001
12 001000010001

12 100010010000
12 100010010000
7 100010010000
12 100010010000
7 100010010000
7 100010010000
12 100010010000
12 100010010000
12 100010010000
12 100010010000
12 100010010000
12 100010010000
12 100010010000
12 100010010000
12 100010010000
12 100010010000

12 001010001001
12 001010001001
12 001010001001
12 001010001001
4 001010001001
12 001010001001
12 001010001001
12 001010001001
4 001010001001
12 001010001001
12 001010001001
4 001010001001
2 001010001001
12 001010001001
12 001010001001
12 001010001001

12 100010000100
12 100010000100
12 100010000100
12 100010000100
12 100010000100
12 100010000100
12 100010000100
12 100010000100
12 100010010010
4 100010010010
12 100010010010
12 100010010010
9 100010010010
12 100010010010
12 100010010010
12 100010010010

12 100101000100
12 100101000100
12 100101000100
9 100101000100
0 100101000100
12 100101000100
12 100101000100
12 100101000100
12 100100100100
12 100100100100
12 100100100100
3 100100100100
12 100100100100
12 100100100100
12 100100100100
12 100100100100

0 100010010000
4 100010010000
12 100010010000
12 100010010000
12 100010010000
12 100010010000
7 100010010000
12 100010010000
9 010010010100
12 010010010100
12 010010010100
12 010010010100
12 010010010100
12 010010010100
12 010010010100
12 010010010100

12 101000100100
12 101000100100
12 101000100100
12 101000100100
12 101000100100
12 101000100100
12 101000100100
12 101000100100
9 001001010001
12 001001010001
3 001001010001
12 001001010001
12 001001010001
0 001001010001
2 001001010001
12 001001010001

12 100010010000
12 100010010000
0 100010010000
12 100010010000
12 100010010000
12 100010010000
12 100010010000
12 100010010000
12 100101000100
12 100101000100
12 100101000100
12 100101000100
12 100101000100
12 100101000100
12 100101000100
12 100101000100

12 100010010000
12 100010010000
12 100010010000
12 100010010000
12 100010010000
12 100010010000
12 100010010000
12 100010010000
12 001010001001
12 001010001001
12 001010001001
12 001010001001
12 001010001001
12 001010001001
12 001010001001
12 001010001001

12 100010000100
12 100010000100
12 100010000100
12 100010000100
12 100010000100
12 100010000100
12 100010000100
12 100010000100
12 001001000100
12 001001000100
9 001001000100
12 001001000100
0 001001000100
12 001001000100
2 001001000100
12 001001000100

12 100010000100
12 100010000100
0 100010000100
12 100010000100
12 100010000100
9 100010000100
12 100010000100
0 100010000100
12 100101000100
12 100101000100
12 100101000100
12 100101000100
12 100101000100
12 100101000100
12 100101000100
12 100101000100

12 100010000100
12 100010000100
12 100010000100
12 100010000100
12 100010000100
12 100010000100
9 100010000100
0 100010000100
2 001001000100
2 001001000100
12 001001000100
12 001001000100
12 001001000100
12 001001000100
12 001001000100
12 001001000100

4 100010000100
4 100010000100
12 100010000100
12 100010000100
7 100010000100
7 100010000100
4 100010000100
6 100010000100
12 001000100100
12 001000100100
12 001000100100
12 001000100100
12 001000100100
12 001000100100
12 001000100100
12 001000100100

12 100010000100
12 100010000100
12 100010000100
12 100010000100
12 100010000100
12 100010000100
12 100010000100
9 100010000100
12 001001000100
12 001001000100
0 001001000100
12 001001000100
12 001001000100
12 001001000100
12 001001000100
2 001001000100

4 100001001000
12 100001001000
7 100001001000
12 100001001000
12 100001001000
12 100001001000
9 100001001000
12 100001001000
12 000100100101
12 000100100101
11 000100100101
12 000100100101
9 000100100101
12 000100100101
12 000100100101
12 000100100101

12 000010010001
12 000010010001
12 000010010001
12 000010010001
12 000010010001
12 000010010001
12 000010010001
12 000010010001
12 010100010010
4 010100010010
12 010100010010
12 010100010010
7 010100010010
12 010100010010
12 010100010010
12 010100010010

2 101001000100
12 101001000100
12 101001000100
12 101001000100
12 101001000100
12 101001000100
12 101001000100
12 101001000100
12 001001010001
12 001001010001
12 001001010001
12 001001010001
12 001001010001
12 001001010001
12 001001010001
12 001001010001

12 100010010000
12 100010010000
12 100010010000
12 100010010000
12 100010010000
4 100010010000
12 100010010000
12 100010010000
12 100010010000
12 100010010000
12 100010010000
4 100010010000
2 100010010000
12 100010010000
2 100010010000
4 100010010000

12 001010001001
12 001010001001
12 001010001001
12 001010001001
12 001010001001
12 001010001001
12 001010001001
12 001010001001
12 001010001001
12 001010001001
4 001010001001
12 001010001001
12 001010001001
12 001010001001
4 001010001001
2 001010001001

12 100010000100
12 100010000100
12 100010000100
12 100010000100
12 100010000100
12 100010000100
12 100010000100
12 100010000100
12 100010010010
9 100010010010
12 100010010010
12 100010010010
9 100010010010
12 100010010010
12 100010010010
12 100010010010

0 100101000100
2 100101000100
12 100101000100
12 100101000100
0 100101000100
12 100101000100
12 100101000100
12 100101000100
12 100100100100
12 100100100100
12 100100100100
3 100100100100
12 100100100100
12 100100100100
12 100100100100
12 100100100100

2 100010010000
4 100010010000
12 100010010000
12 100010010000
12 100010010000
12 100010010000
7 100010010000
12 100010010000
12 010010010100
7 010010010100
9 010010010100
12 010010010100
12 010010010100
12 010010010100
12 010010010100
12 010010010100

12 101000100100
12 101000100100
12 101000100100
12 101000100100
12 101000100100
12 101000100100
12 101000100100
12 101000100100
9 001001010001
12 001001010001
4 001001010001
12 001001010001
12 001001010001
0 001001010001
2 001001010001
12 001001010001

12 001010010010
12 001010010010
12 001010010010
12 001010010010
12 001010010010
12 001010010010
12 001010010010
12 001010010010
12 001010010010
12 001010010010
12 001010010010
12 001010010010
12 001010010010
12 001010010010
12 001010010010
4 001010010010

9 010010010100
9 010010010100
12 010010010100
12 010010010100
12 010010010100
12 010010010100
12 010010010100
12 010010010100
12 010010010100
12 010010010100
12 010010010100
12 010010010100
12 010010010100
12 010010010100
4 010010010100
4 010010010100

4 101000100100
0 101000100100
12 101000100100
4 101000100100
12 101000100100
12 101000100100
12 101000100100
4 101000100100
12 101000100100
12 101000100100
4 101000100100
2 101000100100
0 101000100100
12 101000100100
12 101000100100
12 101000100100

12 001001010001
12 001001010001
12 001001010001
12 001001010001
4 001001010001
12 001001010001
9 001001010001
12 001001010001
12 001001010001
7 001001010001
12 001001010001
12 001001010001
9 001001010001
12 001001010001
12 001001010001
12 001001010001

12 100010010000
12 100010010000
4 100010010000
2 100010010000
0 100010010000
12 100010010000
12 100001000100
12 100001000100
12 100001000100
12 100001000100
12 100001000100
12 100100100100
12 100100100100
12 100100100100
9 100100100100
12 100100100100

12 100010010000
12 100010010000
12 100010010000
12 100010010000
12 010001001001
12 010001001001
12 010001001001
12 010001001001
12 100010010010
12 100010010010
12 100010010010
12 100010010010
12 100010010010
12 100010010010
12 100010010010
12 100010010010

