12 100001000100
12 100001000100
12 100001000100
12 100001000100
12 100001000100
12 100001000100
12 100001000100
12 100001000100
12 100001000100
12 100001000100
12 100001000100
12 100001000100
12 100001000100
12 100001000100
12 100001000100
12 100001000100

12 100010010000
12 100010010000
12 100010010000
12 100010010000
12 100010010000
12 100010010000
12 100010010000
12 100010010000
12 100010010000
12 100010010000
12 100010010000
12 100010010000
12 100010010000
12 100010010000
12 100010010000
12 100010010000

12 100001000100
12 100001000100
12 100001000100
12 100001000100
12 100001000100
12 100001000100
12 100001000100
12 100001000100
12 100001000100
12 100001000100
12 100001000100
12 100001000100
12 100001000100
12 100001000100
12 100001000100
12 100001000100

12 100010010000
12 100010010000
12 100010010000
12 100010010000
12 100010010000
12 100010010000
12 100010010000
12 100010010000
12 100010010000
12 100010010000
12 100010010000
12 100010010000
12 100010010000
12 100010010000
12 100010010000
12 100010010000

12 100001000100
12 100001000100
12 100001000100
12 100001000100
12 100001000100
12 100001000100
12 100001000100
12 100001000100
12 100001000100
12 100001000100
12 100001000100
12 100001000100
12 100001000100
12 100001000100
12 100001000100
12 100001000100

12 100010010000
12 100010010000
12 100010010000
12 100010010000
12 100010010000
12 100010010000
12 100010010000
12 100010010000
12 100010010000
12 100010010000
12 100010010000
12 100010010000
12 100010010000
12 100010010000
12 100010010000
12 100010010000

12 001001000100
12 001001000100
12 001001000100
12 001001000100
12 001001000100
12 001001000100
12 001001000100
12 001001000100
12 001001000100
12 001001000100
12 001001000100
12 001001000100
12 001001000100
12 001001000100
12 001001000100
12 001001000100

12 100001000100
12 100001000100
12 100001000100
12 100001000100
12 100001000100
12 100001000100
12 100001000100
12 100001000100
12 100001000100
12 100001000100
12 100001000100
12 100001000100
12 100001000100
12 100001000100
12 100001000100
12 100001000100

12 001001000010
12 001001000010
12 001001000010
12 001001000010
12 001001000010
12 001001000010
12 001001000010
12 001001000010
10 001001000010
10 001001000010
12 001001000010
9 001001000010
12 001001000010
12 001001000010
10 001001000010
12 001001000010

9 001010010010
9 001010010010
12 001010010010
7 001010010010
12 001010010010
12 001010010010
12 001010010010
2 001010010010
12 001010010010
12 001010010010
12 001010010010
7 001010010010
12 001010010010
12 001010010010
12 001010010010
12 001010010010

12 001001000100
12 001001000100
12 001001000100
12 001001000100
12 001001000100
12 001001000100
12 001001000100
5 001001000100
5 001001000100
5 001001000100
12 001001000100
4 001001000100
5 001001000100
5 001001000100
12 001001000100
9 001001000100

12 001001010001
12 001001010001
12 001001010001
2 001001010001
12 001001010001
12 001001010001
12 001001010001
5 001001010001
7 001001010001
7 001001010001
12 001001010001
9 001001010001
12 001001010001
12 001001010001
12 001001010001
12 001001010001

12 100010010000
12 100010010000
12 100010010000
12 100010010000
12 100010010000
12 100010010000
12 100010010000
12 100010010000
0 100010010000
0 100010010000
12 100010010000
11 100010010000
12 100010010000
12 100010010000
0 100010010000
12 100010010000

2 001001001001
2 001001001001
12 001001001001
12 001001001001
5 001001001001
5 001001001001
12 001001001001
7 001001001001
12 001001001001
12 001001001001
12 001001001001
8 001001001001
12 001001001001
12 001001001001
12 001001001001
12 001001001001

12 100010010000
12 100010010000
12 100010010000
12 100010010000
12 100010010000
12 100010010000
0 100010010000
12 100010010000
0 100010010000
0 100010010000
12 100010010000
11 100010010000
12 100010010000
12 100010010000
12 100010010000
0 100010010000

12 100010100100
12 100010100100
12 100010100100
4 100010100100
12 100010100100
12 100010100100
12 100010100100
9 100010100100
11 100010100100
11 100010100100
12 100010100100
0 100010100100
12 100010100100
12 100010100100
12 100010100100
12 100010100100

12 100001000100
12 100001000100
12 100001000100
12 100001000100
12 100001000100
12 100001000100
12 100001000100
12 100001000100
9 100001000100
9 100001000100
12 100001000100
7 100001000100
9 100001000100
9 100001000100
12 100001000100
7 100001000100

12 100010010000
12 100010010000
12 100010010000
0 100010010000
12 100010010000
12 100010010000
7 100010010000
12 100010010000
5 100010010000
5 100010010000
12 100010010000
12 100010010000
4 100010010000
4 100010010000
12 100010010000
0 100010010000

12 101001000100
12 101001000100
12 101001000100
2 101001000100
12 101001000100
12 101001000100
12 101001000100
12 101001000100
12 101001000100
12 101001000100
12 101001000100
12 101001000100
12 101001000100
12 101001000100
12 101001000100
12 101001000100

12 100010010000
12 100010010000
12 100010010000
12 100010010000
12 100010010000
12 100010010000
12 100010010000
12 100010010000
12 100010010000
12 100010010000
12 100010010000
12 100010010000
12 100010010000
12 100010010000
12 100010010000
12 100010010000

12 001001000010
12 001001000010
12 001001000010
12 001001000010
12 001001000010
12 001001000010
12 001001000010
12 001001000010
10 001001000010
10 001001000010
12 001001000010
9 001001000010
12 001001000010
12 001001000010
10 001001000010
12 001001000010

9 001010010010
9 001010010010
12 001010010010
7 001010010010
12 001010010010
12 001010010010
12 001010010010
2 001010010010
12 001010010010
12 001010010010
12 001010010010
7 001010010010
12 001010010010
12 001010010010
12 001010010010
12 001010010010

12 001001000100
12 001001000100
12 001001000100
12 001001000100
12 001001000100
12 001001000100
12 001001000100
5 001001000100
5 001001000100
5 001001000100
12 001001000100
4 001001000100
5 001001000100
5 001001000100
12 001001000100
9 001001000100

12 001001010001
12 001001010001
12 001001010001
2 001001010001
12 001001010001
12 001001010001
12 001001010001
5 001001010001
7 001001010001
7 001001010001
12 001001010001
9 001001010001
12 001001010001
12 001001010001
12 001001010001
12 001001010001

12 100010010000
12 100010010000
12 100010010000
12 100010010000
12 100010010000
12 100010010000
12 100010010000
0 100010010000
0 100010010000
0 100010010000
12 100010010000
11 100010010000
12 100010010000
12 100010010000
0 100010010000
12 100010010000

12 001001001001
12 001001001001
12 001001001001
2 001001001001
12 001001001001
12 001001001001
12 001001001001
5 001001001001
7 001001001001
7 001001001001
12 001001001001
8 001001001001
12 001001001001
12 001001001001
12 001001001001
12 001001001001

12 100010010000
12 100010010000
12 100010010000
12 100010010000
12 100010010000
12 100010010000
12 100010010000
0 100010010000
0 100010010000
0 100010010000
12 100010010000
11 100010010000
12 100010010000
12 100010010000
12 100010010000
0 100010010000

12 100010100100
12 100010100100
12 100010100100
4 100010100100
12 100010100100
12 100010100100
12 100010100100
9 100010100100
11 100010100100
11 100010100100
12 100010100100
0 100010100100
12 100010100100
12 100010100100
12 100010100100
12 100010100100

12 100001000100
12 100001000100
12 100001000100
12 100001000100
12 100001000100
12 100001000100
12 100001000100
12 100001000100
9 100001000100
9 100001000100
12 100001000100
7 100001000100
9 100001000100
9 100001000100
12 100001000100
7 100001000100

12 100010010000
12 100010010000
12 100010010000
0 100010010000
12 100010010000
12 100010010000
7 100010010000
12 100010010000
5 100010010000
5 100010010000
12 100010010000
12 100010010000
4 100010010000
4 100010010000
12 100010010000
0 100010010000

12 101001000100
12 101001000100
12 101001000100
2 101001000100
12 101001000100
12 101001000100
12 101001000100
12 101001000100
12 101001000100
12 101001000100
12 101001000100
12 101001000100
12 101001000100
12 101001000100
12 101001000100
12 101001000100

12 100001000100
12 100001000100
12 100001000100
12 100001000100
12 100001000100
12 100001000100
12 100001000100
12 100001000100
12 100001000100
12 100001000100
12 100001000100
12 100001000100
12 100001000100
12 100001000100
12 100001000100
12 100001000100

12 000100010010
12 000100010010
12 000100010010
12 000100010010
12 000100010010
12 000100010010
12 000100010010
12 000100010010
12 000100010010
12 000100010010
12 000100010010
12 000100010010
12 000100010010
12 000100010010
12 000100010010
12 000100010010

12 100001000100
12 100001000100
12 100001000100
12 100001000100
12 100001000100
12 100001000100
12 100001000100
12 100001000100
12 100001000100
12 100001000100
12 100001000100
12 100001000100
12 100001000100
12 100001000100
12 100001000100
12 100001000100

12 000100010010
12 000100010010
12 000100010010
12 000100010010
12 000100010010
12 000100010010
12 000100010010
12 000100010010
12 000100010010
12 000100010010
12 000100010010
12 000100010010
12 000100010010
12 000100010010
12 000100010010
12 000100010010

12 001001000010
12 001001000010
12 001001000010
12 001001000010
12 001001000010
12 001001000010
12 001001000010
12 001001000010
12 001001000010
12 001001000010
12 001001000010
12 001001000010
12 001001000010
12 001001000010
12 001001000010
12 001001000010

12 001010010010
12 001010010010
12 001010010010
12 001010010010
12 001010010010
12 001010010010
12 001010010010
12 001010010010
12 001010010010
12 001010010010
12 001010010010
12 001010010010
12 001010010010
12 001010010010
12 001010010010
12 001010010010

12 001001000100
12 001001000100
12 001001000100
12 001001000100
12 001001000100
12 001001000100
12 001001000100
12 001001000100
12 001001000100
12 001001000100
12 001001000100
12 001001000100
12 001001000100
12 001001000100
12 001001000100
12 001001000100

12 001001010001
12 001001010001
12 001001010001
12 001001010001
12 001001010001
12 001001010001
12 001001010001
12 001001010001
12 001001010001
12 001001010001
12 001001010001
12 001001010001
12 001001010001
12 001001010001
12 001001010001
12 001001010001

12 100010010000
12 100010010000
12 100010010000
12 100010010000
12 100010010000
12 100010010000
12 100010010000
12 100010010000
12 100010010000
12 100010010000
12 100010010000
12 100010010000
12 100010010000
12 100010010000
12 100010010000
12 100010010000

12 001001001001
12 001001001001
12 001001001001
12 001001001001
12 001001001001
12 001001001001
12 001001001001
12 001001001001
12 001001001001
12 001001001001
12 001001001001
12 001001001001
12 001001001001
12 001001001001
12 001001001001
12 001001001001

12 100010010000
12 100010010000
12 100010010000
12 100010010000
12 100010010000
12 100010010000
12 100010010000
12 100010010000
12 100010010000
12 100010010000
12 100010010000
12 100010010000
12 100010010000
12 100010010000
12 100010010000
12 100010010000

12 100010100100
12 100010100100
12 100010100100
12 100010100100
12 100010100100
12 100010100100
12 100010100100
12 100010100100
12 100010100100
12 100010100100
12 100010100100
12 100010100100
12 100010100100
12 100010100100
12 100010100100
12 100010100100

12 100001000100
12 100001000100
12 100001000100
12 100001000100
12 100001000100
12 100001000100
12 100001000100
12 100001000100
9 100001000100
9 100001000100
12 100001000100
7 100001000100
9 100001000100
9 100001000100
12 100001000100
7 100001000100

12 100010010000
12 100010010000
12 100010010000
0 100010010000
12 100010010000
12 100010010000
7 100010010000
12 100010010000
5 100010010000
5 100010010000
12 100010010000
12 100010010000
4 100010010000
4 100010010000
12 100010010000
0 100010010000

12 101001000100
12 101001000100
12 101001000100
2 101001000100
12 101001000100
12 101001000100
12 101001000100
12 101001000100
12 101001000100
12 101001000100
12 101001000100
12 101001000100
12 101001000100
12 101001000100
12 101001000100
12 101001000100

12 001001000010
12 001001000010
12 001001000010
12 001001000010
12 001001000010
12 001001000010
12 001001000010
12 001001000010
10 001001000010
10 001001000010
12 001001000010
9 001001000010
12 001001000010
12 001001000010
10 001001000010
12 001001000010

9 001010010010
9 001010010010
12 001010010010
7 001010010010
12 001010010010
12 001010010010
12 001010010010
2 001010010010
12 001010010010
12 001010010010
12 001010010010
7 001010010010
12 001010010010
12 001010010010
12 001010010010
12 001010010010

12 001001000100
12 001001000100
12 001001000100
12 001001000100
12 001001000100
12 001001000100
12 001001000100
5 001001000100
5 001001000100
5 001001000100
12 001001000100
4 001001000100
5 001001000100
5 001001000100
12 001001000100
9 001001000100

12 001001010001
12 001001010001
12 001001010001
2 001001010001
12 001001010001
12 001001010001
12 001001010001
5 001001010001
7 001001010001
7 001001010001
12 001001010001
9 001001010001
12 001001010001
12 001001010001
12 001001010001
12 001001010001

12 100010010000
12 100010010000
12 100010010000
12 100010010000
12 100010010000
12 100010010000
12 100010010000
0 100010010000
0 100010010000
0 100010010000
12 100010010000
11 100010010000
12 100010010000
12 100010010000
0 100010010000
12 100010010000

12 001001001001
12 001001001001
12 001001001001
2 001001001001
12 001001001001
12 001001001001
12 001001001001
5 001001001001
7 001001001001
7 001001001001
12 001001001001
8 001001001001
12 001001001001
12 001001001001
12 001001001001
12 001001001001

12 100010010000
12 100010010000
12 100010010000
12 100010010000
12 100010010000
12 100010010000
12 100010010000
0 100010010000
0 100010010000
0 100010010000
12 100010010000
11 100010010000
12 100010010000
12 100010010000
12 100010010000
0 100010010000

12 100010100100
12 100010100100
12 100010100100
4 100010100100
12 100010100100
12 100010100100
12 100010100100
9 100010100100
11 100010100100
11 100010100100
12 100010100100
0 100010100100
12 100010100100
12 100010100100
12 100010100100
12 100010100100

12 100001000100
12 100001000100
12 100001000100
12 100001000100
12 100001000100
12 100001000100
12 100001000100
12 100001000100
9 100001000100
9 100001000100
12 100001000100
7 100001000100
9 100001000100
9 100001000100
12 100001000100
7 100001000100

12 100010010000
12 100010010000
12 100010010000
0 100010010000
12 100010010000
12 100010010000
7 100010010000
12 100010010000
5 100010010000
5 100010010000
12 100010010000
12 100010010000
4 100010010000
4 100010010000
12 100010010000
0 100010010000

12 101001000100
12 101001000100
12 101001000100
12 101001000100
12 101001000100
12 101001000100
12 101001000100
12 101001000100
2 101001000100
2 101001000100
12 101001000100
12 101001000100
12 101001000100
12 101001000100
12 101001000100
12 101001000100

12 100010010000
12 100010010000
12 100010010000
12 100010010000
12 100010010000
12 100010010000
12 100010010000
12 100010010000
12 100010010000
12 100010010000
12 100010010000
12 100010010000
12 100010010000
12 100010010000
12 100010010000
12 100010010000

12 100001000100
12 100001000100
12 100001000100
12 100001000100
12 100001000100
12 100001000100
12 100001000100
12 100001000100
9 100001000100
9 100001000100
12 100001000100
7 100001000100
9 100001000100
9 100001000100
12 100001000100
7 100001000100

12 100010010000
12 100010010000
12 100010010000
0 100010010000
12 100010010000
12 100010010000
7 100010010000
12 100010010000
5 100010010000
5 100010010000
12 100010010000
12 100010010000
4 100010010000
4 100010010000
12 100010010000
0 100010010000

12 101001000100
12 101001000100
12 101001000100
12 101001000100
12 101001000100
12 101001000100
12 101001000100
12 101001000100
2 101001000100
2 101001000100
12 101001000100
12 101001000100
12 101001000100
12 101001000100
12 101001000100
12 101001000100

12 100010010000
12 100010010000
12 100010010000
12 100010010000
12 100010010000
12 100010010000
12 100010010000
12 100010010000
12 100010010000
12 100010010000
12 100010010000
12 100010010000
12 100010010000
12 100010010000
12 100010010000
12 100010010000

12 100001000100
12 100001000100
12 100001000100
12 100001000100
12 100001000100
12 100001000100
12 100001000100
12 100001000100
9 100001000100
9 100001000100
12 100001000100
7 100001000100
9 100001000100
9 100001000100
12 100001000100
7 100001000100

12 100010010000
12 100010010000
12 100010010000
0 100010010000
12 100010010000
12 100010010000
7 100010010000
12 100010010000
5 100010010000
5 100010010000
12 100010010000
12 100010010000
4 100010010000
4 100010010000
12 100010010000
0 100010010000

12 101001000100
12 101001000100
12 101001000100
12 101001000100
12 101001000100
12 101001000100
12 101001000100
12 101001000100
2 101001000100
2 101001000100
12 101001000100
12 101001000100
12 101001000100
12 101001000100
12 101001000100
12 101001000100

12 100010010000
12 100010010000
12 100010010000
12 100010010000
12 100010010000
12 100010010000
12 100010010000
12 100010010000
12 100010010000
12 100010010000
12 100010010000
12 100010010000
12 100010010000
12 100010010000
12 100010010000
12 100010010000

12 100001000100
12 100001000100
12 100001000100
12 100001000100
12 100001000100
12 100001000100
12 100001000100
12 100001000100
9 100001000100
9 100001000100
12 100001000100
7 100001000100
9 100001000100
9 100001000100
12 100001000100
7 100001000100

12 100010010000
12 100010010000
12 100010010000
0 100010010000
12 100010010000
12 100010010000
7 100010010000
12 100010010000
5 100010010000
5 100010010000
12 100010010000
12 100010010000
4 100010010000
4 100010010000
12 100010010000
0 100010010000

12 101001000100
12 101001000100
12 101001000100
12 101001000100
12 101001000100
12 101001000100
12 101001000100
12 101001000100
2 101001000100
2 101001000100
12 101001000100
12 101001000100
12 101001000100
12 101001000100
12 101001000100
12 101001000100

12 100010010000
12 100010010000
12 100010010000
12 100010010000
12 100010010000
12 100010010000
12 100010010000
12 100010010000
12 100010010000
12 100010010000
12 100010010000
12 100010010000
12 100010010000
12 100010010000
12 100010010000
12 100010010000

12 100001000100
12 100001000100
12 100001000100
12 100001000100
12 100001000100
12 100001000100
12 100001000100
12 100001000100
9 100001000100
9 100001000100
12 100001000100
7 100001000100
9 100001000100
9 100001000100
12 100001000100
7 100001000100

12 100010010000
12 100010010000
12 100010010000
0 100010010000
12 100010010000
12 100010010000
7 100010010000
12 100010010000
5 100010010000
5 100010010000
12 100010010000
12 100010010000
4 100010010000
4 100010010000
12 100010010000
0 100010010000

12 101001000100
12 101001000100
12 101001000100
12 101001000100
12 101001000100
12 101001000100
12 101001000100
12 101001000100
2 101001000100
2 101001000100
12 101001000100
12 101001000100
12 101001000100
12 101001000100
12 101001000100
12 101001000100

12 100010010000
12 100010010000
12 100010010000
12 100010010000
12 100010010000
12 100010010000
12 100010010000
12 100010010000
12 100010010000
12 100010010000
12 100010010000
12 100010010000
12 100010010000
12 100010010000
12 100010010000
12 100010010000

12 100001000100
12 100001000100
12 100001000100
12 100001000100
12 100001000100
12 100001000100
12 100001000100
12 100001000100
9 100001000100
9 100001000100
12 100001000100
7 100001000100
9 100001000100
9 100001000100
12 100001000100
7 100001000100

12 100010010000
12 100010010000
12 100010010000
0 100010010000
12 100010010000
12 100010010000
7 100010010000
12 100010010000
5 100010010000
5 100010010000
12 100010010000
12 100010010000
4 100010010000
4 100010010000
12 100010010000
0 100010010000

12 101001000100
12 101001000100
12 101001000100
12 101001000100
12 101001000100
12 101001000100
12 101001000100
12 101001000100
2 101001000100
2 101001000100
12 101001000100
12 101001000100
12 101001000100
12 101001000100
12 101001000100
12 101001000100

12 100010010000
12 100010010000
12 100010010000
12 100010010000
12 100010010000
12 100010010000
12 100010010000
12 100010010000
12 100010010000
12 100010010000
12 100010010000
12 100010010000
12 100010010000
12 100010010000
12 100010010000
12 100010010000

12 100001000100
12 100001000100
12 100001000100
12 100001000100
12 100001000100
12 100001000100
12 100001000100
12 100001000100
9 100001000100
9 100001000100
12 100001000100
7 100001000100
9 100001000100
9 100001000100
12 100001000100
7 100001000100

12 100010010000
12 100010010000
12 100010010000
0 100010010000
12 100010010000
12 100010010000
7 100010010000
12 100010010000
5 100010010000
5 100010010000
12 100010010000
12 100010010000
4 100010010000
4 100010010000
12 100010010000
0 100010010000

12 101001000100
12 101001000100
12 101001000100
12 101001000100
12 101001000100
12 101001000100
12 101001000100
12 101001000100
2 101001000100
2 101001000100
12 101001000100
12 101001000100
12 101001000100
12 101001000100
12 101001000100
12 101001000100

12 100010010000
12 100010010000
12 100010010000
12 100010010000
12 100010010000
12 100010010000
12 100010010000
12 100010010000
12 100010010000
12 100010010000
12 100010010000
12 100010010000
12 100010010000
12 100010010000
12 100010010000
12 100010010000

