0 100100010000
0 100100010000
12 100100010000
12 100100010000
12 100100010000
12 100100010000
12 100100010000
12 100100010000
12 100100010000
12 100100010000
12 100100010000
12 100100010000
12 100100010000
12 100100010000
12 100100010000
12 100100010000

12 100100010000
12 100100010000
12 100100010000
7 100100010000
7 100100010000
7 100100010000
12 100100010000
7 100100010000
0 100100010000
0 100100010000
12 100100010000
0 100100010000
3 100100010000
3 100100010000
12 100100010000
12 100100010000

5 001001010010
5 001001010010
12 001001010010
12 001001010010
10 001001010010
10 001001010010
12 001001010010
10 001001010010
12 001001010010
12 001001010010
12 001001010010
8 001001010010
7 001001010010
7 001001010010
12 001001010010
12 001001010010

12 001001010010
12 001001010010
12 001001010010
12 001001010010
12 001001010010
12 001001010010
12 001001010010
12 001001010010
12 001001010010
12 001001010010
12 001001010010
5 001001010010
12 001001010010
12 001001010010
12 001001010010
7 001001010010

8 100011001000
8 100011001000
8 100011001000
8 100011001000
10 100011001000
10 100011001000
10 100011001000
10 100011001000
5 100011001000
5 100011001000
5 100011001000
5 100011001000
7 100011001000
7 100011001000
7 100011001000
7 100011001000

8 100011001000
8 100011001000
12 100011001000
12 100011001000
7 100011001000
7 100011001000
12 100011001000
5 100011001000
12 100011001000
12 100011001000
12 100011001000
3 100011001000
12 100011001000
12 100011001000
12 100011001000
5 100011001000

12 001000010001
12 001000010001
12 001000010001
3 001000010001
2 001000010001
2 001000010001
12 001000010001
12 001000010001
12 001000010001
12 001000010001
12 001000010001
12 001000010001
12 001000010001
12 001000010001
12 001000010001
12 001000010001

12 001000010001
12 001000010001
12 001000010001
12 001000010001
12 001000010001
12 001000010001
12 001000010001
12 001000010001
12 001000010001
12 001000010001
12 001000010001
12 001000010001
12 001000010001
12 001000010001
12 001000010001
12 001000010001

7 100100010000
7 100100010000
7 100100010000
7 100100010000
7 100100010000
7 100100010000
7 100100010000
7 100100010000
7 100100010000
7 100100010000
7 100100010000
7 100100010000
7 100100010000
7 100100010000
7 100100010000
7 100100010000

12 100100010000
12 100100010000
12 100100010000
12 100100010000
7 100100010000
7 100100010000
12 100100010000
7 100100010000
7 100100010000
7 100100010000
12 100100010000
5 100100010000
3 100100010000
3 100100010000
12 100100010000
12 100100010000

10 001001010010
10 001001010010
12 001001010010
12 001001010010
0 001001010010
0 001001010010
12 001001010010
12 001001010010
7 001001010010
7 001001010010
12 001001010010
12 001001010010
12 001001010010
12 001001010010
12 001001010010
5 001001010010

2 001001010010
2 001001010010
12 001001010010
12 001001010010
12 001001010010
12 001001010010
12 001001010010
12 001001010010
12 001001010010
12 001001010010
12 001001010010
5 001001010010
12 001001010010
12 001001010010
12 001001010010
7 001001010010

8 100011001000
8 100011001000
8 100011001000
8 100011001000
10 100011001000
10 100011001000
10 100011001000
10 100011001000
5 100011001000
5 100011001000
5 100011001000
5 100011001000
7 100011001000
7 100011001000
7 100011001000
7 100011001000

8 100011001000
8 100011001000
12 100011001000
12 100011001000
7 100011001000
7 100011001000
12 100011001000
12 100011001000
5 100011001000
5 100011001000
12 100011001000
3 100011001000
12 100011001000
12 100011001000
12 100011001000
5 100011001000

12 001000010001
12 001000010001
12 001000010001
3 001000010001
2 001000010001
2 001000010001
12 001000010001
12 001000010001
12 001000010001
12 001000010001
12 001000010001
12 001000010001
12 001000010001
12 001000010001
12 001000010001
12 001000010001

12 001000010001
12 001000010001
12 001000010001
12 001000010001
12 001000010001
12 001000010001
12 001000010001
12 001000010001
12 001000010001
12 001000010001
12 001000010001
12 001000010001
12 001000010001
12 001000010001
12 001000010001
12 001000010001

12 100010010000
12 100010010000
12 100010010000
12 100010010000
0 100010010000
0 100010010000
12 100010010000
12 100010010000
10 100001000100
10 100001000100
12 100001000100
10 100001000100
9 100001000100
9 100001000100
12 100001000100
12 100001000100

0 100010010000
0 100010010000
0 100010010000
0 100010010000
2 100010010000
2 100010010000
2 100010010000
2 100010010000
5 100001000100
5 100001000100
5 100001000100
5 100001000100
7 100001000100
7 100001000100
7 100001000100
7 100001000100

12 100010010000
12 100010010000
12 100010010000
12 100010010000
0 100010010000
0 100010010000
12 100010010000
12 100010010000
10 100001000100
10 100001000100
12 100001000100
10 100001000100
9 100001000100
9 100001000100
12 100001000100
12 100001000100

0 100010010000
0 100010010000
0 100010010000
0 100010010000
2 100010010000
2 100010010000
2 100010010000
2 100010010000
5 100001000100
5 100001000100
5 100001000100
5 100001000100
7 100001000100
7 100001000100
7 100001000100
7 100001000100

12 100010010000
12 100010010000
12 100010010000
12 100010010000
0 100010010000
0 100010010000
12 100010010000
12 100010010000
10 100001000100
10 100001000100
12 100001000100
10 100001000100
9 100001000100
9 100001000100
12 100001000100
12 100001000100

0 100010010000
0 100010010000
0 100010010000
0 100010010000
2 100010010000
2 100010010000
2 100010010000
2 100010010000
5 100001000100
5 100001000100
5 100001000100
5 100001000100
7 100001000100
7 100001000100
7 100001000100
7 100001000100

12 100010010000
12 100010010000
12 100010010000
12 100010010000
0 100010010000
0 100010010000
12 100010010000
12 100010010000
10 100001000100
10 100001000100
12 100001000100
10 100001000100
9 100001000100
9 100001000100
12 100001000100
12 100001000100

0 100010010000
0 100010010000
0 100010010000
0 100010010000
2 100010010000
2 100010010000
2 100010010000
2 100010010000
5 100001000100
5 100001000100
5 100001000100
5 100001000100
7 100001000100
7 100001000100
7 100001000100
7 100001000100

4 100010010000
4 100010010000
4 100010010000
4 100010010000
12 100010010000
12 100010010000
12 100010010000
12 100010010000
5 100001000100
5 100001000100
5 100001000100
5 100001000100
12 100001000100
12 100001000100
12 100001000100
12 100001000100

7 100010010000
7 100010010000
12 100010010000
12 100010010000
12 100010010000
12 100010010000
12 100010010000
0 100010010000
12 100001000100
12 100001000100
12 100001000100
0 100001000100
12 100001000100
12 100001000100
12 100001000100
2 100001000100

12 100010010000
12 100010010000
12 100010010000
4 100010010000
12 100010010000
12 100010010000
12 100010010000
12 100010010000
12 100001000100
12 100001000100
12 100001000100
12 100001000100
12 100001000100
12 100001000100
12 100001000100
12 100001000100

12 100010010000
12 100010010000
12 100010010000
12 100010010000
12 100010010000
12 100010010000
12 100010010000
12 100010010000
12 100001000100
12 100001000100
12 100001000100
12 100001000100
12 100001000100
12 100001000100
12 100001000100
12 100001000100

4 100010010000
4 100010010000
4 100010010000
4 100010010000
12 100010010000
12 100010010000
12 100010010000
12 100010010000
5 100001000100
5 100001000100
5 100001000100
5 100001000100
12 100001000100
12 100001000100
12 100001000100
12 100001000100

7 100010010000
7 100010010000
12 100010010000
12 100010010000
12 100010010000
12 100010010000
12 100010010000
0 100010010000
12 100001000100
12 100001000100
12 100001000100
0 100001000100
12 100001000100
12 100001000100
12 100001000100
2 100001000100

12 100010010000
12 100010010000
12 100010010000
4 100010010000
12 100010010000
12 100010010000
12 100010010000
12 100010010000
12 100001000100
12 100001000100
12 100001000100
12 100001000100
12 100001000100
12 100001000100
12 100001000100
12 100001000100

12 100010010000
12 100010010000
12 100010010000
12 100010010000
12 100010010000
12 100010010000
12 100010010000
12 100010010000
12 100001000100
12 100001000100
12 100001000100
12 100001000100
12 100001000100
12 100001000100
12 100001000100
12 100001000100

0 100100010000
0 100100010000
12 100100010000
12 100100010000
0 100100010000
0 100100010000
12 100100010000
0 100100010000
12 100100010000
12 100100010000
12 100100010000
10 100100010000
7 100100010000
7 100100010000
12 100100010000
12 100100010000

12 100100010000
12 100100010000
12 100100010000
12 100100010000
7 100100010000
7 100100010000
7 100100010000
7 100100010000
0 100100010000
0 100100010000
0 100100010000
0 100100010000
3 100100010000
3 100100010000
3 100100010000
3 100100010000

5 001001010010
5 001001010010
12 001001010010
12 001001010010
10 001001010010
10 001001010010
12 001001010010
10 001001010010
12 001001010010
12 001001010010
12 001001010010
8 001001010010
7 001001010010
7 001001010010
12 001001010010
12 001001010010

12 001001010010
12 001001010010
12 001001010010
12 001001010010
12 001001010010
12 001001010010
12 001001010010
12 001001010010
12 001001010010
12 001001010010
12 001001010010
12 001001010010
12 001001010010
12 001001010010
12 001001010010
12 001001010010

8 100011001000
8 100011001000
12 100011001000
12 100011001000
10 100011001000
10 100011001000
12 100011001000
12 100011001000
5 100011001000
5 100011001000
12 100011001000
12 100011001000
12 100011001000
12 100011001000
12 100011001000
7 100011001000

12 100011001000
12 100011001000
12 100011001000
8 100011001000
12 100011001000
12 100011001000
12 100011001000
7 100011001000
5 100011001000
5 100011001000
12 100011001000
3 100011001000
12 100011001000
12 100011001000
12 100011001000
5 100011001000

12 001000010001
12 001000010001
12 001000010001
3 001000010001
2 001000010001
2 001000010001
12 001000010001
12 001000010001
12 001000010001
12 001000010001
12 001000010001
12 001000010001
12 001000010001
12 001000010001
12 001000010001
12 001000010001

12 001000010001
12 001000010001
12 001000010001
12 001000010001
12 001000010001
12 001000010001
12 001000010001
12 001000010001
12 001000010001
12 001000010001
12 001000010001
12 001000010001
12 001000010001
12 001000010001
12 001000010001
12 001000010001

7 100100010000
7 100100010000
7 100100010000
7 100100010000
7 100100010000
7 100100010000
7 100100010000
7 100100010000
7 100100010000
7 100100010000
7 100100010000
7 100100010000
7 100100010000
7 100100010000
7 100100010000
7 100100010000

12 100100010000
12 100100010000
12 100100010000
12 100100010000
12 100100010000
12 100100010000
12 100100010000
12 100100010000
12 100100010000
12 100100010000
12 100100010000
5 100100010000
3 100100010000
3 100100010000
12 100100010000
12 100100010000

10 001001010010
10 001001010010
12 001001010010
12 001001010010
0 001001010010
0 001001010010
12 001001010010
12 001001010010
7 001001010010
7 001001010010
12 001001010010
12 001001010010
12 001001010010
12 001001010010
12 001001010010
5 001001010010

3 001001010010
3 001001010010
12 001001010010
12 001001010010
12 001001010010
12 001001010010
12 001001010010
12 001001010010
5 001001010010
5 001001010010
12 001001010010
7 001001010010
12 001001010010
12 001001010010
12 001001010010
12 001001010010

8 100011001000
8 100011001000
8 100011001000
8 100011001000
10 100011001000
10 100011001000
10 100011001000
10 100011001000
5 100011001000
5 100011001000
5 100011001000
5 100011001000
7 100011001000
7 100011001000
7 100011001000
7 100011001000

8 100011001000
8 100011001000
12 100011001000
7 100011001000
12 100011001000
12 100011001000
12 100011001000
5 100011001000
12 100011001000
12 100011001000
12 100011001000
12 100011001000
12 100011001000
12 100011001000
12 100011001000
12 100011001000

12 001000010001
12 001000010001
12 001000010001
12 001000010001
12 001000010001
12 001000010001
12 001000010001
12 001000010001
12 001000010001
12 001000010001
12 001000010001
12 001000010001
12 001000010001
12 001000010001
12 001000010001
12 001000010001

12 001000010001
12 001000010001
12 001000010001
12 001000010001
12 001000010001
12 001000010001
12 001000010001
12 001000010001
12 001000010001
12 001000010001
12 001000010001
12 001000010001
12 001000010001
12 001000010001
12 001000010001
12 001000010001

12 100010010000
12 100010010000
12 100010010000
12 100010010000
0 100010010000
0 100010010000
12 100010010000
12 100010010000
10 100001000100
10 100001000100
12 100001000100
10 100001000100
9 100001000100
9 100001000100
12 100001000100
12 100001000100

0 100010010000
0 100010010000
0 100010010000
0 100010010000
2 100010010000
2 100010010000
2 100010010000
2 100010010000
5 100001000100
5 100001000100
5 100001000100
5 100001000100
7 100001000100
7 100001000100
7 100001000100
7 100001000100

12 100010010000
12 100010010000
12 100010010000
12 100010010000
0 100010010000
0 100010010000
12 100010010000
12 100010010000
10 100001000100
10 100001000100
12 100001000100
10 100001000100
9 100001000100
9 100001000100
12 100001000100
12 100001000100

0 100010010000
0 100010010000
0 100010010000
0 100010010000
2 100010010000
2 100010010000
2 100010010000
2 100010010000
5 100001000100
5 100001000100
5 100001000100
5 100001000100
7 100001000100
7 100001000100
7 100001000100
7 100001000100

12 100010010000
12 100010010000
12 100010010000
12 100010010000
0 100010010000
0 100010010000
12 100010010000
12 100010010000
10 100001000100
10 100001000100
12 100001000100
10 100001000100
9 100001000100
9 100001000100
12 100001000100
12 100001000100

0 100010010000
0 100010010000
0 100010010000
0 100010010000
2 100010010000
2 100010010000
2 100010010000
2 100010010000
5 100001000100
5 100001000100
5 100001000100
5 100001000100
7 100001000100
7 100001000100
7 100001000100
7 100001000100

12 100010010000
12 100010010000
12 100010010000
12 100010010000
0 100010010000
0 100010010000
12 100010010000
12 100010010000
10 100001000100
10 100001000100
12 100001000100
10 100001000100
9 100001000100
9 100001000100
12 100001000100
12 100001000100

0 100010010000
0 100010010000
0 100010010000
0 100010010000
2 100010010000
2 100010010000
2 100010010000
2 100010010000
5 100001000100
5 100001000100
5 100001000100
5 100001000100
7 100001000100
7 100001000100
7 100001000100
7 100001000100

4 100010010000
4 100010010000
4 100010010000
4 100010010000
12 100010010000
12 100010010000
12 100010010000
12 100010010000
5 100001000100
5 100001000100
5 100001000100
5 100001000100
12 100001000100
12 100001000100
12 100001000100
12 100001000100

7 100010010000
7 100010010000
12 100010010000
12 100010010000
12 100010010000
12 100010010000
12 100010010000
0 100010010000
12 100001000100
12 100001000100
12 100001000100
0 100001000100
12 100001000100
12 100001000100
12 100001000100
2 100001000100

12 100010010000
12 100010010000
12 100010010000
4 100010010000
12 100010010000
12 100010010000
12 100010010000
12 100010010000
12 100001000100
12 100001000100
12 100001000100
12 100001000100
12 100001000100
12 100001000100
12 100001000100
12 100001000100

12 100010010000
12 100010010000
12 100010010000
12 100010010000
12 100010010000
12 100010010000
12 100010010000
12 100010010000
12 100001000100
12 100001000100
12 100001000100
12 100001000100
12 100001000100
12 100001000100
12 100001000100
12 100001000100

4 100010010000
4 100010010000
4 100010010000
4 100010010000
12 100010010000
12 100010010000
12 100010010000
12 100010010000
5 100001000100
5 100001000100
5 100001000100
5 100001000100
12 100001000100
12 100001000100
12 100001000100
12 100001000100

7 100010010000
7 100010010000
12 100010010000
12 100010010000
12 100010010000
12 100010010000
12 100010010000
0 100010010000
12 100001000100
12 100001000100
12 100001000100
0 100001000100
12 100001000100
12 100001000100
12 100001000100
2 100001000100

12 100010010000
12 100010010000
12 100010010000
4 100010010000
12 100010010000
12 100010010000
12 100010010000
12 100010010000
12 100001000100
12 100001000100
12 100001000100
12 100001000100
12 100001000100
12 100001000100
12 100001000100
12 100001000100

12 100010010000
12 100010010000
12 100010010000
12 100010010000
12 100010010000
12 100010010000
12 100010010000
12 100010010000
12 100001000100
12 100001000100
12 100001000100
12 100001000100
12 100001000100
12 100001000100
12 100001000100
12 100001000100

12 100010010000
12 100010010000
12 100010010000
12 100010010000
12 100010010000
12 100010010000
12 100010010000
12 100010010000
2 100001000100
2 100001000100
2 100001000100
2 100001000100
4 100001000100
4 100001000100
4 100001000100
4 100001000100

12 100010010000
12 100010010000
12 100010010000
12 100010010000
12 100010010000
12 100010010000
12 100010010000
12 100010010000
12 100001000100
12 100001000100
12 100001000100
12 100001000100
12 100001000100
12 100001000100
12 100001000100
12 100001000100

12 100010010000
12 100010010000
12 100010010000
12 100010010000
12 100010010000
12 100010010000
12 100010010000
12 100010010000
12 100001000100
12 100001000100
12 100001000100
12 100001000100
12 100001000100
12 100001000100
12 100001000100
12 100001000100

12 100010010000
12 100010010000
12 100010010000
12 100010010000
12 100010010000
12 100010010000
12 100010010000
12 100010010000
12 100001000100
12 100001000100
12 100001000100
12 100001000100
12 100001000100
12 100001000100
12 100001000100
12 100001000100

12 100010010000
12 100010010000
12 100010010000
12 100010010000
0 100010010000
0 100010010000
0 100010010000
0 100010010000
5 100001000100
5 100001000100
5 100001000100
5 100001000100
4 100001000100
4 100001000100
4 100001000100
4 100001000100

0 100010010000
0 100010010000
0 100010010000
0 100010010000
5 100010010000
5 100010010000
5 100010010000
5 100010010000
4 100001000100
4 100001000100
4 100001000100
4 100001000100
12 100001000100
12 100001000100
12 100001000100
12 100001000100

12 100010010000
12 100010010000
12 100010010000
12 100010010000
0 100010010000
0 100010010000
0 100010010000
0 100010010000
5 100001000100
5 100001000100
5 100001000100
5 100001000100
4 100001000100
4 100001000100
4 100001000100
4 100001000100

0 100010010000
0 100010010000
0 100010010000
0 100010010000
5 100010010000
5 100010010000
5 100010010000
5 100010010000
4 100001000100
4 100001000100
4 100001000100
4 100001000100
12 100001000100
12 100001000100
12 100001000100
12 100001000100

12 100010010000
12 100010010000
12 100010010000
12 100010010000
0 100010010000
0 100010010000
0 100010010000
0 100010010000
5 100001000100
5 100001000100
5 100001000100
5 100001000100
4 100001000100
4 100001000100
4 100001000100
4 100001000100

0 100010010000
0 100010010000
0 100010010000
0 100010010000
5 100010010000
5 100010010000
5 100010010000
5 100010010000
4 100001000100
4 100001000100
4 100001000100
4 100001000100
12 100001000100
12 100001000100
12 100001000100
12 100001000100

12 100010010000
12 100010010000
12 100010010000
12 100010010000
0 100010010000
0 100010010000
0 100010010000
0 100010010000
5 100001000100
5 100001000100
5 100001000100
5 100001000100
4 100001000100
4 100001000100
4 100001000100
4 100001000100

0 100010010000
0 100010010000
12 100010010000
12 100010010000
5 100010010000
5 100010010000
12 100010010000
12 100010010000
4 100001000100
4 100001000100
12 100001000100
12 100001000100
12 100001000100
12 100001000100
12 100001000100
10 100001000100

0 100001000100
0 100001000100
12 100001000100
0 100001000100
12 100001000100
12 100001000100
12 100001000100
0 100001000100
12 100001000100
12 100001000100
12 100001000100
10 100001000100
9 100001000100
9 100001000100
12 100001000100
10 100001000100

12 100001000100
12 100001000100
12 100001000100
0 100001000100
12 100001000100
12 100001000100
12 100001000100
0 100001000100
12 100001000100
12 100001000100
12 100001000100
10 100001000100
9 100001000100
9 100001000100
12 100001000100
12 100001000100

12 100001000100
12 100001000100
12 100001000100
12 100001000100
12 100001000100
12 100001000100
12 100001000100
12 100001000100
2 001001000010
2 001001000010
2 001001000010
2 001001000010
12 001001000010
12 001001000010
12 001001000010
12 001001000010

0 100001000100
0 100001000100
12 100001000100
12 100001000100
12 100001000100
12 100001000100
12 100001000100
10 100001000100
12 001001000010
12 001001000010
12 001001000010
12 001001000010
9 001001000010
9 001001000010
12 001001000010
7 001001000010

12 100010010000
12 100010010000
12 100010010000
0 100010010000
12 100010010000
12 100010010000
12 100010010000
12 100010010000
10 100001000100
10 100001000100
12 100001000100
9 100001000100
12 100001000100
12 100001000100
12 100001000100
12 100001000100

7 100010010000
7 100010010000
12 100010010000
12 100010010000
12 100010010000
12 100010010000
12 100010010000
5 100010010000
12 100001000100
12 100001000100
12 100001000100
12 100001000100
3 100001000100
3 100001000100
12 100001000100
5 100001000100

12 100010010000
12 100010010000
12 100010010000
0 100010010000
12 100010010000
12 100010010000
12 100010010000
12 100010010000
12 100001000100
12 100001000100
12 100001000100
12 100001000100
12 100001000100
12 100001000100
12 100001000100
12 100001000100

12 100010010000
12 100010010000
12 100010010000
12 100010010000
12 100010010000
12 100010010000
12 100010010000
12 100010010000
12 100001000100
12 100001000100
12 100001000100
12 100001000100
12 100001000100
12 100001000100
12 100001000100
12 100001000100

12 100010010000
12 100010010000
12 100010010000
12 100010010000
12 100010010000
12 100010010000
12 100010010000
12 100010010000
12 100010010000
12 100010010000
12 100010010000
12 100010010000
12 100010010000
12 100010010000
12 100010010000
12 100010010000

12 100010010000
12 100010010000
12 100010010000
12 100010010000
12 100010010000
12 100010010000
12 100010010000
12 100010010000
12 100010010000
12 100010010000
12 100010010000
12 100010010000
12 100010010000
12 100010010000
12 100010010000
12 100010010000

12 001001000100
12 001001000100
12 001001000100
12 001001000100
12 001001000100
12 001001000100
12 001001000100
12 001001000100
12 001001000100
12 001001000100
12 001001000100
12 001001000100
12 001001000100
12 001001000100
12 001001000100
12 001001000100

12 001000010001
12 001000010001
12 001000010001
12 001000010001
12 001000010001
12 001000010001
12 001000010001
12 001000010001
12 001000010001
12 001000010001
12 001000010001
12 001000010001
12 001000010001
12 001000010001
12 001000010001
12 001000010001

12 100010010000
12 100010010000
12 100010010000
12 100010010000
4 100010010000
4 100010010000
12 100010010000
12 100010010000
12 100010010000
12 100010010000
12 100010010000
12 100010010000
3 100010010000
3 100010010000
12 100010010000
4 100010010000

12 100010010000
12 100010010000
12 100010010000
7 100010010000
12 100010010000
12 100010010000
12 100010010000
12 100010010000
9 100010010000
9 100010010000
12 100010010000
9 100010010000
0 100010010000
0 100010010000
12 100010010000
12 100010010000

12 001001000100
12 001001000100
12 001001000100
12 001001000100
2 001001000100
2 001001000100
12 001001000100
2 001001000100
12 001001000100
12 001001000100
12 001001000100
2 001001000100
12 001001000100
12 001001000100
12 001001000100
2 001001000100

4 001000010001
4 001000010001
12 001000010001
12 001000010001
2 001000010001
2 001000010001
12 001000010001
12 001000010001
0 001000010001
0 001000010001
12 001000010001
9 001000010001
12 001000010001
12 001000010001
12 001000010001
12 001000010001

12 100010010000
12 100010010000
12 100010010000
12 100010010000
4 100010010000
4 100010010000
12 100010010000
12 100010010000
12 100010010000
12 100010010000
12 100010010000
12 100010010000
3 100010010000
3 100010010000
12 100010010000
4 100010010000

12 100010010000
12 100010010000
12 100010010000
7 100010010000
12 100010010000
12 100010010000
12 100010010000
12 100010010000
9 100010010000
9 100010010000
12 100010010000
9 100010010000
0 100010010000
0 100010010000
12 100010010000
12 100010010000

12 001001000100
12 001001000100
12 001001000100
12 001001000100
2 001001000100
2 001001000100
12 001001000100
2 001001000100
12 001001000100
12 001001000100
12 001001000100
2 001001000100
12 001001000100
12 001001000100
12 001001000100
2 001001000100

4 001000010001
4 001000010001
12 001000010001
12 001000010001
2 001000010001
2 001000010001
12 001000010001
12 001000010001
0 001000010001
0 001000010001
12 001000010001
9 001000010001
12 001000010001
12 001000010001
12 001000010001
12 001000010001

12 100010010000
12 100010010000
12 100010010000
12 100010010000
4 100010010000
4 100010010000
12 100010010000
12 100010010000
12 100010010000
12 100010010000
12 100010010000
12 100010010000
3 100010010000
3 100010010000
12 100010010000
4 100010010000

12 100010010000
12 100010010000
12 100010010000
7 100010010000
12 100010010000
12 100010010000
12 100010010000
12 100010010000
9 100010010000
9 100010010000
12 100010010000
9 100010010000
0 100010010000
0 100010010000
12 100010010000
12 100010010000

12 001001000100
12 001001000100
12 001001000100
12 001001000100
2 001001000100
2 001001000100
12 001001000100
2 001001000100
12 001001000100
12 001001000100
12 001001000100
2 001001000100
12 001001000100
12 001001000100
12 001001000100
2 001001000100

4 001000010001
4 001000010001
4 001000010001
4 001000010001
4 001000010001
4 001000010001
4 001000010001
4 001000010001
4 001000010001
4 001000010001
4 001000010001
4 001000010001
4 001000010001
4 001000010001
4 001000010001
4 001000010001

12 100010010000
12 100010010000
12 100010010000
12 100010010000
12 100010010000
12 100010010000
12 100010010000
12 100010010000
12 100010010000
12 100010010000
12 100010010000
12 100010010000
12 100010010000
12 100010010000
12 100010010000
12 100010010000

12 100010010000
12 100010010000
12 100010010000
12 100010010000
12 100010010000
12 100010010000
12 100010010000
12 100010010000
12 100010010000
12 100010010000
12 100010010000
12 100010010000
12 100010010000
12 100010010000
12 100010010000
12 100010010000

12 001001000100
12 001001000100
12 001001000100
12 001001000100
12 001001000100
12 001001000100
12 001001000100
12 001001000100
12 001001000100
12 001001000100
12 001001000100
12 001001000100
12 001001000100
12 001001000100
12 001001000100
12 001001000100

12 001000010001
12 001000010001
12 001000010001
12 001000010001
12 001000010001
12 001000010001
12 001000010001
12 001000010001
12 001000010001
12 001000010001
12 001000010001
12 001000010001
12 001000010001
12 001000010001
12 001000010001
12 001000010001

12 100010010000
12 100010010000
12 100010010000
12 100010010000
12 100010010000
12 100010010000
12 100010010000
12 100010010000
12 100010010000
12 100010010000
12 100010010000
12 100010010000
12 100010010000
12 100010010000
12 100010010000
12 100010010000

12 100010010000
12 100010010000
12 100010010000
12 100010010000
12 100010010000
12 100010010000
12 100010010000
12 100010010000
12 100010010000
12 100010010000
12 100010010000
12 100010010000
12 100010010000
12 100010010000
12 100010010000
12 100010010000

5 101001010101
5 101001010101
5 101001010101
5 101001010101
5 101001010101
5 101001010101
5 101001010101
5 101001010101
5 101001010101
5 101001010101
5 101001010101
5 101001010101
5 101001010101
5 101001010101
5 101001010101
5 101001010101

12 101001010101
12 101001010101
12 101001010101
12 101001010101
12 101001010101
12 101001010101
12 101001010101
12 101001010101
12 101001010101
12 101001010101
12 101001010101
12 101001010101
12 101001010101
12 101001010101
12 101001010101
12 101001010101

4 100010010000
4 100010010000
4 100010010000
4 100010010000
12 100010010000
12 100010010000
12 100010010000
12 100010010000
5 100001000100
5 100001000100
5 100001000100
5 100001000100
12 100001000100
12 100001000100
12 100001000100
12 100001000100

7 100010010000
7 100010010000
12 100010010000
12 100010010000
12 100010010000
12 100010010000
12 100010010000
0 100010010000
12 100001000100
12 100001000100
12 100001000100
0 100001000100
12 100001000100
12 100001000100
12 100001000100
2 100001000100

12 100010010000
12 100010010000
12 100010010000
4 100010010000
12 100010010000
12 100010010000
12 100010010000
12 100010010000
12 100001000100
12 100001000100
12 100001000100
12 100001000100
12 100001000100
12 100001000100
12 100001000100
12 100001000100

12 100010010000
12 100010010000
12 100010010000
12 100010010000
12 100010010000
12 100010010000
12 100010010000
12 100010010000
12 100001000100
12 100001000100
12 100001000100
12 100001000100
12 100001000100
12 100001000100
12 100001000100
12 100001000100

4 100010010000
4 100010010000
4 100010010000
4 100010010000
12 100010010000
12 100010010000
12 100010010000
12 100010010000
5 100001000100
5 100001000100
5 100001000100
5 100001000100
12 100001000100
12 100001000100
12 100001000100
12 100001000100

7 100010010000
7 100010010000
12 100010010000
12 100010010000
12 100010010000
12 100010010000
12 100010010000
0 100010010000
12 100001000100
12 100001000100
12 100001000100
0 100001000100
12 100001000100
12 100001000100
12 100001000100
2 100001000100

12 100010010000
12 100010010000
12 100010010000
4 100010010000
12 100010010000
12 100010010000
12 100010010000
12 100010010000
12 100001000100
12 100001000100
12 100001000100
12 100001000100
12 100001000100
12 100001000100
12 100001000100
12 100001000100

12 100010010000
12 100010010000
12 100010010000
12 100010010000
12 100010010000
12 100010010000
12 100010010000
12 100010010000
12 100001000100
12 100001000100
12 100001000100
12 100001000100
12 100001000100
12 100001000100
12 100001000100
12 100001000100

12 100010010000
12 100010010000
12 100010010000
12 100010010000
12 100010010000
12 100010010000
12 100010010000
12 100010010000
12 100010010000
12 100010010000
12 100010010000
12 100010010000
12 100010010000
12 100010010000
12 100010010000
12 100010010000

12 100010010000
12 100010010000
12 100010010000
12 100010010000
12 100010010000
12 100010010000
12 100010010000
12 100010010000
12 100010010000
12 100010010000
12 100010010000
12 100010010000
12 100010010000
12 100010010000
12 100010010000
12 100010010000

0 100010010000
0 100010010000
12 100010010000
2 100010010000
4 100010010000
4 100010010000
12 100010010000
5 100010010000
7 100010010000
7 100010010000
12 100010010000
12 100010010000
12 100010010000
12 100010010000
12 100010010000
12 100010010000

9 100010010000
9 100010010000
12 100010010000
7 100010010000
4 100010010000
4 100010010000
12 100010010000
12 100010010000
12 100010010000
12 100010010000
12 100010010000
12 100010010000
12 100010010000
12 100010010000
12 100010010000
12 100010010000

0 100010010000
0 100010010000
12 100010010000
2 100010010000
4 100010010000
4 100010010000
12 100010010000
5 100010010000
7 100010010000
7 100010010000
12 100010010000
12 100010010000
12 100010010000
12 100010010000
12 100010010000
12 100010010000

9 100010010000
9 100010010000
12 100010010000
7 100010010000
4 100010010000
4 100010010000
12 100010010000
12 100010010000
12 100010010000
12 100010010000
12 100010010000
12 100010010000
12 100010010000
12 100010010000
12 100010010000
12 100010010000

0 100010010000
0 100010010000
12 100010010000
2 100010010000
4 100010010000
4 100010010000
12 100010010000
5 100010010000
7 100010010000
7 100010010000
12 100010010000
12 100010010000
12 100010010000
12 100010010000
12 100010010000
12 100010010000

9 100010010000
9 100010010000
12 100010010000
7 100010010000
4 100010010000
4 100010010000
12 100010010000
12 100010010000
12 100010010000
12 100010010000
12 100010010000
12 100010010000
12 100010010000
12 100010010000
12 100010010000
12 100010010000

0 100010010000
0 100010010000
12 100010010000
2 100010010000
4 100010010000
4 100010010000
12 100010010000
5 100010010000
7 100010010000
7 100010010000
12 100010010000
12 100010010000
12 100010010000
12 100010010000
12 100010010000
12 100010010000

9 100010010000
9 100010010000
12 100010010000
7 100010010000
4 100010010000
4 100010010000
12 100010010000
12 100010010000
12 100010010000
12 100010010000
12 100010010000
12 100010010000
12 100010010000
12 100010010000
12 100010010000
12 100010010000

12 100010010000
12 100010010000
12 100010010000
12 100010010000
12 100010010000
12 100010010000
12 100010010000
12 100010010000
12 100001000100
12 100001000100
12 100001000100
12 100001000100
12 100001000100
12 100001000100
12 100001000100
12 100001000100

12 100010010000
12 100010010000
12 100010010000
12 100010010000
12 100010010000
12 100010010000
12 100010010000
12 100010010000
12 100001000100
12 100001000100
12 100001000100
12 100001000100
12 100001000100
12 100001000100
12 100001000100
12 100001000100

12 100010010000
12 100010010000
12 100010010000
12 100010010000
12 100010010000
12 100010010000
12 100010010000
12 100010010000
12 100001000100
12 100001000100
12 100001000100
12 100001000100
12 100001000100
12 100001000100
12 100001000100
12 100001000100

12 100010010000
12 100010010000
12 100010010000
12 100010010000
12 100010010000
12 100010010000
12 100010010000
12 100010010000
12 100001000100
12 100001000100
12 100001000100
12 100001000100
12 100001000100
12 100001000100
12 100001000100
12 100001000100

