12 000000000000
12 000000000000
12 000000000000
12 000000000000
12 000000000000
12 000000000000
12 000000000000
12 000000000000
12 000000000000
12 000000000000
12 000000000000
12 000000000000
12 000000000000
12 000000000000
12 000000000000
0 000000000000

0 100010010000
0 100010010000
12 100010010000
0 100010010000
12 100010010000
12 100010010000
0 100010010000
7 100010010000
10 100010010000
10 100010010000
12 100010010000
0 100010010000
12 100010010000
12 100010010000
7 100010010000
7 100010010000

0 100010010000
0 100010010000
0 100010010000
0 100010010000
0 100010010000
0 100010010000
12 100010010000
7 100010010000
10 100010010000
10 100010010000
12 100010010000
12 100010010000
12 100010010000
12 100010010000
7 100010010000
7 100010010000

0 100010010000
0 100010010000
0 100010010000
2 100010010000
3 100010010000
3 100010010000
0 100010010000
2 100010010000
0 100010010000
0 100010010000
12 100010010000
10 100010010000
7 100010010000
7 100010010000
12 100010010000
9 100010010000

12 100010010000
12 100010010000
12 100010010000
10 100010010000
7 100010010000
7 100010010000
12 100010010000
5 100010010000
3 100010010000
3 100010010000
12 100010010000
0 100010010000
0 100010010000
0 100010010000
12 100010010000
0 100010010000

12 100101000100
12 100101000100
12 100101000100
0 100101000100
0 100101000100
0 100101000100
0 100101000100
0 100101000100
4 100101000100
4 100101000100
12 100101000100
0 100101000100
9 100101000100
9 100101000100
12 100101000100
9 100101000100

12 100101000100
12 100101000100
12 100101000100
0 100101000100
0 100101000100
0 100101000100
0 100101000100
0 100101000100
4 100101000100
4 100101000100
12 100101000100
0 100101000100
12 100101000100
12 100101000100
12 100101000100
12 100101000100

12 001001010001
12 001001010001
12 001001010001
2 001001010001
2 001001010001
2 001001010001
2 001001010001
2 001001010001
4 001001010001
4 001001010001
12 001001010001
7 001001010001
12 001001010001
12 001001010001
9 001001010001
0 001001010001

0 100010010000
0 100010010000
12 100010010000
12 100010010000
12 100010010000
12 100010010000
12 100010010000
12 100010010000
12 100010010000
12 100010010000
12 100010010000
0 100010010000
12 100010010000
12 100010010000
12 100010010000
12 100010010000

0 100010010000
0 100010010000
0 100010010000
0 100010010000
12 100010010000
12 100010010000
12 100010010000
7 100010010000
10 100010010000
10 100010010000
12 100010010000
0 100010010000
12 100010010000
12 100010010000
7 100010010000
7 100010010000

0 100010010000
0 100010010000
0 100010010000
0 100010010000
12 100010010000
12 100010010000
12 100010010000
7 100010010000
10 100010010000
10 100010010000
12 100010010000
12 100010010000
12 100010010000
12 100010010000
12 100010010000
7 100010010000

0 100010010000
0 100010010000
12 100010010000
2 100010010000
3 100010010000
3 100010010000
0 100010010000
2 100010010000
0 100010010000
0 100010010000
10 100010010000
7 100010010000
12 100010010000
12 100010010000
12 100010010000
9 100010010000

10 100010010000
10 100010010000
12 100010010000
7 100010010000
0 100010010000
0 100010010000
0 100010010000
3 100010010000
4 100010010000
4 100010010000
0 100010010000
12 100010010000
0 100010010000
0 100010010000
12 100010010000
0 100010010000

12 100101000100
12 100101000100
12 100101000100
0 100101000100
0 100101000100
0 100101000100
0 100101000100
0 100101000100
3 100101000100
3 100101000100
0 100101000100
0 100101000100
0 100101000100
0 100101000100
12 100101000100
0 100101000100

12 100101000100
12 100101000100
12 100101000100
0 100101000100
0 100101000100
0 100101000100
0 100101000100
0 100101000100
3 100101000100
3 100101000100
12 100101000100
0 100101000100
12 100101000100
12 100101000100
12 100101000100
12 100101000100

12 001001010001
12 001001010001
12 001001010001
2 001001010001
2 001001010001
2 001001010001
12 001001010001
2 001001010001
4 001001010001
4 001001010001
12 001001010001
7 001001010001
12 001001010001
12 001001010001
9 001001010001
0 001001010001

0 100010010000
0 100010010000
12 100010010000
12 100010010000
12 100010010000
12 100010010000
12 100010010000
12 100010010000
12 100010010000
12 100010010000
12 100010010000
0 100010010000
12 100010010000
12 100010010000
12 100010010000
0 100010010000

0 100010010000
0 100010010000
0 100010010000
0 100010010000
12 100010010000
12 100010010000
12 100010010000
7 100010010000
10 100010010000
10 100010010000
7 100010010000
10 100010010000
12 100010010000
12 100010010000
12 100010010000
7 100010010000

0 100010010000
0 100010010000
12 100010010000
0 100010010000
12 100010010000
12 100010010000
0 100010010000
7 100010010000
10 100010010000
10 100010010000
12 100010010000
12 100010010000
12 100010010000
12 100010010000
7 100010010000
7 100010010000

0 100010010000
0 100010010000
12 100010010000
2 100010010000
3 100010010000
3 100010010000
0 100010010000
2 100010010000
0 100010010000
0 100010010000
12 100010010000
10 100010010000
7 100010010000
7 100010010000
7 100010010000
7 100010010000

7 100010010000
7 100010010000
0 100010010000
0 100010010000
0 100010010000
0 100010010000
0 100010010000
0 100010010000
0 100010010000
0 100010010000
12 100010010000
0 100010010000
0 100010010000
0 100010010000
0 100010010000
0 100010010000

12 100101000100
12 100101000100
12 100101000100
0 100101000100
0 100101000100
0 100101000100
0 100101000100
0 100101000100
3 100101000100
3 100101000100
12 100101000100
0 100101000100
0 100101000100
0 100101000100
12 100101000100
0 100101000100

12 100101000100
12 100101000100
12 100101000100
0 100101000100
0 100101000100
0 100101000100
12 100101000100
0 100101000100
3 100101000100
3 100101000100
12 100101000100
0 100101000100
12 100101000100
12 100101000100
12 100101000100
12 100101000100

12 001001010001
12 001001010001
12 001001010001
2 001001010001
2 001001010001
2 001001010001
12 001001010001
2 001001010001
4 001001010001
4 001001010001
12 001001010001
7 001001010001
12 001001010001
12 001001010001
9 001001010001
0 001001010001

0 100010010000
0 100010010000
12 100010010000
12 100010010000
12 100010010000
12 100010010000
12 100010010000
12 100010010000
12 100010010000
12 100010010000
12 100010010000
0 100010010000
12 100010010000
12 100010010000
12 100010010000
9 100010010000

0 100010010000
0 100010010000
12 100010010000
0 100010010000
12 100010010000
12 100010010000
0 100010010000
7 100010010000
10 100010010000
10 100010010000
12 100010010000
0 100010010000
12 100010010000
12 100010010000
7 100010010000
7 100010010000

0 100010010000
0 100010010000
0 100010010000
0 100010010000
12 100010010000
12 100010010000
12 100010010000
7 100010010000
10 100010010000
10 100010010000
12 100010010000
12 100010010000
12 100010010000
12 100010010000
7 100010010000
7 100010010000

0 100010010000
0 100010010000
12 100010010000
2 100010010000
3 100010010000
3 100010010000
0 100010010000
2 100010010000
0 100010010000
0 100010010000
12 100010010000
10 100010010000
7 100010010000
7 100010010000
12 100010010000
9 100010010000

12 100010010000
12 100010010000
12 100010010000
10 100010010000
7 100010010000
7 100010010000
12 100010010000
5 100010010000
3 100010010000
3 100010010000
12 100010010000
0 100010010000
0 100010010000
0 100010010000
0 100010010000
0 100010010000

0 100101000100
0 100101000100
0 100101000100
0 100101000100
0 100101000100
0 100101000100
0 100101000100
0 100101000100
3 100101000100
3 100101000100
12 100101000100
0 100101000100
0 100101000100
0 100101000100
12 100101000100
9 100101000100

12 100101000100
12 100101000100
12 100101000100
0 100101000100
0 100101000100
0 100101000100
0 100101000100
0 100101000100
3 100101000100
3 100101000100
12 100101000100
0 100101000100
12 100101000100
12 100101000100
12 100101000100
12 100101000100

12 001001010001
12 001001010001
12 001001010001
2 001001010001
2 001001010001
2 001001010001
12 001001010001
2 001001010001
4 001001010001
4 001001010001
12 001001010001
7 001001010001
12 001001010001
12 001001010001
9 001001010001
0 001001010001

0 100010010000
0 100010010000
0 100010010000
0 100010010000
0 100010010000
0 100010010000
0 100010010000
0 100010010000
0 100010010000
0 100010010000
0 100010010000
0 100010010000
0 100010010000
0 100010010000
0 100010010000
0 100010010000

12 100010010000
12 100010010000
12 100010010000
12 100010010000
12 100010010000
12 100010010000
12 100010010000
12 100010010000
12 100010010000
12 100010010000
12 100010010000
12 100010010000
12 100010010000
12 100010010000
12 100010010000
12 100010010000

12 100010010000
12 100010010000
12 100010010000
12 100010010000
12 100010010000
12 100010010000
12 100010010000
12 100010010000
12 100010010000
12 100010010000
12 100010010000
12 100010010000
12 100010010000
12 100010010000
12 100010010000
12 100010010000

12 100010010000
12 100010010000
12 100010010000
12 100010010000
12 100010010000
12 100010010000
12 100010010000
12 100010010000
12 100010010000
12 100010010000
12 100010010000
12 100010010000
12 100010010000
12 100010010000
12 100010010000
12 100010010000

12 100010010000
12 100010010000
12 100010010000
12 100010010000
12 100010010000
12 100010010000
12 100010010000
12 100010010000
12 100010010000
12 100010010000
12 100010010000
12 100010010000
12 100010010000
12 100010010000
12 100010010000
12 100010010000

12 100101000100
12 100101000100
12 100101000100
12 100101000100
12 100101000100
12 100101000100
12 100101000100
12 100101000100
12 100101000100
12 100101000100
12 100101000100
12 100101000100
12 100101000100
12 100101000100
12 100101000100
12 100101000100

12 100101000100
12 100101000100
12 100101000100
12 100101000100
12 100101000100
12 100101000100
12 100101000100
12 100101000100
12 100101000100
12 100101000100
12 100101000100
12 100101000100
12 100101000100
12 100101000100
12 100101000100
12 100101000100

12 001001010001
12 001001010001
12 001001010001
12 001001010001
12 001001010001
12 001001010001
12 001001010001
12 001001010001
12 001001010001
12 001001010001
12 001001010001
12 001001010001
12 001001010001
12 001001010001
12 001001010001
12 001001010001

12 100010010000
12 100010010000
12 100010010000
12 100010010000
12 100010010000
12 100010010000
12 100010010000
12 100010010000
12 100010010000
12 100010010000
12 100010010000
0 100010010000
12 100010010000
12 100010010000
12 100010010000
9 100010010000

0 100010010000
0 100010010000
0 100010010000
0 100010010000
12 100010010000
12 100010010000
12 100010010000
7 100010010000
10 100010010000
10 100010010000
12 100010010000
0 100010010000
12 100010010000
12 100010010000
7 100010010000
7 100010010000

0 100010010000
0 100010010000
0 100010010000
0 100010010000
12 100010010000
12 100010010000
12 100010010000
7 100010010000
10 100010010000
10 100010010000
12 100010010000
12 100010010000
12 100010010000
12 100010010000
12 100010010000
7 100010010000

0 100010010000
0 100010010000
12 100010010000
2 100010010000
3 100010010000
3 100010010000
0 100010010000
2 100010010000
0 100010010000
0 100010010000
10 100010010000
7 100010010000
12 100010010000
12 100010010000
12 100010010000
9 100010010000

10 100010010000
10 100010010000
12 100010010000
7 100010010000
12 100010010000
12 100010010000
0 100010010000
3 100010010000
12 100010010000
12 100010010000
12 100010010000
12 100010010000
0 100010010000
0 100010010000
0 100010010000
0 100010010000

12 100101000100
12 100101000100
12 100101000100
0 100101000100
12 100101000100
12 100101000100
0 100101000100
0 100101000100
3 100101000100
3 100101000100
12 100101000100
0 100101000100
0 100101000100
0 100101000100
0 100101000100
0 100101000100

12 100101000100
12 100101000100
12 100101000100
0 100101000100
0 100101000100
0 100101000100
12 100101000100
0 100101000100
3 100101000100
3 100101000100
12 100101000100
0 100101000100
12 100101000100
12 100101000100
12 100101000100
12 100101000100

12 001001010001
12 001001010001
12 001001010001
2 001001010001
2 001001010001
2 001001010001
12 001001010001
2 001001010001
4 001001010001
4 001001010001
12 001001010001
7 001001010001
12 001001010001
12 001001010001
9 001001010001
0 001001010001

0 100010010000
0 100010010000
2 100010010000
0 100010010000
12 100010010000
12 100010010000
12 100010010000
12 100010010000
12 100010010000
12 100010010000
12 100010010000
12 100010010000
12 100010010000
12 100010010000
12 100010010000
12 100010010000

12 100010010000
12 100010010000
12 100010010000
12 100010010000
12 010001001001
12 010001001001
12 010001001001
12 010001001001
12 100010010001
12 100010010001
12 100010010001
12 100010010001
12 100010010001
12 100010010001
12 100010010001
12 100010010001

