12 100100010000
12 100100010000
12 100100010000
12 100100010000
12 100100010000
12 100100010000
12 100100010000
12 100100010000
12 100100010000
12 100100010000
12 100100010000
12 100100010000
12 100100010000
12 100100010000
12 100100010000
12 100100010000

12 001000010001
12 001000010001
12 001000010001
12 001000010001
12 001000010001
12 001000010001
12 001000010001
12 001000010001
12 001000010001
12 001000010001
12 001000010001
12 001000010001
12 001000010001
12 001000010001
12 001000010001
12 001000010001

12 001001000010
12 001001000010
12 001001000010
12 001001000010
12 001001000010
12 001001000010
12 001001000010
12 001001000010
12 001001000010
12 001001000010
12 001001000010
12 001001000010
12 001001000010
12 001001000010
12 001001000010
12 001001000010

12 100001000100
12 100001000100
12 100001000100
12 100001000100
12 100001000100
12 100001000100
12 100001000100
12 100001000100
12 100001000100
12 100001000100
12 100001000100
12 100001000100
12 100001000100
12 100001000100
12 100001000100
12 100001000100

12 100100001000
12 100100001000
12 100100001000
12 100100001000
12 100100001000
12 100100001000
12 100100001000
12 100100001000
12 100100001000
12 100100001000
12 100100001000
12 100100001000
12 100100001000
12 100100001000
12 100100001000
12 100100001000

12 000100010010
12 000100010010
12 000100010010
12 000100010010
12 000100010010
12 000100010010
12 000100010010
12 000100010010
12 000100010010
12 000100010010
12 000100010010
12 000100010010
12 000100010010
12 000100010010
12 000100010010
12 000100010010

12 100001001000
12 100001001000
12 100001001000
12 100001001000
12 100001001000
12 100001001000
12 100001001000
12 100001001000
12 100001001000
12 100001001000
12 100001001000
12 100001001000
12 100001001000
12 100001001000
12 100001001000
12 100001001000

12 001000010001
12 001000010001
12 001000010001
12 001000010001
12 001000010001
12 001000010001
12 001000010001
12 001000010001
12 001000010001
12 001000010001
12 001000010001
12 001000010001
12 001000010001
12 001000010001
12 001000010001
12 001000010001

12 100100010000
12 100100010000
12 100100010000
12 100100010000
12 100100010000
12 100100010000
12 100100010000
12 100100010000
12 100100010000
12 100100010000
12 100100010000
12 100100010000
12 100100010000
12 100100010000
12 100100010000
12 100100010000

12 001000010001
12 001000010001
12 001000010001
12 001000010001
12 001000010001
12 001000010001
12 001000010001
12 001000010001
12 001000010001
12 001000010001
12 001000010001
12 001000010001
12 001000010001
12 001000010001
12 001000010001
12 001000010001

12 001001000010
12 001001000010
12 001001000010
12 001001000010
12 001001000010
12 001001000010
12 001001000010
12 001001000010
12 001001000010
12 001001000010
12 001001000010
12 001001000010
12 001001000010
12 001001000010
12 001001000010
12 001001000010

12 100001000100
12 100001000100
12 100001000100
12 100001000100
12 100001000100
12 100001000100
12 100001000100
12 100001000100
12 100001000100
12 100001000100
12 100001000100
12 100001000100
12 100001000100
12 100001000100
12 100001000100
12 100001000100

12 100100001000
12 100100001000
12 100100001000
12 100100001000
12 100100001000
12 100100001000
12 100100001000
12 100100001000
12 100100001000
12 100100001000
12 100100001000
12 100100001000
12 100100001000
12 100100001000
12 100100001000
12 100100001000

12 000100010010
12 000100010010
12 000100010010
12 000100010010
12 000100010010
12 000100010010
12 000100010010
12 000100010010
12 000100010010
12 000100010010
12 000100010010
12 000100010010
12 000100010010
12 000100010010
12 000100010010
12 000100010010

12 100001001000
12 100001001000
12 100001001000
12 100001001000
12 100001001000
12 100001001000
12 100001001000
12 100001001000
12 100001001000
12 100001001000
12 100001001000
12 100001001000
12 100001001000
12 100001001000
12 100001001000
12 100001001000

12 001000010001
12 001000010001
12 001000010001
12 001000010001
12 001000010001
12 001000010001
12 001000010001
12 001000010001
12 001000010001
12 001000010001
12 001000010001
12 001000010001
12 001000010001
12 001000010001
12 001000010001
12 001000010001

12 100100010000
12 100100010000
7 100100010000
7 100100010000
7 100100010000
12 100100010000
5 100100010000
5 100100010000
5 100100010000
12 100100010000
7 100100010000
12 100100010000
12 100100010000
12 100100010000
12 100100010000
12 100100010000

12 001000010001
12 001000010001
7 001000010001
12 001000010001
7 001000010001
5 001000010001
12 001000010001
5 001000010001
5 001000010001
12 001000010001
12 001000010001
12 001000010001
12 001000010001
12 001000010001
12 001000010001
12 001000010001

12 001001000010
12 001001000010
7 001001000010
12 001001000010
7 001001000010
12 001001000010
5 001001000010
5 001001000010
5 001001000010
12 001001000010
7 001001000010
12 001001000010
12 001001000010
12 001001000010
12 001001000010
12 001001000010

12 100001000100
7 100001000100
12 100001000100
7 100001000100
7 100001000100
12 100001000100
5 100001000100
5 100001000100
5 100001000100
3 100001000100
0 100001000100
12 100001000100
12 100001000100
12 100001000100
12 100001000100
12 100001000100

12 100100001000
12 100100001000
7 100100001000
7 100100001000
7 100100001000
12 100100001000
5 100100001000
3 100100001000
3 100100001000
12 100100001000
7 100100001000
12 100100001000
12 100100001000
12 100100001000
12 100100001000
12 100100001000

12 000100010010
3 000100010010
7 000100010010
12 000100010010
7 000100010010
5 000100010010
12 000100010010
3 000100010010
3 000100010010
12 000100010010
12 000100010010
12 000100010010
12 000100010010
12 000100010010
12 000100010010
12 000100010010

12 100001001000
5 100001001000
5 100001001000
5 100001001000
5 100001001000
5 100001001000
5 100001001000
3 100001001000
5 100001001000
12 100001001000
3 100001001000
7 100001001000
12 100001001000
12 100001001000
12 100001001000
12 100001001000

12 001000010001
7 001000010001
7 001000010001
7 001000010001
7 001000010001
12 001000010001
5 001000010001
5 001000010001
7 001000010001
12 001000010001
12 001000010001
12 001000010001
12 001000010001
12 001000010001
12 001000010001
12 001000010001

12 100100010000
12 100100010000
7 100100010000
7 100100010000
12 100100010000
8 100100010000
7 100100010000
7 100100010000
8 100100010000
12 100100010000
7 100100010000
12 100100010000
12 100100010000
12 100100010000
12 100100010000
12 100100010000

12 001000010001
7 001000010001
7 001000010001
7 001000010001
7 001000010001
5 001000010001
12 001000010001
5 001000010001
12 001000010001
12 001000010001
12 001000010001
12 001000010001
12 001000010001
12 001000010001
12 001000010001
12 001000010001

12 001001000010
12 001001000010
12 001001000010
5 001001000010
5 001001000010
5 001001000010
5 001001000010
2 001001000010
5 001001000010
5 001001000010
12 001001000010
7 001001000010
12 001001000010
7 001001000010
7 001001000010
7 001001000010

7 100001000100
7 100001000100
12 100001000100
7 100001000100
7 100001000100
5 100001000100
12 100001000100
5 100001000100
5 100001000100
3 100001000100
0 100001000100
12 100001000100
12 100001000100
12 100001000100
12 100001000100
12 100001000100

12 100100001000
12 100100001000
7 100100001000
7 100100001000
7 100100001000
5 100100001000
12 100100001000
3 100100001000
3 100100001000
12 100100001000
7 100100001000
12 100100001000
12 100100001000
12 100100001000
12 100100001000
12 100100001000

12 000100010010
12 000100010010
0 000100010010
10 000100010010
7 000100010010
12 000100010010
5 000100010010
3 000100010010
3 000100010010
12 000100010010
12 000100010010
12 000100010010
12 000100010010
12 000100010010
12 000100010010
12 000100010010

12 100001001000
12 100001001000
5 100001001000
5 100001001000
5 100001001000
5 100001001000
5 100001001000
3 100001001000
12 100001001000
5 100001001000
3 100001001000
7 100001001000
12 100001001000
12 100001001000
12 100001001000
12 100001001000

12 001000010001
12 001000010001
7 001000010001
5 001000010001
7 001000010001
12 001000010001
11 001000010001
12 001000010001
5 001000010001
12 001000010001
12 001000010001
12 001000010001
12 001000010001
12 001000010001
12 001000010001
12 001000010001

12 100100001000
12 100100001000
8 100100001000
8 100100001000
12 100100001000
8 100100001000
8 100100001000
8 100100001000
12 100100001000
8 100100001000
12 100100001000
12 100100001000
10 100100001000
12 100100001000
8 100100001000
8 100100001000

7 000100010010
7 000100010010
12 000100010010
12 000100010010
12 000100010010
12 000100010010
12 000100010010
12 000100010010
12 000100010010
12 000100010010
12 000100010010
12 000100010010
12 000100010010
12 000100010010
7 000100010010
7 000100010010

7 001001010001
5 001001010001
5 001001010001
5 001001010001
12 001001010001
12 001001010001
12 001001010001
12 001001010001
12 001001010001
12 001001010001
12 001001010001
12 001001010001
12 001001010001
12 001001010001
5 001001010001
5 001001010001

5 100100010000
3 100100010000
3 100100010000
3 100100010000
12 100100010000
12 100100010000
12 100100010000
12 100100010000
12 100100010000
12 100100010000
12 100100010000
12 100100010000
12 100100010000
12 100100010000
12 100100010000
12 100100010000

8 100100001000
8 100100001000
8 100100001000
8 100100001000
12 100100001000
8 100100001000
12 100100001000
8 100100001000
8 100100001000
12 100100001000
8 100100001000
12 100100001000
10 100100001000
12 100100001000
8 100100001000
8 100100001000

7 000100010010
7 000100010010
12 000100010010
12 000100010010
12 000100010010
12 000100010010
12 000100010010
12 000100010010
12 000100010010
12 000100010010
12 000100010010
12 000100010010
12 000100010010
12 000100010010
7 000100010010
7 000100010010

7 100001001000
5 100001001000
5 100001001000
5 100001001000
12 100001001000
12 100001001000
12 100001001000
12 100001001000
12 100001001000
12 100001001000
12 100001001000
12 100001001000
12 100001001000
12 100001001000
8 100001001000
8 100001001000

8 001000010001
7 001000010001
7 001000010001
7 001000010001
12 001000010001
12 001000010001
12 001000010001
12 001000010001
12 001000010001
12 001000010001
12 001000010001
12 001000010001
12 001000010001
12 001000010001
12 001000010001
12 001000010001

12 100100010000
7 100100010000
7 100100010000
7 100100010000
8 100100010000
7 100100010000
12 100100010000
7 100100010000
8 100100010000
12 100100010000
7 100100010000
12 100100010000
12 100100010000
12 100100010000
12 100100010000
12 100100010000

12 001000010001
7 001000010001
7 001000010001
7 001000010001
7 001000010001
5 001000010001
12 001000010001
5 001000010001
12 001000010001
7 001000010001
12 001000010001
12 001000010001
12 001000010001
12 001000010001
12 001000010001
12 001000010001

12 001001000010
5 001001000010
5 001001000010
5 001001000010
5 001001000010
5 001001000010
7 001001000010
5 001001000010
12 001001000010
7 001001000010
5 001001000010
7 001001000010
12 001001000010
12 001001000010
12 001001000010
12 001001000010

12 100001000100
12 100001000100
12 100001000100
7 100001000100
7 100001000100
5 100001000100
12 100001000100
5 100001000100
12 100001000100
3 100001000100
0 100001000100
12 100001000100
12 100001000100
12 100001000100
12 100001000100
12 100001000100

12 100100001000
12 100100001000
5 100100001000
7 100100001000
7 100100001000
12 100100001000
5 100100001000
3 100100001000
3 100100001000
12 100100001000
7 100100001000
12 100100001000
12 100100001000
12 100100001000
12 100100001000
12 100100001000

7 000100010010
12 000100010010
12 000100010010
12 000100010010
12 000100010010
5 000100010010
12 000100010010
3 000100010010
3 000100010010
12 000100010010
12 000100010010
12 000100010010
12 000100010010
12 000100010010
12 000100010010
12 000100010010

12 100001001000
12 100001001000
5 100001001000
12 100001001000
5 100001001000
12 100001001000
5 100001001000
3 100001001000
7 100001001000
12 100001001000
5 100001001000
12 100001001000
12 100001001000
12 100001001000
12 100001001000
12 100001001000

12 001000010001
12 001000010001
7 001000010001
12 001000010001
7 001000010001
12 001000010001
5 001000010001
5 001000010001
12 001000010001
7 001000010001
12 001000010001
12 001000010001
12 001000010001
12 001000010001
12 001000010001
12 001000010001

12 100100010000
12 100100010000
7 100100010000
7 100100010000
12 100100010000
7 100100010000
7 100100010000
7 100100010000
8 100100010000
12 100100010000
7 100100010000
12 100100010000
12 100100010000
12 100100010000
12 100100010000
12 100100010000

12 001000010001
7 001000010001
12 001000010001
12 001000010001
12 001000010001
7 001000010001
12 001000010001
5 001000010001
5 001000010001
12 001000010001
7 001000010001
12 001000010001
12 001000010001
2 001000010001
2 001000010001
12 001000010001

12 001001000010
5 001001000010
12 001001000010
5 001001000010
5 001001000010
5 001001000010
12 001001000010
5 001001000010
5 001001000010
5 001001000010
12 001001000010
7 001001000010
12 001001000010
12 001001000010
2 001001000010
12 001001000010

12 100001000100
12 100001000100
7 100001000100
12 100001000100
7 100001000100
5 100001000100
12 100001000100
5 100001000100
5 100001000100
12 100001000100
3 100001000100
0 100001000100
12 100001000100
12 100001000100
12 100001000100
12 100001000100

12 100100001000
12 100100001000
7 100100001000
12 100100001000
7 100100001000
12 100100001000
7 100100001000
12 100100001000
7 100100001000
5 100100001000
3 100100001000
3 100100001000
12 100100001000
5 100100001000
7 100100001000
12 100100001000

7 000100010010
12 000100010010
12 000100010010
12 000100010010
12 000100010010
5 000100010010
3 000100010010
3 000100010010
12 000100010010
12 000100010010
12 000100010010
12 000100010010
12 000100010010
12 000100010010
12 000100010010
12 000100010010

12 100001001000
12 100001001000
5 100001001000
5 100001001000
5 100001001000
12 100001001000
5 100001001000
3 100001001000
5 100001001000
5 100001001000
5 100001001000
3 100001001000
7 100001001000
12 100001001000
12 100001001000
12 100001001000

12 001000010001
12 001000010001
7 001000010001
5 001000010001
7 001000010001
12 001000010001
11 001000010001
12 001000010001
7 001000010001
5 001000010001
12 001000010001
12 001000010001
7 001000010001
12 001000010001
12 001000010001
12 001000010001

12 100100001000
12 100100001000
8 100100001000
8 100100001000
12 100100001000
8 100100001000
8 100100001000
8 100100001000
12 100100001000
8 100100001000
12 100100001000
12 100100001000
10 100100001000
12 100100001000
8 100100001000
8 100100001000

7 000100010010
7 000100010010
12 000100010010
12 000100010010
12 000100010010
12 000100010010
12 000100010010
12 000100010010
12 000100010010
12 000100010010
12 000100010010
12 000100010010
12 000100010010
12 000100010010
7 000100010010
7 000100010010

7 001001010001
5 001001010001
5 001001010001
5 001001010001
12 001001010001
12 001001010001
12 001001010001
12 001001010001
12 001001010001
12 001001010001
12 001001010001
12 001001010001
12 001001010001
12 001001010001
5 001001010001
5 001001010001

5 100100010000
3 100100010000
3 100100010000
3 100100010000
12 100100010000
12 100100010000
12 100100010000
12 100100010000
12 100100010000
12 100100010000
12 100100010000
12 100100010000
12 100100010000
12 100100010000
12 100100010000
3 100100010000

8 100100001000
8 100100001000
8 100100001000
8 100100001000
12 100100001000
8 100100001000
12 100100001000
8 100100001000
8 100100001000
12 100100001000
8 100100001000
12 100100001000
10 100100001000
12 100100001000
8 100100001000
8 100100001000

7 000100010010
7 000100010010
12 000100010010
12 000100010010
12 000100010010
12 000100010010
12 000100010010
12 000100010010
12 000100010010
12 000100010010
12 000100010010
12 000100010010
12 000100010010
12 000100010010
7 000100010010
7 000100010010

7 100001001000
5 100001001000
5 100001001000
5 100001001000
12 100001001000
12 100001001000
12 100001001000
12 100001001000
12 100001001000
12 100001001000
12 100001001000
12 100001001000
12 100001001000
12 100001001000
7 100001001000
8 100001001000

8 001000010001
7 001000010001
7 001000010001
7 001000010001
12 001000010001
12 001000010001
12 001000010001
12 001000010001
12 001000010001
12 001000010001
12 001000010001
12 001000010001
12 001000010001
12 001000010001
12 001000010001
12 001000010001

12 100100010000
12 100100010000
7 100100010000
7 100100010000
12 100100010000
8 100100010000
12 100100010000
7 100100010000
8 100100010000
12 100100010000
7 100100010000
12 100100010000
12 100100010000
12 100100010000
12 100100010000
12 100100010000

12 001000010001
7 001000010001
7 001000010001
12 001000010001
7 001000010001
7 001000010001
12 001000010001
5 001000010001
7 001000010001
12 001000010001
12 001000010001
11 001000010001
11 001000010001
11 001000010001
12 001000010001
12 001000010001

12 001001000010
12 001001000010
7 001001000010
5 001001000010
5 001001000010
12 001001000010
5 001001000010
12 001001000010
7 001001000010
5 001001000010
12 001001000010
5 001001000010
7 001001000010
12 001001000010
12 001001000010
12 001001000010

12 100001000100
12 100001000100
7 100001000100
7 100001000100
7 100001000100
5 100001000100
12 100001000100
3 100001000100
3 100001000100
12 100001000100
12 100001000100
12 100001000100
12 100001000100
12 100001000100
12 100001000100
12 100001000100

12 100100001000
7 100100001000
7 100100001000
7 100100001000
12 100100001000
7 100100001000
5 100100001000
3 100100001000
3 100100001000
12 100100001000
7 100100001000
12 100100001000
12 100100001000
12 100100001000
12 100100001000
12 100100001000

12 000100010010
7 000100010010
12 000100010010
7 000100010010
5 000100010010
12 000100010010
5 000100010010
3 000100010010
12 000100010010
3 000100010010
12 000100010010
12 000100010010
12 000100010010
12 000100010010
12 000100010010
12 000100010010

12 100001001000
5 100001001000
12 100001001000
5 100001001000
5 100001001000
12 100001001000
5 100001001000
3 100001001000
12 100001001000
5 100001001000
3 100001001000
12 100001001000
7 100001001000
12 100001001000
7 100001001000
3 100001001000

7 001000010001
12 001000010001
7 001000010001
12 001000010001
12 001000010001
7 001000010001
12 001000010001
5 001000010001
7 001000010001
12 001000010001
12 001000010001
12 001000010001
12 001000010001
12 001000010001
12 001000010001
12 001000010001

12 100100010000
12 100100010000
7 100100010000
12 100100010000
7 100100010000
8 100100010000
12 100100010000
7 100100010000
8 100100010000
12 100100010000
7 100100010000
12 100100010000
12 100100010000
12 100100010000
3 100100010000
0 100100010000

12 001000010001
12 001000010001
7 001000010001
7 001000010001
12 001000010001
7 001000010001
12 001000010001
5 001000010001
7 001000010001
12 001000010001
12 001000010001
12 001000010001
12 001000010001
12 001000010001
12 001000010001
12 001000010001

12 001001000010
12 001001000010
12 001001000010
10 001001000010
5 001001000010
5 001001000010
5 001001000010
5 001001000010
5 001001000010
5 001001000010
12 001001000010
7 001001000010
12 001001000010
12 001001000010
7 001001000010
7 001001000010

7 100001000100
12 100001000100
7 100001000100
12 100001000100
7 100001000100
5 100001000100
3 100001000100
5 100001000100
12 100001000100
3 100001000100
0 100001000100
12 100001000100
12 100001000100
12 100001000100
12 100001000100
12 100001000100

12 100100001000
12 100100001000
3 100100001000
7 100100001000
12 100100001000
12 100100001000
5 100100001000
3 100100001000
3 100100001000
12 100100001000
7 100100001000
12 100100001000
12 100100001000
12 100100001000
3 100100001000
0 100100001000

12 000100010010
12 000100010010
3 000100010010
3 000100010010
12 000100010010
3 000100010010
12 000100010010
0 000100010010
3 000100010010
12 000100010010
12 000100010010
12 000100010010
12 000100010010
12 000100010010
12 000100010010
12 000100010010

12 100001001000
12 100001001000
5 100001001000
5 100001001000
5 100001001000
5 100001001000
5 100001001000
3 100001001000
12 100001001000
5 100001001000
12 100001001000
3 100001001000
7 100001001000
12 100001001000
12 100001001000
12 100001001000

12 001000010001
7 001000010001
7 001000010001
7 001000010001
12 001000010001
11 001000010001
7 001000010001
12 001000010001
7 001000010001
12 001000010001
12 001000010001
12 001000010001
12 001000010001
12 001000010001
12 001000010001
12 001000010001

12 100100010000
12 100100010000
12 100100010000
12 100100010000
12 100100010000
12 100100010000
12 100100010000
12 100100010000
12 100100010000
12 100100010000
12 100100010000
12 100100010000
12 100100010000
12 100100010000
12 100100010000
12 100100010000

12 001000010001
12 001000010001
12 001000010001
12 001000010001
12 001000010001
12 001000010001
12 001000010001
12 001000010001
12 001000010001
12 001000010001
12 001000010001
12 001000010001
12 001000010001
12 001000010001
12 001000010001
12 001000010001

12 001001000010
12 001001000010
12 001001000010
12 001001000010
12 001001000010
12 001001000010
12 001001000010
12 001001000010
12 001001000010
12 001001000010
12 001001000010
12 001001000010
12 001001000010
12 001001000010
12 001001000010
12 001001000010

12 100001000100
12 100001000100
12 100001000100
12 100001000100
12 100001000100
12 100001000100
12 100001000100
12 100001000100
12 100001000100
12 100001000100
12 100001000100
12 100001000100
12 100001000100
12 100001000100
12 100001000100
12 100001000100

12 100100001000
12 100100001000
12 100100001000
12 100100001000
12 100100001000
12 100100001000
12 100100001000
12 100100001000
12 100100001000
12 100100001000
12 100100001000
12 100100001000
12 100100001000
12 100100001000
12 100100001000
12 100100001000

12 000100010010
12 000100010010
12 000100010010
12 000100010010
12 000100010010
12 000100010010
12 000100010010
12 000100010010
12 000100010010
12 000100010010
12 000100010010
12 000100010010
12 000100010010
12 000100010010
12 000100010010
12 000100010010

12 100001001000
12 100001001000
12 100001001000
12 100001001000
12 100001001000
12 100001001000
12 100001001000
12 100001001000
12 100001001000
12 100001001000
12 100001001000
12 100001001000
12 100001001000
12 100001001000
12 100001001000
12 100001001000

12 001000010001
12 001000010001
12 001000010001
12 001000010001
12 001000010001
12 001000010001
12 001000010001
12 001000010001
12 001000010001
12 001000010001
12 001000010001
12 001000010001
12 001000010001
12 001000010001
12 001000010001
12 001000010001

12 100100010000
12 100100010000
12 100100010000
12 100100010000
12 100100010000
12 100100010000
12 100100010000
12 100100010000
12 100100010000
12 100100010000
12 100100010000
12 100100010000
12 100100010000
12 100100010000
12 100100010000
12 100100010000

12 001000010001
12 001000010001
12 001000010001
12 001000010001
12 001000010001
12 001000010001
12 001000010001
12 001000010001
12 001000010001
12 001000010001
12 001000010001
12 001000010001
12 001000010001
12 001000010001
12 001000010001
12 001000010001

12 001001000010
12 001001000010
12 001001000010
12 001001000010
12 001001000010
12 001001000010
12 001001000010
12 001001000010
12 001001000010
12 001001000010
12 001001000010
12 001001000010
12 001001000010
12 001001000010
12 001001000010
12 001001000010

12 100001000100
12 100001000100
12 100001000100
12 100001000100
12 100001000100
12 100001000100
12 100001000100
12 100001000100
12 100001000100
12 100001000100
12 100001000100
12 100001000100
12 100001000100
12 100001000100
12 100001000100
12 100001000100

12 100100001000
12 100100001000
12 100100001000
12 100100001000
12 100100001000
12 100100001000
12 100100001000
12 100100001000
12 100100001000
12 100100001000
12 100100001000
12 100100001000
12 100100001000
12 100100001000
12 100100001000
12 100100001000

12 000100010010
12 000100010010
12 000100010010
12 000100010010
12 000100010010
12 000100010010
12 000100010010
12 000100010010
12 000100010010
12 000100010010
12 000100010010
12 000100010010
12 000100010010
12 000100010010
12 000100010010
12 000100010010

12 100001001000
12 100001001000
12 100001001000
12 100001001000
12 100001001000
12 100001001000
12 100001001000
12 100001001000
12 100001001000
12 100001001000
12 100001001000
12 100001001000
12 100001001000
12 100001001000
12 100001001000
12 100001001000

12 001000010001
12 001000010001
12 001000010001
12 001000010001
12 001000010001
12 001000010001
12 001000010001
12 001000010001
12 001000010001
12 001000010001
12 001000010001
12 001000010001
12 001000010001
12 001000010001
12 001000010001
12 001000010001

12 100100010000
12 100100010000
12 100100010000
12 100100010000
12 100100010000
12 100100010000
12 100100010000
12 100100010000
12 100100010000
12 100100010000
12 100100010000
12 100100010000
12 100100010000
12 100100010000
12 100100010000
12 100100010000

12 001000010001
12 001000010001
12 001000010001
12 001000010001
12 001000010001
12 001000010001
12 001000010001
12 001000010001
12 001000010001
12 001000010001
12 001000010001
12 001000010001
12 001000010001
12 001000010001
12 001000010001
12 001000010001

12 001001000010
12 001001000010
12 001001000010
12 001001000010
12 001001000010
12 001001000010
12 001001000010
12 001001000010
12 001001000010
12 001001000010
12 001001000010
12 001001000010
12 001001000010
12 001001000010
12 001001000010
12 001001000010

12 100001000100
12 100001000100
12 100001000100
12 100001000100
12 100001000100
12 100001000100
12 100001000100
12 100001000100
12 100001000100
12 100001000100
12 100001000100
12 100001000100
12 100001000100
12 100001000100
12 100001000100
12 100001000100

12 100100001000
12 100100001000
12 100100001000
12 100100001000
12 100100001000
12 100100001000
12 100100001000
12 100100001000
12 100100001000
12 100100001000
12 100100001000
12 100100001000
12 100100001000
12 100100001000
12 100100001000
12 100100001000

12 000100010010
12 000100010010
12 000100010010
12 000100010010
12 000100010010
12 000100010010
12 000100010010
12 000100010010
12 000100010010
12 000100010010
12 000100010010
12 000100010010
12 000100010010
12 000100010010
12 000100010010
12 000100010010

12 100001001000
12 100001001000
12 100001001000
12 100001001000
12 100001001000
12 100001001000
12 100001001000
12 100001001000
12 100001001000
12 100001001000
12 100001001000
12 100001001000
12 100001001000
12 100001001000
12 100001001000
12 100001001000

12 001000010001
12 001000010001
12 001000010001
12 001000010001
12 001000010001
12 001000010001
12 001000010001
12 001000010001
12 001000010001
12 001000010001
12 001000010001
12 001000010001
12 001000010001
12 001000010001
12 001000010001
12 001000010001

12 100100010000
12 100100010000
12 100100010000
12 100100010000
12 100100010000
12 100100010000
12 100100010000
12 100100010000
12 100100010000
12 100100010000
12 100100010000
12 100100010000
12 100100010000
12 100100010000
12 100100010000
12 100100010000

12 001000010001
12 001000010001
12 001000010001
12 001000010001
12 001000010001
12 001000010001
12 001000010001
12 001000010001
12 001000010001
12 001000010001
12 001000010001
12 001000010001
12 001000010001
12 001000010001
12 001000010001
12 001000010001

12 001001000010
12 001001000010
12 001001000010
12 001001000010
12 001001000010
12 001001000010
12 001001000010
12 001001000010
12 001001000010
12 001001000010
12 001001000010
12 001001000010
12 001001000010
12 001001000010
12 001001000010
12 001001000010

12 100001000100
12 100001000100
12 100001000100
12 100001000100
12 100001000100
12 100001000100
12 100001000100
12 100001000100
12 100001000100
12 100001000100
12 100001000100
12 100001000100
12 100001000100
12 100001000100
12 100001000100
12 100001000100

12 100100001000
12 100100001000
12 100100001000
12 100100001000
12 100100001000
12 100100001000
12 100100001000
12 100100001000
12 100100001000
12 100100001000
12 100100001000
12 100100001000
12 100100001000
12 100100001000
12 100100001000
12 100100001000

12 000100010010
12 000100010010
12 000100010010
12 000100010010
12 000100010010
12 000100010010
12 000100010010
12 000100010010
12 000100010010
12 000100010010
12 000100010010
12 000100010010
12 000100010010
12 000100010010
12 000100010010
12 000100010010

12 100001001000
12 100001001000
12 100001001000
12 100001001000
12 100001001000
12 100001001000
12 100001001000
12 100001001000
12 100001001000
12 100001001000
12 100001001000
12 100001001000
12 100001001000
12 100001001000
12 100001001000
12 100001001000

12 001000010001
12 001000010001
12 001000010001
12 001000010001
12 001000010001
12 001000010001
12 001000010001
12 001000010001
12 001000010001
12 001000010001
12 001000010001
12 001000010001
12 001000010001
12 001000010001
12 001000010001
12 001000010001

12 100100010000
12 100100010000
12 100100010000
12 100100010000
12 100100010000
12 100100010000
12 100100010000
12 100100010000
12 100100010000
12 100100010000
12 100100010000
12 100100010000
12 100100010000
12 100100010000
12 100100010000
12 100100010000

12 001000010001
12 001000010001
12 001000010001
12 001000010001
12 001000010001
12 001000010001
12 001000010001
12 001000010001
12 001000010001
12 001000010001
12 001000010001
12 001000010001
12 001000010001
12 001000010001
12 001000010001
12 001000010001

12 001001000010
12 001001000010
12 001001000010
12 001001000010
12 001001000010
12 001001000010
12 001001000010
12 001001000010
12 001001000010
12 001001000010
12 001001000010
12 001001000010
12 001001000010
12 001001000010
12 001001000010
12 001001000010

12 100001000100
12 100001000100
12 100001000100
12 100001000100
12 100001000100
12 100001000100
12 100001000100
12 100001000100
12 100001000100
12 100001000100
12 100001000100
12 100001000100
12 100001000100
12 100001000100
12 100001000100
12 100001000100

12 100100001000
12 100100001000
12 100100001000
12 100100001000
12 100100001000
12 100100001000
12 100100001000
12 100100001000
12 100100001000
12 100100001000
12 100100001000
12 100100001000
12 100100001000
12 100100001000
12 100100001000
12 100100001000

12 000100010010
12 000100010010
12 000100010010
12 000100010010
12 000100010010
12 000100010010
12 000100010010
12 000100010010
12 000100010010
12 000100010010
12 000100010010
12 000100010010
12 000100010010
12 000100010010
12 000100010010
12 000100010010

12 100001001000
12 100001001000
12 100001001000
12 100001001000
12 100001001000
12 100001001000
12 100001001000
12 100001001000
12 100001001000
12 100001001000
12 100001001000
12 100001001000
12 100001001000
12 100001001000
12 100001001000
12 100001001000

12 001000010001
12 001000010001
12 001000010001
12 001000010001
12 001000010001
12 001000010001
12 001000010001
12 001000010001
12 001000010001
12 001000010001
12 001000010001
12 001000010001
12 001000010001
12 001000010001
12 001000010001
12 001000010001

