12 100010010000
12 100010010000
12 100010010000
12 100010010000
12 100010010000
12 100010010000
12 100010010000
12 100010010000
12 100010010000
12 100010010000
12 100010010000
12 100010010000
12 100010010000
12 100010010000
12 100010010000
12 100010010000

12 101001001000
12 101001001000
12 101001001000
12 101001001000
12 101001001000
12 101001001000
12 101001001000
12 101001001000
12 101001001000
12 101001001000
12 101001001000
12 101001001000
12 101001001000
12 101001001000
12 101001001000
12 101001001000

12 100010010000
12 100010010000
12 100010010000
12 100010010000
12 100010010000
12 100010010000
12 100010010000
12 100010010000
12 100010010000
12 100010010000
12 100010010000
12 100010010000
12 100010010000
12 100010010000
12 100010010000
12 100010010000

12 101001001000
12 101001001000
12 101001001000
12 101001001000
12 101001001000
12 101001001000
12 101001001000
12 101001001000
12 101001001000
12 101001001000
12 101001001000
12 101001001000
12 101001001000
12 101001001000
12 101001001000
12 101001001000

12 100010010000
12 100010010000
12 100010010000
12 100010010000
12 100010010000
12 100010010000
12 100010010000
12 100010010000
12 100010010000
12 100010010000
12 100010010000
12 100010010000
12 100010010000
12 100010010000
12 100010010000
12 100010010000

12 101001001000
12 101001001000
12 101001001000
12 101001001000
12 101001001000
12 101001001000
12 101001001000
12 101001001000
12 101001001000
12 101001001000
12 101001001000
12 101001001000
12 101001001000
12 101001001000
12 101001001000
12 101001001000

12 100010010000
12 100010010000
12 100010010000
12 100010010000
12 100010010000
12 100010010000
12 100010010000
12 100010010000
12 100010010000
12 100010010000
12 100010010000
12 100010010000
12 100010010000
12 100010010000
12 100010010000
12 100010010000

12 101001001000
12 101001001000
12 101001001000
12 101001001000
12 101001001000
12 101001001000
12 101001001000
12 101001001000
12 101001001000
12 101001001000
12 101001001000
12 101001001000
12 101001001000
12 101001001000
12 101001001000
7 101001001000

7 100010010000
12 100010010000
0 100010010000
0 100010010000
12 100010010000
12 100010010000
2 100010010000
2 100010010000
12 100010010000
12 100010010000
4 100010010000
4 100010010000
12 100010010000
12 100010010000
12 100010010000
0 100010010000

2 001001001000
12 001001001000
12 001001001000
0 001001001000
2 001001001000
12 001001001000
12 001001001000
12 001001001000
12 001001001000
12 001001001000
12 001001001000
12 001001001000
12 001001001000
12 001001001000
12 001001001000
12 001001001000

7 100010010000
12 100010010000
0 100010010000
0 100010010000
12 100010010000
12 100010010000
2 100010010000
2 100010010000
12 100010010000
12 100010010000
4 100010010000
4 100010010000
12 100010010000
12 100010010000
12 100010010000
0 100010010000

2 001001001000
12 001001001000
12 001001001000
0 001001001000
2 001001001000
12 001001001000
12 001001001000
12 001001001000
12 001001001000
12 001001001000
12 001001001000
12 001001001000
12 001001001000
12 001001001000
12 001001001000
12 001001001000

7 100010010000
12 100010010000
0 100010010000
0 100010010000
12 100010010000
12 100010010000
2 100010010000
2 100010010000
12 100010010000
12 100010010000
4 100010010000
4 100010010000
12 100010010000
12 100010010000
12 100010010000
0 100010010000

2 001001001000
12 001001001000
12 001001001000
12 001001001000
4 001001001000
2 001001001000
0 001001001000
2 001001001000
12 001001001000
12 001001001000
12 001001001000
12 001001001000
12 001001001000
12 001001001000
12 001001001000
12 001001001000

7 100010010000
12 100010010000
0 100010010000
0 100010010000
12 100010010000
12 100010010000
2 100010010000
2 100010010000
12 100010010000
12 100010010000
4 100010010000
4 100010010000
12 100010010000
12 100010010000
12 100010010000
0 100010010000

2 001001001000
12 001001001000
12 001001001000
12 001001001000
3 001001001000
2 001001001000
0 001001001000
4 001001001000
12 001001001000
12 001001001000
4 001001001000
0 001001001000
2 001010001001
12 001010001001
12 001010001001
12 001010001001

9 100010000100
0 100010000100
12 100010000100
12 100010000100
12 100010000100
12 100010000100
12 100010000100
12 100010000100
12 100010000100
12 100010000100
12 100010000100
12 100010000100
9 100010000100
0 100010000100
12 100010000100
2 100010000100

4 101001001000
12 101001001000
12 101001001000
2 101001001000
12 101001001000
12 101001001000
12 101001001000
12 101001001000
12 101001001000
12 101001001000
12 101001001000
12 101001001000
0 101001001000
0 101001001000
11 101001001000
9 101001001000

9 100010010000
7 100010010000
12 100010010000
12 100010010000
12 100010010000
12 100010010000
12 100010010000
12 100010010000
12 100010010000
12 100010010000
12 100010010000
12 100010010000
0 100010010000
2 100010010000
12 100010010000
4 100010010000

5 101001010101
4 101001010101
12 101001010101
2 101001010101
12 101001010101
0 101001010101
12 101001010101
9 101001010101
7 101001010101
12 101001010101
4 101001010101
4 101001010101
4 101001010101
12 101001010101
2 101001010101
0 101001010101

0 100010010000
12 100010010000
12 100010010000
12 100010010000
12 100010010000
12 100010010000
12 100010010000
12 100010010000
12 100010010000
12 100010010000
4 100010010000
4 100010010000
4 100010010000
12 100010010000
2 100010010000
0 100010010000

2 100010010100
12 100010010100
0 100010010100
0 100010010100
12 100010010100
12 100010010100
12 100010010100
12 100010010100
12 100010010100
7 100010010100
4 100010010100
4 100010010100
4 100010010100
4 100010010100
4 100010010100
4 100010010100

4 101001000100
12 101001000100
5 101001000100
5 101001000100
12 101001000100
12 101001000100
12 101001000100
12 101001000100
12 101001000100
12 101001000100
4 101001000100
4 101001000100
4 101001000100
12 101001000100
4 101001000100
12 101001000100

4 101001010101
12 101001010101
2 101001010101
2 101001010101
12 101001010101
12 101001010101
4 101001010101
12 101001010101
12 101001010101
12 101001010101
4 101001010101
4 101001010101
4 001010001001
2 001010001001
2 001010001001
0 001010001001

0 100010010100
12 100010010100
12 100010010100
12 100010010100
12 100010010100
12 100010010100
12 100010010100
12 100010010100
12 100010010100
7 100010010100
4 100010010100
4 100010010100
4 100010010100
2 100010010100
2 100010010100
0 100010010100

2 101001001000
12 101001001000
12 101001001000
12 101001001000
0 101001001000
12 101001001000
0 101001001000
12 101001001000
12 101001001000
12 101001001000
2 101001001000
12 101001001000
12 101001001000
12 101001001000
5 101001001000
12 101001001000

0 100010010000
12 100010010000
12 100010010000
12 100010010000
12 100010010000
12 100010010000
12 100010010000
12 100010010000
12 100010010000
12 100010010000
12 100010010000
12 100010010000
12 100010010000
12 100010010000
12 100010010000
12 100010010000

2 101001001000
12 101001001000
12 101001001000
12 101001001000
12 101001001000
12 101001001000
12 101001001000
12 101001001000
12 101001001000
12 101001001000
2 101001001000
2 101001001000
2 101001001000
12 101001001000
0 101001001000
11 101001001000

0 100010000100
12 100010000100
12 100010000100
11 100010000100
9 100010000100
12 100010000100
12 100010000100
12 100010000100
12 100010000100
12 100010000100
12 100010000100
12 100010000100
12 100010000100
12 100010000100
12 100010000100
12 100010000100

12 101001010101
12 101001010101
12 101001010101
12 101001010101
12 101001010101
12 101001010101
12 101001010101
12 101001010101
12 101001010101
12 101001010101
12 101001010101
12 101001010101
12 101001010101
12 101001010101
12 101001010101
7 101001010101

7 100010010000
12 100010010000
0 100010010000
0 100010010000
12 100010010000
12 100010010000
2 100010010000
2 100010010000
12 100010010000
12 100010010000
4 100010010000
4 100010010000
12 100010010000
12 100010010000
12 100010010000
0 100010010000

2 001001001000
12 001001001000
12 001001001000
0 001001001000
2 001001001000
12 001001001000
12 001001001000
12 001001001000
12 001001001000
12 001001001000
12 001001001000
12 001001001000
12 001001001000
12 001001001000
4 001001001000
12 001001001000

7 100010010000
12 100010010000
0 100010010000
0 100010010000
12 100010010000
12 100010010000
2 100010010000
2 100010010000
12 100010010000
12 100010010000
4 100010010000
4 100010010000
12 100010010000
2 100010010000
12 100010010000
0 100010010000

2 001001001000
12 001001001000
12 001001001000
12 001001001000
0 001001001000
4 001001001000
12 001001001000
12 001001001000
0 001001001000
2 001001001000
12 001001001000
12 001001001000
12 001001001000
12 001001001000
12 001001001000
12 001001001000

7 100010010000
12 100010010000
0 100010010000
0 100010010000
12 100010010000
12 100010010000
2 100010010000
2 100010010000
12 100010010000
12 100010010000
4 100010010000
4 100010010000
12 100010010000
2 100010010000
12 100010010000
0 100010010000

2 001001001000
12 001001001000
12 001001001000
12 001001001000
12 001001001000
12 001001001000
0 001001001000
2 001001001000
0 001001001000
12 001001001000
12 001001001000
12 001001001000
12 001001001000
12 001001001000
12 001001001000
12 001001001000

7 100010010000
12 100010010000
0 100010010000
0 100010010000
12 100010010000
7 100010010000
2 100010010000
2 100010010000
12 100010010000
12 100010010000
4 100010010000
4 100010010000
12 100010010000
2 100010010000
12 100010010000
0 100010010000

7 001001001000
12 001001001000
12 001001001000
12 001001001000
12 001001001000
8 001001001000
7 001001001000
5 001001001000
7 001001001000
5 001001001000
12 001001001000
12 001001001000
12 001010001001
12 001010001001
4 001010001001
12 001010001001

11 100010000100
9 100010000100
12 100010000100
12 100010000100
12 100010000100
12 100010000100
12 100010000100
12 100010000100
12 100010000100
12 100010000100
12 100010000100
12 100010000100
9 100010000100
0 100010000100
12 100010000100
2 100010000100

4 101001001000
12 101001001000
12 101001001000
12 101001001000
2 101001001000
0 101001001000
2 101001001000
4 101001001000
12 101001001000
2 101001001000
12 101001001000
12 101001001000
12 101001001000
12 101001001000
4 101001001000
12 101001001000

4 100010010000
2 100010010000
0 100010010000
12 100010010000
0 100010010000
12 100010010000
12 100010010000
12 100010010000
12 100010010000
9 100010010000
7 100010010000
12 100010010000
12 100010010000
12 100010010000
12 100010010000
12 100010010000

7 101001010101
12 101001010101
4 101001010101
12 101001010101
12 101001010101
12 101001010101
2 101001010101
12 101001010101
12 101001010101
12 101001010101
12 101001010101
12 101001010101
12 101001010101
12 101001010101
4 101001010101
12 101001010101

0 100010010000
12 100010010000
12 100010010000
12 100010010000
12 100010010000
12 100010010000
12 100010010000
12 100010010000
12 100010010000
12 100010010000
12 100010010000
12 100010010000
12 100010010000
12 100010010000
12 100010010000
12 100010010000

2 100010010100
12 100010010100
0 100010010100
0 100010010100
12 100010010100
12 100010010100
12 100010010100
12 100010010100
12 100010010100
7 100010010100
4 100010010100
4 100010010100
4 100010010100
4 100010010100
4 100010010100
4 100010010100

4 101001000100
12 101001000100
5 101001000100
5 101001000100
12 101001000100
12 101001000100
12 101001000100
12 101001000100
12 101001000100
12 101001000100
4 101001000100
4 101001000100
4 101001000100
12 101001000100
4 101001000100
12 101001000100

4 101001010101
12 101001010101
2 101001010101
2 101001010101
12 101001010101
12 101001010101
12 101001010101
12 101001010101
12 101001010101
12 101001010101
4 101001010101
4 101001010101
4 001010001001
12 001010001001
2 001010001001
0 001010001001

0 100010010100
12 100010010100
12 100010010100
12 100010010100
12 100010010100
12 100010010100
12 100010010100
12 100010010100
12 100010010100
12 100010010100
12 100010010100
12 100010010100
12 100010010100
12 100010010100
12 100010010100
12 100010010100

2 101001001000
12 101001001000
12 101001001000
12 101001001000
0 101001001000
12 101001001000
0 101001001000
12 101001001000
12 101001001000
12 101001001000
2 101001001000
12 101001001000
12 101001001000
12 101001001000
5 101001001000
12 101001001000

2 100010010000
0 100010010000
0 100010010000
12 100010010000
12 100010010000
12 100010010000
12 100010010000
12 100010010000
12 100010010000
12 100010010000
4 100010010000
4 100010010000
4 100010010000
12 100010010000
2 100010010000
0 100010010000

2 101001001000
12 101001001000
12 101001001000
12 101001001000
12 101001001000
12 101001001000
12 101001001000
12 101001001000
12 101001001000
12 101001001000
2 101001001000
2 101001001000
2 101001001000
12 101001001000
0 101001001000
11 101001001000

0 100010000100
12 100010000100
12 100010000100
11 100010000100
9 100010000100
12 100010000100
12 100010000100
12 100010000100
12 100010000100
12 100010000100
12 100010000100
12 100010000100
12 100010000100
12 100010000100
12 100010000100
12 100010000100

12 101001000100
12 101001000100
0 101001000100
12 101001000100
12 101001000100
12 101001000100
12 101001000100
0 101001000100
0 101001000100
12 101001000100
2 101001000100
4 101001000100
12 101001000100
12 101001000100
12 101001000100
5 101001000100

12 100010010000
4 100010010000
12 100010010000
12 100010010000
0 100010010000
12 100010010000
12 100010010000
12 100010010000
12 100010010000
12 100010010000
12 100010010000
12 100010010000
12 100010010000
7 100010010000
12 100010010000
5 100010010000

4 101001010101
12 101001010101
7 101001010101
0 101001010101
12 101001010101
12 101001010101
2 101001010101
0 101001010101
12 101001010101
12 101001010101
2 101001010101
12 101001010101
1 101001010101
1 101001010101
12 101001010101
0 101001010101

9 100010000100
12 100010000100
0 100010000100
12 100010000100
12 100010000100
12 100010000100
12 100010000100
12 100010000100
12 100010000100
12 100010000100
12 100010000100
12 100010000100
9 100010000100
0 100010000100
12 100010000100
2 100010000100

4 101001001000
12 101001001000
0 101001001000
12 101001001000
2 101001001000
12 101001001000
12 101001001000
12 101001001000
12 101001001000
12 101001001000
12 101001001000
12 101001001000
12 101001001000
12 101001001000
12 101001001000
12 101001001000

4 100010010000
2 100010010000
0 100010010000
12 100010010000
0 100010010000
12 100010010000
12 100010010000
12 100010010000
12 100010010000
12 100010010000
12 100010010000
12 100010010000
12 100010010000
12 100010010000
12 100010010000
12 100010010000

5 101001010101
4 101001010101
0 101001010101
2 101001010101
12 101001010101
12 101001010101
4 101001010101
12 101001010101
12 101001010101
12 101001010101
4 101001010101
4 101001010101
4 101001010101
12 101001010101
2 101001010101
0 101001010101

0 100010010000
12 100010010000
12 100010010000
12 100010010000
12 100010010000
12 100010010000
12 100010010000
12 100010010000
12 100010010000
12 100010010000
4 100010010000
4 100010010000
4 100010010000
12 100010010000
2 100010010000
0 100010010000

2 100010010100
12 100010010100
0 100010010100
0 100010010100
12 100010010100
12 100010010100
12 100010010100
12 100010010100
12 100010010100
7 100010010100
4 100010010100
4 100010010100
4 100010010100
4 100010010100
4 100010010100
4 100010010100

4 101001000100
12 101001000100
5 101001000100
5 101001000100
12 101001000100
12 101001000100
12 101001000100
12 101001000100
12 101001000100
12 101001000100
4 101001000100
4 101001000100
4 101001000100
12 101001000100
4 101001000100
12 101001000100

4 101001010101
12 101001010101
2 101001010101
2 101001010101
12 101001010101
12 101001010101
4 101001010101
12 101001010101
12 101001010101
12 101001010101
4 101001010101
4 101001010101
7 001010001001
4 001010001001
2 001010001001
0 001010001001

0 100010010100
12 100010010100
12 100010010100
12 100010010100
12 100010010100
12 100010010100
12 100010010100
12 100010010100
12 100010010100
12 100010010100
12 100010010100
12 100010010100
12 100010010100
12 100010010100
12 100010010100
12 100010010100

2 101001001000
12 101001001000
12 101001001000
12 101001001000
0 101001001000
12 101001001000
0 101001001000
12 101001001000
12 101001001000
12 101001001000
2 101001001000
12 101001001000
12 101001001000
12 101001001000
5 101001001000
12 101001001000

0 100010010000
12 100010010000
12 100010010000
12 100010010000
0 100010010000
9 100010010000
7 100010010000
12 100010010000
12 100010010000
12 100010010000
12 100010010000
12 100010010000
12 100010010000
12 100010010000
12 100010010000
12 100010010000

2 101001001000
12 101001001000
0 101001001000
12 101001001000
2 101001001000
12 101001001000
12 101001001000
12 101001001000
12 101001001000
12 101001001000
0 101001001000
8 101001001000
12 101001001000
12 101001001000
12 101001001000
12 101001001000

0 100010010000
12 100010010000
12 100010010000
12 100010010000
12 100010010000
12 100010010000
12 100010010000
9 100010010000
7 100010010000
12 100010010000
12 100010010000
12 100010010000
12 100010010000
12 100010010000
12 100010010000
12 100010010000

4 101001001000
12 101001001000
12 101001001000
12 101001001000
5 101001001000
12 101001001000
4 101001001000
12 101001001000
12 101001001000
2 101001001000
0 101001001000
12 101001001000
2 101001001000
0 101001001000
12 101001001000
12 101001001000

4 100010010000
4 100010010000
12 100010010000
12 100010010000
12 100010010000
12 100010010000
12 100010010000
12 100010010000
12 100010010000
12 100010010000
12 100010010000
12 100010010000
7 100010010000
12 100010010000
12 100010010000
4 100010010000

12 101001001000
2 101001001000
12 101001001000
12 101001001000
4 101001001000
12 101001001000
12 101001001000
12 101001001000
12 101001001000
12 101001001000
12 101001001000
12 101001001000
7 101001001000
12 101001001000
12 101001001000
12 101001001000

4 100010010000
4 100010010000
12 100010010000
12 100010010000
12 100010010000
12 100010010000
12 100010010000
7 100010010000
12 100010010000
12 100010010000
12 100010010000
12 100010010000
0 100010010000
2 100010010000
4 100010010000
12 100010010000

7 101001001000
12 101001001000
12 101001001000
12 101001001000
7 101001001000
12 101001001000
7 101001001000
12 101001001000
12 101001001000
12 101001001000
12 101001001000
12 101001001000
8 101001001000
7 101001001000
5 101001001000
7 101001001000

4 100010010000
12 100010010000
12 100010010000
12 100010010000
12 100010010000
2 100010010000
0 100010010000
2 100010010000
4 100010010000
12 100010010000
12 100010010000
2 100010010000
0 100010010000
2 100010010000
4 100010010000
12 100010010000

0 101001001000
2 101001001000
4 101001001000
12 101001001000
12 101001001000
2 101001001000
0 101001001000
2 101001001000
4 101001001000
12 101001001000
12 101001001000
12 101001001000
12 101001001000
2 101001001000
0 101001001000
2 101001001000

12 100010010000
12 100010010000
12 100010010000
12 100010010000
12 100010010000
12 100010010000
12 100010010000
12 100010010000
12 100010010000
12 100010010000
12 100010010000
12 100010010000
12 100010010000
12 100010010000
12 100010010000
12 100010010000

12 101001001000
12 101001001000
12 101001001000
12 101001001000
12 101001001000
12 101001001000
12 101001001000
12 101001001000
12 101001001000
12 101001001000
12 101001001000
12 101001001000
12 101001001000
12 101001001000
12 101001001000
12 101001001000

12 100010010000
12 100010010000
12 100010010000
12 100010010000
12 100010010000
12 100010010000
12 100010010000
12 100010010000
12 100010010000
12 100010010000
12 100010010000
12 100010010000
12 100010010000
12 100010010000
12 100010010000
12 100010010000

