12 001001001010
12 001001001010
12 001001001010
12 001001001010
12 001001001010
12 001001001010
12 001001001010
12 001001001010
12 001001001010
12 001001001010
12 001001001010
12 001001001010
12 001001001010
12 001001001010
12 001001001010
12 001001001010

12 001001010001
12 001001010001
12 001001010001
12 001001010001
12 001001010001
12 001001010001
12 001001010001
12 001001010001
12 101000100100
12 101000100100
12 101000100100
12 101000100100
12 101000100100
12 101000100100
12 101000100100
12 101000100100

12 100010010000
12 100010010000
12 100010010000
12 100010010000
12 100010010000
12 100010010000
12 100010010000
12 100010010000
12 100010010000
12 100010010000
12 100010010000
0 100010010000
0 100010010000
0 100010010000
0 100010010000
0 100010010000

0 001001000010
0 001001000010
12 001001000010
0 001001000010
7 001001000010
7 001001000010
0 001001000010
12 001001000010
12 001001000010
12 001001000010
12 001001000010
12 001001000010
12 001001000010
12 001001000010
0 001001000010
12 001001000010

0 100010010000
0 100010010000
10 100010010000
12 100010010000
0 100010010000
0 100010010000
12 100010010000
12 100010010000
12 100010010000
12 100010010000
12 100010010000
12 100010010000
12 100010010000
12 100010010000
12 100010010000
12 100010010000

12 001001000010
12 001001000010
12 001001000010
12 001001000010
12 001001000010
12 001001000010
12 001001000010
12 001001000010
12 001001000010
12 001001000010
12 001001000010
12 001001000010
12 001001000010
12 001001000010
12 001001000010
12 001001000010

12 100010010000
12 100010010000
12 100010010000
12 100010010000
12 100010010000
12 100010010000
12 100010010000
12 100010010000
12 100010010000
12 100010010000
12 100010010000
12 100010010000
4 100010010000
4 100010010000
12 100010010000
4 100010010000

12 001001000010
12 001001000010
12 001001000010
0 001001000010
12 001001000010
12 001001000010
0 001001000010
0 001001000010
7 001001000010
7 001001000010
12 001001000010
12 001001000010
12 001001000010
12 001001000010
2 001001000010
12 001001000010

0 100010010000
0 100010010000
0 100010010000
0 100010010000
0 100010010000
0 100010010000
0 100010010000
0 100010010000
0 100010010000
0 100010010000
0 100010010000
0 100010010000
0 100010010000
0 100010010000
0 100010010000
0 100010010000

12 001001000010
12 001001000010
12 001001000010
12 001001000010
12 001001000010
12 001001000010
12 001001000010
12 001001000010
12 001001000010
12 001001000010
12 001001000010
12 001001000010
12 001001000010
12 001001000010
12 001001000010
12 001001000010

12 100010010000
12 100010010000
12 100010010000
12 100010010000
12 100010010000
12 100010010000
12 100010010000
12 100010010000
12 100010010000
12 100010010000
12 100010010000
12 100010010000
12 100010010000
12 100010010000
12 100010010000
12 100010010000

12 001001000010
12 001001000010
12 001001000010
12 001001000010
12 001001000010
12 001001000010
12 001001000010
12 001001000010
12 001001000010
12 001001000010
12 001001000010
12 001001000010
12 001001000010
12 001001000010
12 001001000010
12 001001000010

12 100010010000
12 100010010000
12 100010010000
12 100010010000
12 100010010000
12 100010010000
12 100010010000
12 100010010000
12 100010010000
12 100010010000
12 100010010000
12 100010010000
12 100010010000
12 100010010000
12 100010010000
12 100010010000

12 001001000010
12 001001000010
12 001001000010
12 001001000010
12 001001000010
12 001001000010
12 001001000010
12 001001000010
12 001001000010
12 001001000010
12 001001000010
12 001001000010
12 001001000010
12 001001000010
12 001001000010
12 001001000010

12 100010010000
12 100010010000
12 100010010000
12 100010010000
12 100010010000
12 100010010000
12 100010010000
12 100010010000
12 100010010000
12 100010010000
12 100010010000
12 100010010000
12 100010010000
12 100010010000
12 100010010000
12 100010010000

12 001001000010
12 001001000010
12 001001000010
12 001001000010
12 001001000010
12 001001000010
12 001001000010
12 001001000010
12 001001000010
12 001001000010
12 001001000010
12 001001000010
12 001001000010
12 001001000010
12 001001000010
12 001001000010

12 100010010000
12 100010010000
12 100010010000
12 100010010000
12 100010010000
12 100010010000
12 100010010000
12 100010010000
12 100010010000
12 100010010000
12 100010010000
12 100010010000
12 100010010000
12 100010010000
12 100010010000
12 100010010000

12 001001000010
12 001001000010
12 001001000010
12 001001000010
12 001001000010
12 001001000010
12 001001000010
12 001001000010
12 001001000010
12 001001000010
12 001001000010
12 001001000010
12 001001000010
12 001001000010
12 001001000010
12 001001000010

12 100010010000
12 100010010000
12 100010010000
12 100010010000
12 100010010000
12 100010010000
0 100010010000
0 100010010000
7 100010010000
7 100010010000
7 100010010000
0 100010010000
0 100010010000
0 100010010000
12 100010010000
12 100010010000

12 001001000010
12 001001000010
12 001001000010
12 001001000010
12 001001000010
12 001001000010
12 001001000010
12 001001000010
12 001001000010
12 001001000010
12 001001000010
10 001001000010
10 001001000010
10 001001000010
10 001001000010
10 001001000010

12 100010010000
12 100010010000
9 100010010000
12 100010010000
7 100010010000
7 100010010000
12 100010010000
12 100010010000
12 100010010000
12 100010010000
12 100010010000
12 100010010000
12 100010010000
12 100010010000
12 100010010000
12 100010010000

12 001001000010
12 001001000010
12 001001000010
12 001001000010
12 001001000010
12 001001000010
12 001001000010
12 001001000010
12 001001000010
12 001001000010
12 001001000010
12 001001000010
12 001001000010
12 001001000010
12 001001000010
12 001001000010

12 100010010000
12 100010010000
12 100010010000
12 100010010000
12 100010010000
12 100010010000
12 100010010000
12 100010010000
12 100010010000
12 100010010000
12 100010010000
0 100010010000
0 100010010000
0 100010010000
0 100010010000
0 100010010000

4 001001000010
4 001001000010
12 001001000010
0 001001000010
0 001001000010
0 001001000010
12 001001000010
12 001001000010
10 001001000010
10 001001000010
7 001001000010
12 001001000010
12 001001000010
12 001001000010
12 001001000010
12 001001000010

2 100010010000
2 100010010000
12 100010010000
12 100010010000
0 100010010000
0 100010010000
2 100010010000
0 100010010000
12 100010010000
12 100010010000
12 100010010000
12 100010010000
12 100010010000
12 100010010000
12 100010010000
12 100010010000

12 001001010001
12 001001010001
12 001001010001
12 001001010001
12 001001010001
12 001001010001
12 001001010001
12 001001010001
0 001001010001
0 001001010001
0 001001010001
12 001001010001
12 001001010001
12 001001010001
12 001001010001
12 001001010001

4 100010010000
4 100010010000
4 100010010000
12 100010010000
12 100010010000
12 100010010000
7 100010010000
7 100010010000
12 100010010000
12 100010010000
12 100010010000
5 100010010000
5 100010010000
5 100010010000
12 100010010000
12 100010010000

4 100010010000
4 100010010000
4 100010010000
4 100010010000
4 100010010000
4 100010010000
4 100010010000
4 100010010000
4 100010010000
4 100010010000
4 100010010000
4 100010010000
4 100010010000
4 100010010000
4 100010010000
4 100010010000

12 100010010000
12 100010010000
12 100010010000
12 100010010000
12 100010010000
12 100010010000
12 100010010000
12 100010010000
12 100010010000
12 100010010000
12 100010010000
12 100010010000
12 100010010000
12 100010010000
12 100010010000
12 100010010000

5 100010010000
5 100010010000
5 100010010000
5 100010010000
5 100010010000
5 100010010000
5 100010010000
5 100010010000
5 100010010000
5 100010010000
5 100010010000
5 100010010000
5 100010010000
5 100010010000
5 100010010000
5 100010010000

4 001010010001
4 001010010001
4 001010010001
4 001010010001
4 001010010001
4 001010010001
4 001010010001
4 001010010001
4 001010010001
4 001010010001
4 001010010001
4 001010010001
4 001010010001
4 001010010001
4 001010010001
4 001010010001

12 001010010001
12 001010010001
12 001010010001
12 001010010001
12 001010010001
12 001010010001
12 001010010001
12 001010010001
12 001010010001
12 001010010001
12 001010010001
12 001010010001
12 001010010001
12 001010010001
12 001010010001
12 001010010001

3 010100100010
3 010100100010
3 010100100010
3 010100100010
3 010100100010
3 010100100010
3 010100100010
3 010100100010
3 010100100010
3 010100100010
3 010100100010
3 010100100010
3 010100100010
3 010100100010
3 010100100010
3 010100100010

12 010100100010
12 010100100010
12 010100100010
12 010100100010
12 010100100010
12 010100100010
12 010100100010
12 010100100010
12 010100100010
12 010100100010
12 010100100010
12 010100100010
12 010100100010
12 010100100010
12 010100100010
12 010100100010

12 100010010000
12 100010010000
12 100010010000
12 100010010000
12 100010010000
12 100010010000
12 100010010000
12 100010010000
12 100010010000
12 100010010000
12 100010010000
0 100010010000
0 100010010000
0 100010010000
12 100010010000
12 100010010000

12 001001000010
12 001001000010
12 001001000010
12 001001000010
12 001001000010
12 001001000010
12 001001000010
10 001001000010
12 001001000010
12 001001000010
12 001001000010
12 001001000010
12 001001000010
12 001001000010
12 001001000010
12 001001000010

12 100010010000
12 100010010000
12 100010010000
12 100010010000
12 100010010000
12 100010010000
12 100010010000
10 100010010000
7 100010010000
7 100010010000
12 100010010000
12 100010010000
12 100010010000
12 100010010000
12 100010010000
12 100010010000

12 001001000010
12 001001000010
12 001001000010
12 001001000010
12 001001000010
12 001001000010
12 001001000010
12 001001000010
12 001001000010
12 001001000010
12 001001000010
12 001001000010
12 001001000010
12 001001000010
12 001001000010
12 001001000010

12 100010010000
12 100010010000
12 100010010000
12 100010010000
12 100010010000
12 100010010000
12 100010010000
12 100010010000
12 100010010000
12 100010010000
12 100010010000
7 100010010000
9 100010010000
9 100010010000
0 100010010000
12 100010010000

2 001001000010
2 001001000010
0 001001000010
12 001001000010
10 001001000010
10 001001000010
12 001001000010
12 001001000010
12 001001000010
12 001001000010
12 001001000010
12 001001000010
12 001001000010
12 001001000010
12 001001000010
12 001001000010

12 100010010000
12 100010010000
12 100010010000
2 100010010000
12 100010010000
12 100010010000
12 100010010000
2 100010010000
0 100010010000
0 100010010000
2 100010010000
0 100010010000
12 100010010000
12 100010010000
12 100010010000
12 100010010000

12 001001010001
12 001001010001
12 001001010001
12 001001010001
12 001001010001
12 001001010001
12 001001010001
12 001001010001
0 001001010001
0 001001010001
0 001001010001
12 001001010001
12 001001010001
12 001001010001
12 001001010001
12 001001010001

4 100010010000
4 100010010000
4 100010010000
12 100010010000
12 100010010000
12 100010010000
7 100010010000
7 100010010000
12 100010010000
12 100010010000
12 100010010000
5 100010010000
5 100010010000
5 100010010000
12 100010010000
12 100010010000

4 100010010000
4 100010010000
4 100010010000
4 100010010000
4 100010010000
4 100010010000
4 100010010000
4 100010010000
4 100010010000
4 100010010000
4 100010010000
4 100010010000
4 100010010000
4 100010010000
4 100010010000
4 100010010000

12 100010010000
12 100010010000
12 100010010000
12 100010010000
12 100010010000
12 100010010000
12 100010010000
12 100010010000
12 100010010000
12 100010010000
12 100010010000
12 100010010000
12 100010010000
12 100010010000
12 100010010000
12 100010010000

5 100010010000
5 100010010000
5 100010010000
5 100010010000
5 100010010000
5 100010010000
5 100010010000
5 100010010000
5 100010010000
5 100010010000
5 100010010000
5 100010010000
5 100010010000
5 100010010000
5 100010010000
5 100010010000

4 010010010100
4 010010010100
4 010010010100
4 010010010100
4 010010010100
4 010010010100
4 010010010100
4 010010010100
4 010010010100
4 010010010100
4 010010010100
4 010010010100
4 010010010100
4 010010010100
4 010010010100
4 010010010100

12 010010010100
12 010010010100
12 010010010100
12 010010010100
12 010010010100
12 010010010100
12 010010010100
12 010010010100
12 010010010100
12 010010010100
12 010010010100
12 010010010100
12 010010010100
12 010010010100
12 010010010100
12 010010010100

12 010010010100
12 010010010100
12 010010010100
12 010010010100
12 010010010100
12 010010010100
12 010010010100
12 010010010100
12 010010010100
12 010010010100
12 010010010100
12 010010010100
12 010010010100
12 010010010100
12 010010010100
12 010010010100

12 010010010100
12 010010010100
12 010010010100
12 010010010100
12 010010010100
12 010010010100
12 010010010100
12 010010010100
12 010010010100
12 010010010100
12 010010010100
12 010010010100
12 010010010100
12 010010010100
12 010010010100
12 010010010100

12 101001000100
12 101001000100
12 101001000100
12 101001000100
12 101001000100
12 101001000100
12 101001000100
12 101001000100
12 101001000100
12 101001000100
12 101001000100
12 101001000100
0 101001000100
0 101001000100
2 101001000100
12 101001000100

0 101001000100
0 101001000100
12 101001000100
12 101001000100
12 101001000100
12 101001000100
12 101001000100
12 101001000100
12 101001000100
12 101001000100
0 101001000100
12 101001000100
12 101001000100
12 101001000100
9 101001000100
7 101001000100

7 001001010001
7 001001010001
7 001001010001
7 001001010001
7 001001010001
7 001001010001
12 001001010001
12 001001010001
12 001001010001
12 001001010001
12 001001010001
12 001001010001
12 001001010001
12 001001010001
12 001001010001
12 001001010001

12 001001010001
12 001001010001
12 001001010001
5 001001010001
12 001001010001
12 001001010001
12 001001010001
4 001001010001
12 001001010001
12 001001010001
12 001001010001
12 001001010001
12 001001010001
12 001001010001
12 001001010001
12 001001010001

2 100010010000
2 100010010000
2 100010010000
7 100010010000
7 100010010000
7 100010010000
12 100010010000
12 100010010000
12 100010010000
12 100010010000
12 100010010000
12 100010010000
12 100010010000
12 100010010000
7 100010010000
7 100010010000

12 100010010000
12 100010010000
12 100010010000
12 100010010000
12 100010010000
12 100010010000
12 100010010000
12 100010010000
12 100010010000
12 100010010000
12 100010010000
12 100010010000
12 100010010000
12 100010010000
12 100010010000
12 100010010000

12 001001000110
12 001001000110
12 001001000110
12 001001000110
12 001001000110
12 001001000110
12 001001000110
12 001001000110
12 001001000110
12 001001000110
12 001001000110
12 001001000110
12 001001000110
12 001001000110
12 001001000110
12 001001000110

12 001001000110
12 001001000110
12 001001000110
12 001001000110
12 001001000110
12 001001000110
12 001001000110
12 001001000110
12 001001000110
12 001001000110
12 001001000110
12 001001000110
12 001001000110
12 001001000110
12 001001000110
12 001001000110

12 100001000100
12 100001000100
12 100001000100
12 100001000100
12 100001000100
12 100001000100
12 100001000100
12 100001000100
12 100001000100
12 100001000100
12 100001000100
12 100001000100
12 100001000100
12 100001000100
2 100001000100
2 100001000100

12 100001000100
12 100001000100
12 100001000100
12 100001000100
0 100001000100
0 100001000100
12 100001000100
12 100001000100
12 100001000100
12 100001000100
12 100001000100
12 100001000100
0 100001000100
0 100001000100
12 100001000100
12 100001000100

9 100001000100
9 100001000100
12 100001000100
7 100001000100
12 100001000100
12 100001000100
12 100001000100
5 100001000100
12 100001000100
12 100001000100
5 100001000100
12 100001000100
12 100001000100
12 100001000100
12 100001000100
12 100001000100

12 100001001000
12 100001001000
12 100001001000
12 100001001000
12 100001001000
12 100001001000
12 100001001000
12 100001001000
12 100001001000
12 100001001000
12 100001001000
12 100001001000
5 100001001000
5 100001001000
2 100001001000
12 100001001000

12 100010010000
12 100010010000
12 100010010000
2 100010010000
7 100010010000
7 100010010000
12 100010010000
12 100010010000
12 100010010000
12 100010010000
12 100010010000
12 100010010000
12 100010010000
12 100010010000
12 100010010000
12 100010010000

7 100010010000
7 100010010000
7 100010010000
7 100010010000
7 100010010000
7 100010010000
7 100010010000
7 100010010000
7 100010010000
7 100010010000
7 100010010000
7 100010010000
7 100010010000
7 100010010000
7 100010010000
7 100010010000

10 100100101000
10 100100101000
10 100100101000
10 100100101000
10 100100101000
10 100100101000
10 100100101000
10 100100101000
10 100100101000
10 100100101000
10 100100101000
10 100100101000
10 100100101000
10 100100101000
10 100100101000
10 100100101000

12 100100101000
12 100100101000
12 100100101000
12 100100101000
12 100100101000
12 100100101000
12 100100101000
12 100100101000
12 100100101000
12 100100101000
12 100100101000
12 100100101000
12 100100101000
12 100100101000
12 100100101000
12 100100101000

12 100010010000
12 100010010000
12 100010010000
12 100010010000
12 100010010000
12 100010010000
12 100010010000
12 100010010000
0 100010010000
0 100010010000
0 100010010000
12 100010010000
0 100010010000
0 100010010000
12 100010010000
12 100010010000

12 001001000010
12 001001000010
12 001001000010
12 001001000010
12 001001000010
12 001001000010
12 001001000010
12 001001000010
12 001001000010
12 001001000010
12 001001000010
12 001001000010
12 001001000010
12 001001000010
12 001001000010
12 001001000010

12 100010010000
12 100010010000
12 100010010000
12 100010010000
12 100010010000
12 100010010000
3 100010010000
12 100010010000
12 100010010000
12 100010010000
10 100010010000
9 100010010000
7 100010010000
7 100010010000
12 100010010000
12 100010010000

12 001001000010
12 001001000010
12 001001000010
12 001001000010
12 001001000010
12 001001000010
12 001001000010
12 001001000010
12 001001000010
12 001001000010
12 001001000010
12 001001000010
12 001001000010
12 001001000010
12 001001000010
12 001001000010

12 100010010000
12 100010010000
12 100010010000
12 100010010000
12 100010010000
12 100010010000
12 100010010000
12 100010010000
12 100010010000
12 100010010000
7 100010010000
9 100010010000
12 100010010000
12 100010010000
0 100010010000
12 100010010000

2 001001000010
2 001001000010
0 001001000010
12 001001000010
10 001001000010
10 001001000010
12 001001000010
7 001001000010
12 001001000010
12 001001000010
12 001001000010
12 001001000010
12 001001000010
12 001001000010
12 001001000010
12 001001000010

12 100010010000
12 100010010000
12 100010010000
12 100010010000
0 100010010000
0 100010010000
2 100010010000
12 100010010000
0 100010010000
0 100010010000
2 100010010000
0 100010010000
12 100010010000
12 100010010000
12 100010010000
12 100010010000

12 001001010001
12 001001010001
12 001001010001
12 001001010001
12 001001010001
12 001001010001
12 001001010001
12 001001010001
0 001001010001
0 001001010001
12 001001010001
12 001001010001
2 001001010001
2 001001010001
12 001001010001
12 001001010001

4 100010010000
4 100010010000
4 100010010000
12 100010010000
12 100010010000
12 100010010000
7 100010010000
7 100010010000
12 100010010000
12 100010010000
12 100010010000
5 100010010000
5 100010010000
5 100010010000
12 100010010000
12 100010010000

4 100010010000
4 100010010000
4 100010010000
4 100010010000
4 100010010000
4 100010010000
4 100010010000
4 100010010000
4 100010010000
4 100010010000
4 100010010000
4 100010010000
4 100010010000
4 100010010000
4 100010010000
4 100010010000

12 100010010000
12 100010010000
12 100010010000
12 100010010000
12 100010010000
12 100010010000
12 100010010000
12 100010010000
12 100010010000
12 100010010000
12 100010010000
12 100010010000
12 100010010000
12 100010010000
12 100010010000
12 100010010000

5 100010010000
5 100010010000
5 100010010000
5 100010010000
5 100010010000
5 100010010000
5 100010010000
5 100010010000
5 100010010000
5 100010010000
5 100010010000
5 100010010000
5 100010010000
5 100010010000
5 100010010000
5 100010010000

4 010010010100
4 010010010100
4 010010010100
4 010010010100
4 010010010100
4 010010010100
4 010010010100
4 010010010100
4 010010010100
4 010010010100
4 010010010100
4 010010010100
4 010010010100
4 010010010100
4 010010010100
4 010010010100

12 010010010100
12 010010010100
12 010010010100
12 010010010100
12 010010010100
12 010010010100
12 010010010100
12 010010010100
12 010010010100
12 010010010100
12 010010010100
12 010010010100
12 010010010100
12 010010010100
12 010010010100
12 010010010100

12 010010010100
12 010010010100
12 010010010100
12 010010010100
12 010010010100
12 010010010100
12 010010010100
12 010010010100
12 010010010100
12 010010010100
12 010010010100
12 010010010100
12 010010010100
12 010010010100
12 010010010100
12 010010010100

12 010010010100
12 010010010100
12 010010010100
12 010010010100
2 010010010100
2 010010010100
12 010010010100
12 010010010100
12 010010010100
12 010010010100
12 010010010100
2 010010010100
12 010010010100
12 010010010100
12 010010010100
12 010010010100

0 101001000100
0 101001000100
0 101001000100
0 101001000100
0 101001000100
0 101001000100
2 101001000100
2 101001000100
2 101001000100
2 101001000100
2 101001000100
2 101001000100
2 101001000100
2 101001000100
2 101001000100
2 101001000100

0 101001000100
0 101001000100
0 101001000100
0 101001000100
0 101001000100
0 101001000100
0 101001000100
0 101001000100
0 101001000100
0 101001000100
0 101001000100
0 101001000100
0 101001000100
0 101001000100
0 101001000100
0 101001000100

11 001001010001
11 001001010001
11 001001010001
11 001001010001
11 001001010001
11 001001010001
11 001001010001
11 001001010001
11 001001010001
11 001001010001
11 001001010001
11 001001010001
11 001001010001
11 001001010001
11 001001010001
11 001001010001

11 001001010001
11 001001010001
12 001001010001
12 001001010001
12 001001010001
12 001001010001
12 001001010001
12 001001010001
7 001001010001
7 001001010001
12 001001010001
12 001001010001
12 001001010001
12 001001010001
12 001001010001
11 001001010001

12 100010010000
12 100010010000
12 100010010000
12 100010010000
12 100010010000
12 100010010000
12 100010010000
12 100010010000
12 100010010000
12 100010010000
12 100010010000
12 100010010000
12 100010010000
12 100010010000
12 100010010000
12 100010010000

12 001001000010
12 001001000010
12 001001000010
12 001001000010
12 001001000010
12 001001000010
12 001001000010
12 001001000010
12 001001000010
12 001001000010
12 001001000010
12 001001000010
12 001001000010
12 001001000010
12 001001000010
12 001001000010

12 100010010000
12 100010010000
12 100010010000
12 100010010000
12 100010010000
12 100010010000
12 100010010000
12 100010010000
12 100010010000
12 100010010000
12 100010010000
12 100010010000
12 100010010000
12 100010010000
12 100010010000
12 100010010000

12 001001000010
12 001001000010
12 001001000010
12 001001000010
12 001001000010
12 001001000010
12 001001000010
12 001001000010
12 001001000010
12 001001000010
12 001001000010
12 001001000010
12 001001000010
12 001001000010
12 001001000010
12 001001000010

12 100010010000
12 100010010000
12 100010010000
12 100010010000
12 100010010000
12 100010010000
12 100010010000
12 100010010000
12 100010010000
12 100010010000
12 100010010000
12 100010010000
12 100010010000
12 100010010000
12 100010010000
12 100010010000

12 001001000010
12 001001000010
12 001001000010
12 001001000010
12 001001000010
12 001001000010
12 001001000010
12 001001000010
12 001001000010
12 001001000010
12 001001000010
12 001001000010
12 001001000010
12 001001000010
12 001001000010
12 001001000010

12 100010010000
12 100010010000
12 100010010000
12 100010010000
12 100010010000
12 100010010000
12 100010010000
12 100010010000
12 100010010000
12 100010010000
12 100010010000
12 100010010000
12 100010010000
12 100010010000
12 100010010000
12 100010010000

12 001001000010
12 001001000010
12 001001000010
12 001001000010
12 001001000010
12 001001000010
12 001001000010
12 001001000010
12 001001000010
12 001001000010
12 001001000010
12 001001000010
12 001001000010
12 001001000010
12 001001000010
12 001001000010

12 100010010000
12 100010010000
12 100010010000
12 100010010000
12 100010010000
12 100010010000
12 100010010000
12 100010010000
12 100010010000
12 100010010000
12 100010010000
12 100010010000
12 100010010000
12 100010010000
12 100010010000
12 100010010000

12 001001000010
12 001001000010
12 001001000010
12 001001000010
12 001001000010
12 001001000010
12 001001000010
12 001001000010
12 001001000010
12 001001000010
12 001001000010
12 001001000010
12 001001000010
12 001001000010
12 001001000010
12 001001000010

12 100010010000
12 100010010000
12 100010010000
12 100010010000
12 100010010000
12 100010010000
12 100010010000
12 100010010000
12 100010010000
12 100010010000
12 100010010000
12 100010010000
12 100010010000
12 100010010000
12 100010010000
12 100010010000

12 001001000010
12 001001000010
12 001001000010
12 001001000010
12 001001000010
12 001001000010
12 001001000010
12 001001000010
12 001001000010
12 001001000010
12 001001000010
12 001001000010
12 001001000010
12 001001000010
12 001001000010
12 001001000010

