12 100010010000
12 100010010000
12 100010010000
12 100010010000
12 100010010000
12 100010010000
12 100010010000
12 100010010000
12 100010000100
12 100010000100
12 100010000100
12 100010000100
12 100010000100
12 100010000100
12 100010000100
12 100010000100

12 001000010001
12 001000010001
12 001000010001
12 001000010001
12 001000010001
12 001000010001
12 001000010001
12 001000010001
12 001001000010
12 001001000010
12 001001000010
12 001001000010
12 001001000010
12 001001000010
12 001001000010
12 001001000010

12 100010010000
12 100010010000
12 100010010000
12 100010010000
12 100010010000
12 100010010000
12 100010010000
12 100010010000
12 100010000100
12 100010000100
12 100010000100
12 100010000100
12 100010000100
12 100010000100
12 100010000100
12 100010000100

12 001000010001
12 001000010001
12 001000010001
12 001000010001
12 001000010001
12 001000010001
12 001000010001
12 001000010001
12 001001000010
12 001001000010
12 001001000010
12 001001000010
12 001001000010
12 001001000010
12 001001000010
12 001001000010

12 100100010000
12 100100010000
12 100100010000
12 100100010000
12 100100010000
12 100100010000
12 100100010000
12 100100010000
12 100100001000
12 100100001000
12 100100001000
12 100100001000
12 100100001000
12 100100001000
12 100100001000
12 100100001000

12 100001000100
12 100001000100
12 100001000100
12 100001000100
12 100001000100
12 100001000100
12 100001000100
12 100001000100
12 010001001000
12 010001001000
12 010001001000
12 010001001000
12 001000100001
12 001000100001
12 001000100001
12 001000100001

12 100100010000
12 100100010000
12 100100010000
12 100100010000
12 100100010000
12 100100010000
12 100100010000
12 100100010000
12 100100001000
12 100100001000
12 100100001000
12 100100001000
12 100100001000
12 100100001000
12 100100001000
12 100100001000

12 100001000100
12 100001000100
12 100001000100
12 100001000100
12 100001000100
12 100001000100
12 100001000100
12 100001000100
12 010001001000
12 010001001000
12 010001001000
12 010001001000
12 001000100001
12 001000100001
12 001000100001
12 001000100001

7 100100010000
12 100100010000
12 100100010000
12 100100010000
12 100100010000
12 100100010000
7 100100010000
3 100100010000
12 100100001000
12 100100001000
12 100100001000
12 100100001000
12 100100001000
12 100100001000
10 100100001000
0 100100001000

12 100001000100
12 100001000100
12 100001000100
12 100001000100
12 100001000100
12 100001000100
12 100001000100
12 100001000100
12 010001001000
12 010001001000
12 010001001000
12 010001001000
12 001000100001
12 001000100001
12 001000100001
12 001000100001

7 100100010000
12 100100010000
12 100100010000
12 100100010000
12 100100010000
12 100100010000
0 100100010000
3 100100010000
12 100100001000
12 100100001000
12 100100001000
12 100100001000
12 100100001000
12 100100001000
10 100100001000
0 100100001000

12 100001000100
12 100001000100
12 100001000100
12 100001000100
12 100001000100
12 100001000100
12 100001000100
12 100001000100
12 010001001000
12 010001001000
12 010001001000
12 010001001000
12 001000100001
12 001000100001
12 001000100001
12 001000100001

7 100100010000
12 100100010000
12 100100010000
12 100100010000
12 100100010000
12 100100010000
3 100100010000
8 100100010000
12 100100001000
12 100100001000
12 100100001000
12 100100001000
12 100100001000
12 100100001000
3 100100001000
9 100100001000

12 100001000100
12 100001000100
12 100001000100
12 100001000100
12 100001000100
12 100001000100
12 100001000100
12 100001000100
12 010001001000
12 010001001000
12 010001001000
12 010001001000
12 001000100001
12 001000100001
12 001000100001
12 001000100001

7 100100010000
12 100100010000
12 100100010000
12 100100010000
12 100100010000
12 100100010000
7 100100010000
8 100100010000
12 100100001000
12 100100001000
12 100100001000
12 100100001000
12 100100001000
12 100100001000
8 100100001000
9 100100001000

12 100001000100
12 100001000100
12 100001000100
12 100001000100
12 100001000100
12 100001000100
12 100001000100
12 100001000100
7 010001001000
7 010001001000
7 010001001000
7 010001001000
7 001000100001
7 001000100001
7 001000100001
7 001000100001

12 100010010000
12 100010010000
12 100010010000
12 100010010000
12 100010010000
12 100010010000
9 100010010000
4 100010010000
12 100010000100
12 100010000100
12 100010000100
12 100010000100
2 100010000100
0 100010000100
12 100010000100
12 100010000100

7 100010010000
12 100010010000
7 100010010000
12 100010010000
7 100010010000
9 100010010000
12 100010010000
4 100010010000
12 100010000100
12 100010000100
12 100010000100
12 100010000100
2 100010000100
0 100010000100
12 100010000100
12 100010000100

7 100010010000
12 100010010000
7 100010010000
12 100010010000
7 100010010000
12 100010010000
9 100010010000
4 100010010000
12 100010000100
12 100010000100
12 100010000100
12 100010000100
2 100010000100
0 100010000100
12 100010000100
12 100010000100

7 100010010000
12 100010010000
7 100010010000
12 100010010000
7 100010010000
9 100010010000
12 100010010000
4 100010010000
12 100010000100
12 100010000100
12 100010000100
12 100010000100
2 100010000100
0 100010000100
12 100010000100
12 100010000100

2 001000100100
12 001000100100
2 001000100100
12 001000100100
2 001000100100
0 001000100100
12 001000100100
3 001000100100
12 100001000100
12 100001000100
12 100001000100
12 100001000100
12 100001000100
12 100001000100
12 100001000100
12 100001000100

2 001000100100
12 001000100100
2 001000100100
12 001000100100
2 001000100100
0 001000100100
12 001000100100
3 001000100100
12 100001000100
12 100001000100
3 100001000100
2 100001000100
12 100001000100
0 100001000100
12 100001000100
12 100001000100

7 100010010000
12 100010010000
12 100010010000
12 100010010000
12 100010010000
12 100010010000
9 100010010000
4 100010010000
12 100010000100
12 100010000100
12 100010000100
12 100010000100
2 100010000100
0 100010000100
12 100010000100
12 100010000100

7 100010010000
12 100010010000
7 100010010000
12 100010010000
7 100010010000
9 100010010000
12 100010010000
4 100010010000
12 100010000100
12 100010000100
12 100010000100
12 100010000100
2 100010000100
0 100010000100
12 100010000100
12 100010000100

7 100010010000
12 100010010000
7 100010010000
12 100010010000
7 100010010000
12 100010010000
9 100010010000
4 100010010000
12 100010000100
12 100010000100
12 100010000100
12 100010000100
2 100010000100
0 100010000100
12 100010000100
12 100010000100

7 100010010000
12 100010010000
7 100010010000
12 100010010000
7 100010010000
9 100010010000
12 100010010000
4 100010010000
12 100010000100
12 100010000100
12 100010000100
12 100010000100
2 100010000100
0 100010000100
12 100010000100
12 100010000100

2 001000100100
12 001000100100
2 001000100100
12 001000100100
2 001000100100
0 001000100100
12 001000100100
3 001000100100
12 100001000100
12 100001000100
12 100001000100
12 100001000100
12 100001000100
12 100001000100
12 100001000100
12 100001000100

2 001000100100
12 001000100100
2 001000100100
12 001000100100
2 001000100100
0 001000100100
12 001000100100
3 001000100100
12 100001000100
12 100001000100
3 100001000100
2 100001000100
12 100001000100
12 100001000100
0 100001000100
12 100001000100

0 100010010000
0 100010010000
0 100010010000
0 100010010000
0 100010010000
0 100010010000
0 100010010000
0 100010010000
0 100010000100
0 100010000100
0 100010000100
0 100010000100
0 100010000100
0 100010000100
0 100010000100
0 100010000100

12 001000010001
12 001000010001
12 001000010001
12 001000010001
12 001000010001
12 001000010001
12 001000010001
12 001000010001
12 001001000010
12 001001000010
12 001001000010
12 001001000010
12 001001000010
12 001001000010
12 001001000010
12 001001000010

12 100010010000
12 100010010000
12 100010010000
12 100010010000
12 100010010000
12 100010010000
12 100010010000
12 100010010000
12 100010000100
12 100010000100
12 100010000100
12 100010000100
12 100010000100
12 100010000100
12 100010000100
12 100010000100

12 001000010001
12 001000010001
12 001000010001
12 001000010001
12 001000010001
12 001000010001
12 001000010001
12 001000010001
12 001001000010
12 001001000010
12 001001000010
12 001001000010
12 001001000010
12 001001000010
12 001001000010
12 001001000010

7 100100010000
12 100100010000
12 100100010000
12 100100010000
12 100100010000
12 100100010000
3 100100010000
3 100100010000
12 100100001000
12 100100001000
12 100100001000
12 100100001000
12 100100001000
12 100100001000
0 100100001000
0 100100001000

12 100001000100
12 100001000100
12 100001000100
12 100001000100
12 100001000100
12 100001000100
12 100001000100
12 100001000100
12 010001001000
12 010001001000
12 010001001000
12 010001001000
12 001000100001
12 001000100001
12 001000100001
12 001000100001

7 100100010000
12 100100010000
12 100100010000
12 100100010000
12 100100010000
12 100100010000
0 100100010000
3 100100010000
12 100100001000
12 100100001000
12 100100001000
12 100100001000
12 100100001000
12 100100001000
10 100100001000
0 100100001000

12 100001000100
12 100001000100
12 100001000100
12 100001000100
12 100001000100
12 100001000100
12 100001000100
12 100001000100
12 010001001000
12 010001001000
12 010001001000
12 010001001000
12 001000100001
12 001000100001
12 001000100001
12 001000100001

7 100100010000
12 100100010000
12 100100010000
12 100100010000
12 100100010000
12 100100010000
7 100100010000
8 100100010000
12 100100001000
12 100100001000
12 100100001000
12 100100001000
12 100100001000
12 100100001000
8 100100001000
9 100100001000

12 100001000100
12 100001000100
12 100001000100
12 100001000100
12 100001000100
12 100001000100
12 100001000100
12 100001000100
12 010001001000
12 010001001000
12 010001001000
12 010001001000
12 001000100001
12 001000100001
12 001000100001
12 001000100001

7 100100010000
12 100100010000
12 100100010000
12 100100010000
12 100100010000
12 100100010000
3 100100010000
8 100100010000
12 100100001000
12 100100001000
12 100100001000
12 100100001000
12 100100001000
12 100100001000
5 100100001000
9 100100001000

12 100001000100
12 100001000100
12 100001000100
12 100001000100
12 100001000100
12 100001000100
12 100001000100
12 100001000100
7 010001001000
7 010001001000
7 010001001000
7 010001001000
7 001000100001
7 001000100001
7 001000100001
7 001000100001

12 100010010000
12 100010010000
12 100010010000
12 100010010000
12 100010010000
12 100010010000
9 100010010000
4 100010010000
12 100010000100
12 100010000100
12 100010000100
12 100010000100
2 100010000100
0 100010000100
12 100010000100
12 100010000100

7 100010010000
12 100010010000
7 100010010000
12 100010010000
7 100010010000
9 100010010000
12 100010010000
4 100010010000
12 100010000100
12 100010000100
12 100010000100
12 100010000100
2 100010000100
0 100010000100
12 100010000100
12 100010000100

7 100010010000
12 100010010000
7 100010010000
12 100010010000
7 100010010000
12 100010010000
9 100010010000
4 100010010000
12 100010000100
12 100010000100
12 100010000100
12 100010000100
2 100010000100
0 100010000100
12 100010000100
12 100010000100

7 100010010000
12 100010010000
7 100010010000
12 100010010000
7 100010010000
9 100010010000
12 100010010000
4 100010010000
12 100010000100
12 100010000100
12 100010000100
12 100010000100
2 100010000100
0 100010000100
12 100010000100
12 100010000100

2 001000100100
12 001000100100
2 001000100100
12 001000100100
2 001000100100
0 001000100100
12 001000100100
3 001000100100
12 100001000100
12 100001000100
12 100001000100
12 100001000100
12 100001000100
12 100001000100
12 100001000100
12 100001000100

2 001000100100
12 001000100100
2 001000100100
12 001000100100
2 001000100100
0 001000100100
12 001000100100
3 001000100100
12 100001000100
12 100001000100
3 100001000100
2 100001000100
12 100001000100
0 100001000100
12 100001000100
12 100001000100

7 100010010000
12 100010010000
12 100010010000
12 100010010000
12 100010010000
12 100010010000
9 100010010000
4 100010010000
12 100010000100
12 100010000100
12 100010000100
12 100010000100
2 100010000100
0 100010000100
12 100010000100
12 100010000100

7 100010010000
12 100010010000
7 100010010000
12 100010010000
7 100010010000
9 100010010000
12 100010010000
4 100010010000
12 100010000100
12 100010000100
12 100010000100
12 100010000100
2 100010000100
0 100010000100
12 100010000100
12 100010000100

7 100010010000
12 100010010000
7 100010010000
12 100010010000
7 100010010000
12 100010010000
9 100010010000
4 100010010000
12 100010000100
12 100010000100
12 100010000100
12 100010000100
2 100010000100
0 100010000100
12 100010000100
12 100010000100

7 100010010000
12 100010010000
7 100010010000
12 100010010000
7 100010010000
9 100010010000
12 100010010000
4 100010010000
12 100010000100
12 100010000100
12 100010000100
12 100010000100
2 100010000100
0 100010000100
12 100010000100
12 100010000100

2 001000100100
12 001000100100
2 001000100100
12 001000100100
2 001000100100
0 001000100100
12 001000100100
3 001000100100
12 100001000100
12 100001000100
12 100001000100
12 100001000100
12 100001000100
12 100001000100
12 100001000100
12 100001000100

2 001000100100
12 001000100100
2 001000100100
12 001000100100
2 001000100100
0 001000100100
12 001000100100
3 001000100100
12 100001000100
12 100001000100
3 100001000100
2 100001000100
12 100001000100
0 100001000100
12 100001000100
12 100001000100

0 100010010000
0 100010010000
0 100010010000
0 100010010000
0 100010010000
0 100010010000
0 100010010000
0 100010010000
0 100010000100
0 100010000100
0 100010000100
0 100010000100
0 100010000100
0 100010000100
0 100010000100
0 100010000100

12 001000010001
12 001000010001
12 001000010001
12 001000010001
12 001000010001
12 001000010001
12 001000010001
12 001000010001
12 001001000010
12 001001000010
12 001001000010
12 001001000010
12 001001000010
12 001001000010
12 001001000010
12 001001000010

12 100010010000
12 100010010000
12 100010010000
12 100010010000
12 100010010000
12 100010010000
12 100010010000
12 100010010000
12 100010000100
12 100010000100
12 100010000100
12 100010000100
12 100010000100
12 100010000100
12 100010000100
12 100010000100

12 001000010001
12 001000010001
12 001000010001
12 001000010001
12 001000010001
12 001000010001
12 001000010001
12 001000010001
12 001001000010
12 001001000010
12 001001000010
12 001001000010
12 001001000010
12 001001000010
12 001001000010
12 001001000010

12 100100010000
12 100100010000
12 100100010000
12 100100010000
12 100100010000
12 100100010000
12 100100010000
12 100100010000
12 100100001000
12 100100001000
12 100100001000
12 100100001000
12 100100001000
12 100100001000
12 100100001000
12 100100001000

12 100001000100
12 100001000100
12 100001000100
12 100001000100
12 100001000100
12 100001000100
12 100001000100
12 100001000100
12 010001001000
12 010001001000
12 010001001000
12 010001001000
12 001000100001
12 001000100001
12 001000100001
12 001000100001

12 100100010000
12 100100010000
12 100100010000
12 100100010000
12 100100010000
12 100100010000
12 100100010000
12 100100010000
12 100100001000
12 100100001000
12 100100001000
12 100100001000
12 100100001000
12 100100001000
12 100100001000
12 100100001000

12 100001000100
12 100001000100
12 100001000100
12 100001000100
12 100001000100
12 100001000100
12 100001000100
12 100001000100
12 010001001000
12 010001001000
12 010001001000
12 010001001000
12 001000100001
12 001000100001
12 001000100001
12 001000100001

12 100100010000
12 100100010000
12 100100010000
12 100100010000
12 100100010000
12 100100010000
12 100100010000
12 100100010000
12 100100001000
12 100100001000
12 100100001000
12 100100001000
12 100100001000
12 100100001000
12 100100001000
12 100100001000

12 100001000100
12 100001000100
12 100001000100
12 100001000100
12 100001000100
12 100001000100
12 100001000100
12 100001000100
12 010001001000
12 010001001000
12 010001001000
12 010001001000
12 001000100001
12 001000100001
12 001000100001
12 001000100001

12 100100010000
12 100100010000
12 100100010000
12 100100010000
12 100100010000
12 100100010000
12 100100010000
12 100100010000
12 100100001000
12 100100001000
12 100100001000
12 100100001000
12 100100001000
12 100100001000
12 100100001000
12 100100001000

12 100001000100
12 100001000100
12 100001000100
12 100001000100
12 100001000100
12 100001000100
12 100001000100
12 100001000100
7 010001001000
7 010001001000
7 010001001000
7 010001001000
7 001000100001
7 001000100001
7 001000100001
7 001000100001

12 100010010000
12 100010010000
12 100010010000
12 100010010000
12 100010010000
12 100010010000
9 100010010000
4 100010010000
12 100010000100
12 100010000100
12 100010000100
12 100010000100
2 100010000100
0 100010000100
12 100010000100
12 100010000100

7 100010010000
12 100010010000
7 100010010000
12 100010010000
7 100010010000
9 100010010000
12 100010010000
4 100010010000
12 100010000100
12 100010000100
12 100010000100
12 100010000100
2 100010000100
0 100010000100
12 100010000100
12 100010000100

7 100010010000
12 100010010000
7 100010010000
12 100010010000
7 100010010000
12 100010010000
9 100010010000
4 100010010000
12 100010000100
12 100010000100
12 100010000100
12 100010000100
2 100010000100
0 100010000100
12 100010000100
12 100010000100

7 100010010000
12 100010010000
7 100010010000
12 100010010000
7 100010010000
9 100010010000
12 100010010000
4 100010010000
12 100010000100
12 100010000100
12 100010000100
12 100010000100
2 100010000100
0 100010000100
12 100010000100
12 100010000100

2 001000100100
12 001000100100
2 001000100100
12 001000100100
2 001000100100
0 001000100100
12 001000100100
3 001000100100
12 100001000100
12 100001000100
12 100001000100
12 100001000100
12 100001000100
12 100001000100
12 100001000100
12 100001000100

2 001000100100
12 001000100100
2 001000100100
12 001000100100
2 001000100100
0 001000100100
12 001000100100
3 001000100100
12 100001000100
12 100001000100
3 100001000100
2 100001000100
12 100001000100
0 100001000100
12 100001000100
12 100001000100

7 100010010000
12 100010010000
12 100010010000
12 100010010000
12 100010010000
12 100010010000
9 100010010000
4 100010010000
12 100010000100
12 100010000100
12 100010000100
12 100010000100
2 100010000100
0 100010000100
12 100010000100
12 100010000100

7 100010010000
12 100010010000
7 100010010000
12 100010010000
7 100010010000
9 100010010000
12 100010010000
4 100010010000
12 100010000100
12 100010000100
12 100010000100
12 100010000100
2 100010000100
0 100010000100
12 100010000100
12 100010000100

7 100010010000
12 100010010000
7 100010010000
12 100010010000
7 100010010000
12 100010010000
9 100010010000
4 100010010000
12 100010000100
12 100010000100
12 100010000100
12 100010000100
2 100010000100
0 100010000100
12 100010000100
12 100010000100

7 100010010000
12 100010010000
7 100010010000
12 100010010000
7 100010010000
9 100010010000
12 100010010000
4 100010010000
12 100010000100
12 100010000100
12 100010000100
12 100010000100
2 100010000100
0 100010000100
12 100010000100
12 100010000100

2 001000100100
12 001000100100
2 001000100100
12 001000100100
2 001000100100
0 001000100100
12 001000100100
3 001000100100
12 100001000100
12 100001000100
12 100001000100
12 100001000100
12 100001000100
12 100001000100
12 100001000100
12 100001000100

2 001000100100
12 001000100100
2 001000100100
12 001000100100
2 001000100100
0 001000100100
12 001000100100
3 001000100100
12 100001000100
12 100001000100
12 100001000100
12 100001000100
12 100001000100
12 100001000100
12 100001000100
12 100001000100

2 001000100100
12 001000100100
2 001000100100
12 001000100100
2 001000100100
0 001000100100
12 001000100100
3 001000100100
12 100001000100
12 100001000100
12 100001000100
12 100001000100
12 100001000100
12 100001000100
12 100001000100
12 100001000100

2 001000100100
12 001000100100
2 001000100100
12 001000100100
2 001000100100
0 001000100100
12 001000100100
3 001000100100
12 100001000100
12 100001000100
3 100001000100
2 100001000100
12 100001000100
0 100001000100
12 100001000100
12 100001000100

0 100010010000
0 100010010000
0 100010010000
0 100010010000
0 100010010000
0 100010010000
0 100010010000
0 100010010000
0 100010000100
0 100010000100
0 100010000100
0 100010000100
0 100010000100
0 100010000100
0 100010000100
0 100010000100

12 001000010001
12 001000010001
12 001000010001
12 001000010001
12 001000010001
12 001000010001
12 001000010001
12 001000010001
12 001001000010
12 001001000010
12 001001000010
12 001001000010
12 001001000010
12 001001000010
12 001001000010
12 001001000010

12 100010010000
12 100010010000
12 100010010000
12 100010010000
12 100010010000
12 100010010000
12 100010010000
12 100010010000
12 100010000100
12 100010000100
12 100010000100
12 100010000100
12 100010000100
12 100010000100
12 100010000100
12 100010000100

12 001000010001
12 001000010001
12 001000010001
12 001000010001
12 001000010001
12 001000010001
12 001000010001
12 001000010001
12 001001000010
12 001001000010
12 001001000010
12 001001000010
12 001001000010
12 001001000010
12 001001000010
12 001001000010

12 100010010000
12 100010010000
12 100010010000
12 100010010000
12 100010010000
12 100010010000
12 100010010000
12 100010010000
12 100010010000
12 100010010000
12 100010010000
12 100010010000
12 100010010000
12 100010010000
12 100010010000
12 100010010000

