12 100010010000
12 100010010000
12 100010010000
12 100010010000
12 100010010000
12 100010010000
12 100010010000
12 100010010000
12 100010010000
12 100010010000
12 100010010000
12 100010010000
12 100010010000
12 100010010000
12 100010010000
12 100010010000

12 001000010001
12 001000010001
12 001000010001
12 001000010001
12 001000010001
12 001000010001
12 001000010001
12 001000010001
12 001000010001
12 001000010001
12 001000010001
12 001000010001
12 001000010001
12 001000010001
12 001000010001
12 001000010001

12 100010010000
12 100010010000
12 100010010000
12 100010010000
12 100010010000
12 100010010000
12 100010010000
12 100010010000
12 100010010000
12 100010010000
12 100010010000
12 100010010000
12 100010010000
12 100010010000
12 100010010000
12 100010010000

12 001000010001
12 001000010001
12 001000010001
12 001000010001
12 001000010001
12 001000010001
12 001000010001
12 001000010001
12 001000010001
12 001000010001
12 001000010001
12 001000010001
7 001000010001
7 001000010001
9 001000010001
9 001000010001

2 100010010000
2 100010010000
2 100010010000
2 100010010000
0 100010010000
0 100010010000
0 100010010000
0 100010010000
2 001000010001
2 001000010001
2 001000010001
2 001000010001
4 001000010001
4 001000010001
4 001000010001
4 001000010001

7 100010000100
7 100010000100
4 100010000100
4 100010000100
12 100010000100
12 100010000100
12 100010000100
12 100010000100
12 100010010010
12 100010010010
12 100010010010
12 100010010010
2 100010010010
2 100010010010
4 100010010010
4 100010010010

2 100001000100
12 100001000100
12 100001000100
12 100001000100
12 100001000100
12 100001000100
4 100001000100
2 100001000100
0 100001001000
12 100001001000
12 100001001000
12 100001001000
12 100001001000
12 100001001000
9 100001001000
12 100001001000

7 100010010000
12 100010010000
12 100010010000
4 100010010000
12 100010010000
12 100010010000
4 100010010000
12 100010010000
12 100010010000
12 100010010000
12 100010010000
12 100010010000
7 100010010000
12 100010010000
9 100010010000
12 100010010000

2 100010010000
2 100010010000
2 100010010000
2 100010010000
0 100010010000
0 100010010000
0 100010010000
0 100010010000
2 001000010001
2 001000010001
2 001000010001
2 001000010001
4 001000010001
4 001000010001
4 001000010001
4 001000010001

7 100010000100
7 100010000100
4 100010000100
4 100010000100
12 100010000100
12 100010000100
12 100010000100
12 100010000100
12 100010010010
12 100010010010
12 100010010010
12 100010010010
2 100010010010
2 100010010010
4 100010010010
4 100010010010

2 100001000100
12 100001000100
12 100001000100
12 100001000100
12 100001000100
12 100001000100
4 100001000100
2 100001000100
0 100001001000
12 100001001000
12 100001001000
12 100001001000
12 100001001000
12 100001001000
9 100001001000
12 100001001000

7 100010010000
7 100010010000
12 100010010000
12 100010010000
4 100010010000
4 100010010000
4 100010010000
4 100010010000
12 100010010000
12 100010010000
12 100010010000
12 100010010000
0 100010010000
0 100010010000
2 100010010000
2 100010010000

4 100010000100
4 100010000100
2 100010000100
2 100010000100
2 100010000100
2 100010000100
0 100010000100
0 100010000100
0 100010000100
0 100010000100
9 100010000100
9 100010000100
9 100010000100
9 100010000100
0 100010000100
0 100010000100

4 001001000100
12 001001000100
12 001001000100
2 001001000100
12 001001000100
12 001001000100
12 001001000100
12 001001000100
12 001001000100
12 001001000100
12 001001000100
12 001001000100
4 001001000100
12 001001000100
12 001001000100
12 001001000100

5 001001000010
12 001001000010
4 001001000010
2 001001000010
12 001001000010
12 001001000010
0 001001000010
12 001001000010
12 001001000010
12 001001000010
12 001001000010
12 001001000010
12 001001000010
12 001001000010
9 001001000010
12 001001000010

7 100010010000
7 100010010000
4 100010010000
4 100010010000
4 100010010000
4 100010010000
4 100010010000
4 100010010000
12 100010010000
12 100010010000
12 100010010000
12 100010010000
0 100010010000
0 100010010000
2 100010010000
2 100010010000

4 100010000100
4 100010000100
2 100010000100
2 100010000100
2 100010000100
2 100010000100
0 100010000100
0 100010000100
0 100010000100
0 100010000100
9 100010000100
9 100010000100
9 100010000100
9 100010000100
0 100010000100
0 100010000100

4 001000100100
4 001000100100
2 001000100100
2 001000100100
12 001000100100
12 001000100100
12 001000100100
12 001000100100
12 001000100100
12 001000100100
12 001000100100
12 001000100100
12 001000100100
12 001000100100
7 001000100100
7 001000100100

3 100011001000
12 100011001000
2 100011001000
12 100011001000
12 100011001000
12 100011001000
0 100011001000
2 100011001000
0 100011001000
12 100011001000
12 100011001000
12 100011001000
12 100011001000
12 100011001000
9 100011001000
12 100011001000

7 100010010000
7 100010010000
12 100010010000
12 100010010000
4 100010010000
4 100010010000
4 100010010000
4 100010010000
12 100010010000
12 100010010000
12 100010010000
12 100010010000
12 100010010000
12 100010010000
12 100010010000
12 100010010000

12 100010010000
12 100010010000
12 100010010000
12 100010010000
12 100010010000
12 100010010000
12 100010010000
12 100010010000
12 100010010000
12 100010010000
12 100010010000
12 100010010000
12 100010010000
12 100010010000
12 100010010000
12 100010010000

12 001000010001
12 001000010001
12 001000010001
12 001000010001
12 001000010001
12 001000010001
12 001000010001
12 001000010001
12 001000010001
12 001000010001
12 001000010001
12 001000010001
7 001000010001
7 001000010001
9 001000010001
9 001000010001

2 100010010000
2 100010010000
2 100010010000
2 100010010000
0 100010010000
0 100010010000
0 100010010000
0 100010010000
2 001000010001
2 001000010001
2 001000010001
2 001000010001
4 001000010001
4 001000010001
4 001000010001
4 001000010001

7 100010000100
7 100010000100
4 100010000100
4 100010000100
12 100010000100
12 100010000100
12 100010000100
12 100010000100
12 100010010010
12 100010010010
12 100010010010
12 100010010010
2 100010010010
2 100010010010
4 100010010010
4 100010010010

2 100001000100
12 100001000100
12 100001000100
12 100001000100
12 100001000100
12 100001000100
4 100001000100
2 100001000100
0 100001001000
12 100001001000
12 100001001000
12 100001001000
12 100001001000
12 100001001000
9 100001001000
12 100001001000

7 100010010000
7 100010010000
12 100010010000
12 100010010000
4 100010010000
4 100010010000
4 100010010000
4 100010010000
12 100010010000
12 100010010000
12 100010010000
12 100010010000
7 100010010000
7 100010010000
9 100010010000
9 100010010000

2 100010010000
2 100010010000
2 100010010000
2 100010010000
0 100010010000
0 100010010000
0 100010010000
0 100010010000
2 001000010001
2 001000010001
2 001000010001
2 001000010001
4 001000010001
4 001000010001
4 001000010001
4 001000010001

7 100010000100
7 100010000100
4 100010000100
4 100010000100
12 100010000100
12 100010000100
12 100010000100
12 100010000100
12 100010010010
12 100010010010
12 100010010010
12 100010010010
2 100010010010
2 100010010010
4 100010010010
4 100010010010

2 100001000100
12 100001000100
12 100001000100
12 100001000100
12 100001000100
12 100001000100
4 100001000100
2 100001000100
0 100001001000
12 100001001000
12 100001001000
12 100001001000
12 100001001000
12 100001001000
9 100001001000
12 100001001000

7 100010010000
12 100010010000
12 100010010000
4 100010010000
12 100010010000
12 100010010000
4 100010010000
12 100010010000
12 100010010000
12 100010010000
12 100010010000
12 100010010000
0 100010010000
12 100010010000
2 100010010000
12 100010010000

4 100010000100
4 100010000100
2 100010000100
2 100010000100
2 100010000100
2 100010000100
0 100010000100
0 100010000100
0 100010000100
0 100010000100
9 100010000100
9 100010000100
9 100010000100
9 100010000100
0 100010000100
0 100010000100

4 001001000100
12 001001000100
12 001001000100
2 001001000100
12 001001000100
12 001001000100
12 001001000100
12 001001000100
12 001001000100
12 001001000100
12 001001000100
12 001001000100
12 001001000100
12 001001000100
4 001001000100
12 001001000100

5 001001000010
12 001001000010
4 001001000010
2 001001000010
12 001001000010
12 001001000010
0 001001000010
12 001001000010
12 001001000010
12 001001000010
12 001001000010
12 001001000010
12 001001000010
12 001001000010
9 001001000010
12 001001000010

7 100010010000
12 100010010000
12 100010010000
4 100010010000
12 100010010000
12 100010010000
4 100010010000
12 100010010000
12 100010010000
12 100010010000
12 100010010000
12 100010010000
12 100010010000
12 100010010000
7 100010010000
12 100010010000

4 100010000100
4 100010000100
2 100010000100
2 100010000100
2 100010000100
2 100010000100
0 100010000100
0 100010000100
0 100010000100
0 100010000100
9 100010000100
9 100010000100
9 100010000100
9 100010000100
0 100010000100
0 100010000100

4 001000100100
12 001000100100
12 001000100100
2 001000100100
12 001000100100
12 001000100100
12 001000100100
12 001000100100
12 001000100100
12 001000100100
12 001000100100
12 001000100100
12 001000100100
12 001000100100
7 001000100100
12 001000100100

3 100011001000
12 100011001000
2 100011001000
12 100011001000
12 100011001000
12 100011001000
0 100011001000
2 100011001000
0 100011001000
12 100011001000
12 100011001000
12 100011001000
12 100011001000
12 100011001000
9 100011001000
12 100011001000

7 100010010000
7 100010010000
12 100010010000
12 100010010000
4 100010010000
4 100010010000
4 100010010000
4 100010010000
12 100010010000
12 100010010000
12 100010010000
12 100010010000
12 100010010000
12 100010010000
12 100010010000
12 100010010000

12 100010010000
12 100010010000
12 100010010000
12 100010010000
12 100010010000
12 100010010000
12 100010010000
12 100010010000
12 001000010001
12 001000010001
12 001000010001
12 001000010001
12 001000010001
12 001000010001
12 001000010001
12 001000010001

12 100010000100
12 100010000100
12 100010000100
12 100010000100
12 100010000100
12 100010000100
12 100010000100
12 100010000100
12 100010010010
12 100010010010
12 100010010010
12 100010010010
12 100010010010
12 100010010010
12 100010010010
12 100010010010

12 100001000100
12 100001000100
12 100001000100
12 100001000100
12 100001000100
12 100001000100
12 100001000100
12 100001000100
12 100001001000
12 100001001000
12 100001001000
12 100001001000
12 100001001000
12 100001001000
12 100001001000
12 100001001000

12 100010010000
12 100010010000
12 100010010000
12 100010010000
12 100010010000
12 100010010000
12 100010010000
12 100010010000
12 100010010000
12 100010010000
12 100010010000
12 100010010000
12 100010010000
12 100010010000
12 100010010000
12 100010010000

12 100010010000
12 100010010000
12 100010010000
12 100010010000
12 100010010000
12 100010010000
12 100010010000
12 100010010000
12 001000010001
12 001000010001
12 001000010001
12 001000010001
12 001000010001
12 001000010001
12 001000010001
12 001000010001

12 100010000100
12 100010000100
12 100010000100
12 100010000100
12 100010000100
12 100010000100
12 100010000100
12 100010000100
12 100010010010
12 100010010010
12 100010010010
12 100010010010
12 100010010010
12 100010010010
12 100010010010
12 100010010010

12 100001000100
12 100001000100
12 100001000100
12 100001000100
12 100001000100
12 100001000100
12 100001000100
12 100001000100
12 100001001000
12 100001001000
12 100001001000
12 100001001000
12 100001001000
12 100001001000
12 100001001000
12 100001001000

12 100010010000
12 100010010000
12 100010010000
12 100010010000
12 100010010000
12 100010010000
12 100010010000
12 100010010000
12 100010010000
12 100010010000
12 100010010000
12 100010010000
9 100010010000
9 100010010000
0 100010010000
0 100010010000

4 100010000100
4 100010000100
2 100010000100
2 100010000100
2 100010000100
2 100010000100
0 100010000100
0 100010000100
0 100010000100
0 100010000100
9 100010000100
9 100010000100
9 100010000100
9 100010000100
0 100010000100
0 100010000100

4 001001000100
12 001001000100
12 001001000100
2 001001000100
12 001001000100
12 001001000100
12 001001000100
12 001001000100
12 001001000100
12 001001000100
12 001001000100
12 001001000100
12 001001000100
12 001001000100
4 001001000100
12 001001000100

5 001001000010
12 001001000010
4 001001000010
2 001001000010
12 001001000010
12 001001000010
0 001001000010
12 001001000010
12 001001000010
12 001001000010
12 001001000010
12 001001000010
12 001001000010
12 001001000010
9 001001000010
12 001001000010

7 100010010000
7 100010010000
12 100010010000
12 100010010000
4 100010010000
4 100010010000
4 100010010000
4 100010010000
12 100010010000
12 100010010000
12 100010010000
12 100010010000
12 100010010000
12 100010010000
7 100010010000
7 100010010000

4 100010000100
4 100010000100
2 100010000100
2 100010000100
2 100010000100
2 100010000100
0 100010000100
0 100010000100
0 100010000100
0 100010000100
9 100010000100
9 100010000100
9 100010000100
9 100010000100
0 100010000100
0 100010000100

4 001000100100
12 001000100100
12 001000100100
2 001000100100
12 001000100100
12 001000100100
12 001000100100
12 001000100100
12 001000100100
12 001000100100
12 001000100100
12 001000100100
12 001000100100
12 001000100100
7 001000100100
12 001000100100

3 100011001000
12 100011001000
2 100011001000
12 100011001000
12 100011001000
12 100011001000
0 100011001000
2 100011001000
0 100011001000
12 100011001000
12 100011001000
12 100011001000
12 100011001000
12 100011001000
9 100011001000
12 100011001000

7 100010010000
7 100010010000
12 100010010000
12 100010010000
4 100010010000
4 100010010000
4 100010010000
4 100010010000
12 100010010000
12 100010010000
12 100010010000
12 100010010000
12 100010010000
12 100010010000
12 100010010000
12 100010010000

12 100010010000
12 100010010000
12 100010010000
12 100010010000
12 100010010000
12 100010010000
12 100010010000
12 100010010000
12 100010010000
12 100010010000
12 100010010000
12 100010010000
12 100010010000
12 100010010000
12 100010010000
12 100010010000

12 001000010001
12 001000010001
12 001000010001
12 001000010001
12 001000010001
12 001000010001
12 001000010001
12 001000010001
12 001000010001
12 001000010001
12 001000010001
12 001000010001
12 001000010001
12 001000010001
7 001000010001
7 001000010001

3 100011001000
12 100011001000
2 100011001000
12 100011001000
12 100011001000
12 100011001000
0 100011001000
2 100011001000
0 100011001000
12 100011001000
12 100011001000
12 100011001000
12 100011001000
12 100011001000
9 100011001000
12 100011001000

7 100011001000
7 100011001000
7 100011001000
7 100011001000
7 100011001000
7 100011001000
7 100011001000
7 100011001000
4 100011001000
4 100011001000
4 100011001000
4 100011001000
4 100011001000
4 100011001000
4 100011001000
4 100011001000

4 100010010000
4 100010010000
4 100010010000
4 100010010000
4 100010010000
4 100010010000
4 100010010000
4 100010010000
4 100010010000
4 100010010000
4 100010010000
4 100010010000
4 100010010000
4 100010010000
4 100010010000
4 100010010000

12 001000010001
12 001000010001
12 001000010001
12 001000010001
12 001000010001
12 001000010001
12 001000010001
12 001000010001
12 001000010001
12 001000010001
12 001000010001
12 001000010001
12 001000010001
12 001000010001
12 001000010001
12 001000010001

12 100010010000
12 100010010000
12 100010010000
12 100010010000
12 100010010000
12 100010010000
12 100010010000
12 100010010000
12 100010010000
12 100010010000
12 100010010000
12 100010010000
12 100010010000
12 100010010000
12 100010010000
12 100010010000

