12 100100010000
12 100100010000
12 100100010000
12 100100010000
12 100100010000
12 100100010000
12 100100010000
12 100100010000
12 100100010000
12 100100010000
12 100100010000
12 100100010000
12 100100010000
12 100100010000
12 100100010000
12 100100010000

12 001000010001
12 001000010001
12 001000010001
12 001000010001
12 001000010001
12 001000010001
12 001000010001
12 001000010001
12 001000010001
12 001000010001
12 001000010001
12 001000010001
12 001000010001
12 001000010001
12 001000010001
12 001000010001

12 001000010001
12 001000010001
12 001000010001
12 001000010001
12 001000010001
12 001000010001
12 001000010001
12 001000010001
12 001000010001
12 001000010001
12 001000010001
12 001000010001
12 001000010001
12 001000010001
12 001000010001
12 001000010001

12 001000010001
12 001000010001
12 001000010001
12 001000010001
12 001000010001
12 001000010001
12 001000010001
12 001000010001
12 001000010001
12 001000010001
12 001000010001
12 001000010001
12 001000010001
12 001000010001
12 001000010001
12 001000010001

12 001001001010
12 001001001010
12 001001001010
12 001001001010
12 001001001010
12 001001001010
12 001001001010
12 001001001010
12 001001001010
12 001001001010
12 001001001010
12 001001001010
12 001001001010
12 001001001010
12 001001001010
12 001001001010

12 001001001010
12 001001001010
12 001001001010
12 001001001010
12 001001001010
12 001001001010
12 001001001010
12 001001001010
12 001001001010
5 001001001010
5 001001001010
5 001001001010
7 001001001010
12 001001001010
5 001001001010
3 001001001010

12 100100010000
12 100100010000
12 100100010000
12 100100010000
12 100100010000
12 100100010000
12 100100010000
12 100100010000
12 100100010000
12 100100010000
12 100100010000
12 100100010000
12 100100010000
12 100100010000
12 100100010000
12 100100010000

12 001000010010
12 001000010010
12 001000010010
12 001000010010
12 001000010010
12 001000010010
12 001000010010
12 001000010010
12 001000010010
12 001000010010
12 001000010010
12 001000010010
12 001000010010
12 001000010010
12 001000010010
12 001000010010

5 100100010000
7 100100010000
12 100100010000
5 100100010000
3 100100010000
12 100100010000
5 100100010000
12 100100010000
12 100100010000
12 100100010000
12 100100010000
12 100100010000
12 100100010000
12 100100010000
12 100100010000
12 100100010000

12 001000010010
12 001000010010
12 001000010010
12 001000010010
12 001000010010
12 001000010010
12 001000010010
12 001000010010
12 001000010010
12 001000010010
12 001000010010
12 001000010010
12 001000010010
12 001000010010
12 001000010010
12 001000010010

12 100011001000
12 100011001000
12 100011001000
12 100011001000
12 100011001000
12 100011001000
12 100011001000
12 100011001000
12 100011001000
12 100011001000
12 100011001000
12 100011001000
0 100011001000
10 100011001000
0 100011001000
10 100011001000

12 100011001000
3 100011001000
12 100011001000
0 100011001000
12 100011001000
12 100011001000
12 100011001000
12 100011001000
12 100011001000
12 100011001000
12 100011001000
12 100011001000
12 100011001000
12 100011001000
12 100011001000
12 100011001000

7 001000010001
12 001000010001
12 001000010001
5 001000010001
12 001000010001
3 001000010001
12 001000010001
12 001000010001
12 001000010001
12 001000010001
12 001000010001
12 001000010001
12 001000010001
12 001000010001
12 001000010001
12 001000010001

12 001000010001
12 001000010001
12 001000010001
12 001000010001
7 001000010001
0 001000010001
12 001000010001
12 001000010001
12 001000010001
12 001000010001
12 001000010001
12 001000010001
7 001000010001
12 001000010001
0 001000010001
0 001000010001

0 100100010000
0 100100010000
3 100100010000
2 100100010000
0 100100010000
0 100100010000
12 100100010000
12 100100010000
12 100100010000
12 100100010000
12 100100010000
12 100100010000
12 100100010000
12 100100010000
12 100100010000
12 100100010000

12 001000010010
12 001000010010
12 001000010010
12 001000010010
12 001000010010
12 001000010010
12 001000010010
12 001000010010
12 001000010010
12 001000010010
12 001000010010
12 001000010010
12 001000010010
12 001000010010
12 001000010010
12 001000010010

12 100100010000
12 100100010000
12 100100010000
12 100100010000
12 100100010000
12 100100010000
12 100100010000
12 100100010000
12 100100010000
12 100100010000
12 100100010000
12 100100010000
12 100100010000
12 100100010000
12 100100010000
12 100100010000

12 001000010010
12 001000010010
12 001000010010
0 001000010010
7 001000010010
7 001000010010
12 001000010010
12 001000010010
12 001000010010
12 001000010010
12 001000010010
12 001000010010
12 001000010010
12 001000010010
12 001000010010
12 001000010010

12 100100010000
12 100100010000
12 100100010000
12 100100010000
12 100100010000
12 100100010000
7 100100010000
12 100100010000
12 100100010000
5 100100010000
12 100100010000
3 100100010000
5 100100010000
12 100100010000
12 100100010000
12 100100010000

12 001000010010
12 001000010010
12 001000010010
12 001000010010
12 001000010010
12 001000010010
12 001000010010
12 001000010010
12 001000010010
12 001000010010
12 001000010010
12 001000010010
12 001000010010
12 001000010010
12 001000010010
12 001000010010

12 100100010000
12 100100010000
7 100100010000
0 100100010000
10 100100010000
10 100100010000
0 100100010000
10 100100010000
12 100100010000
12 100100010000
3 100100010000
0 100100010000
12 100100010000
12 100100010000
12 100100010000
12 100100010000

12 001000010010
12 001000010010
12 001000010010
12 001000010010
12 001000010010
12 001000010010
12 001000010010
12 001000010010
12 001000010010
12 001000010010
12 001000010010
12 001000010010
12 001000010010
12 001000010010
12 001000010010
12 001000010010

12 100100010000
12 100100010000
12 100100010000
12 100100010000
12 100100010000
12 100100010000
7 100100010000
12 100100010000
5 100100010000
5 100100010000
3 100100010000
6 100100010000
12 100100010000
12 100100010000
5 100100010000
3 100100010000

5 001000010010
5 001000010010
5 001000010010
5 001000010010
5 001000010010
5 001000010010
5 001000010010
5 001000010010
5 001000010010
5 001000010010
5 001000010010
5 001000010010
5 001000010010
5 001000010010
5 001000010010
5 001000010010

12 100100010000
12 100100010000
12 100100010000
12 100100010000
12 100100010000
12 100100010000
12 100100010000
12 100100010000
7 100100010000
12 100100010000
0 100100010000
12 100100010000
0 100100010000
10 100100010000
12 100100010000
0 100100010000

10 001000010010
0 001000010010
12 001000010010
12 001000010010
10 001000010010
12 001000010010
7 001000010010
12 001000010010
5 001000010010
12 001000010010
0 001000010010
12 001000010010
12 001000010010
12 001000010010
12 001000010010
12 001000010010

12 100100010000
12 100100010000
12 100100010000
12 100100010000
12 100100010000
12 100100010000
12 100100010000
12 100100010000
12 100100010000
12 100100010000
12 100100010000
12 100100010000
7 100100010000
12 100100010000
12 100100010000
12 100100010000

7 001000010010
12 001000010010
5 001000010010
5 001000010010
12 001000010010
12 001000010010
12 001000010010
12 001000010010
12 001000010010
12 001000010010
12 001000010010
12 001000010010
12 001000010010
12 001000010010
12 001000010010
12 001000010010

12 100100010000
12 100100010000
12 100100010000
12 100100010000
5 100100010000
12 100100010000
0 100100010000
12 100100010000
10 100100010000
0 100100010000
12 100100010000
12 100100010000
10 100100010000
0 100100010000
3 100100010000
12 100100010000

12 001000010010
12 001000010010
12 001000010010
12 001000010010
12 001000010010
12 001000010010
12 001000010010
12 001000010010
12 001000010010
12 001000010010
12 001000010010
12 001000010010
12 001000010010
12 001000010010
12 001000010010
12 001000010010

12 100100010000
12 100100010000
12 100100010000
12 100100010000
12 100100010000
12 100100010000
12 100100010000
12 100100010000
12 100100010000
12 100100010000
12 100100010000
12 100100010000
12 100100010000
7 100100010000
12 100100010000
12 100100010000

5 001000010010
12 001000010010
7 001000010010
12 001000010010
12 001000010010
12 001000010010
5 001000010010
12 001000010010
12 001000010010
3 001000010010
12 001000010010
12 001000010010
5 001000010010
12 001000010010
12 001000010010
12 001000010010

12 100100010000
12 100100010000
12 100100010000
12 100100010000
12 100100010000
12 100100010000
12 100100010000
12 100100010000
12 100100010000
12 100100010000
12 100100010000
12 100100010000
7 100100010000
12 100100010000
12 100100010000
0 100100010000

12 001000010010
12 001000010010
12 001000010010
12 001000010010
10 001000010010
12 001000010010
12 001000010010
12 001000010010
0 001000010010
12 001000010010
12 001000010010
12 001000010010
12 001000010010
12 001000010010
12 001000010010
12 001000010010

12 100011001000
12 100011001000
12 100011001000
0 100011001000
12 100011001000
12 100011001000
12 100011001000
12 100011001000
12 100011001000
12 100011001000
7 100011001000
12 100011001000
12 100011001000
12 100011001000
0 100011001000
12 100011001000

12 100011001000
12 100011001000
12 100011001000
6 100011001000
12 100011001000
5 100011001000
3 100011001000
12 100011001000
5 100011001000
12 100011001000
12 100011001000
12 100011001000
12 100011001000
12 100011001000
12 100011001000
12 100011001000

12 001000010001
12 001000010001
12 001000010001
12 001000010001
7 001000010001
7 001000010001
0 001000010001
12 001000010001
0 001000010001
12 001000010001
0 001000010001
12 001000010001
12 001000010001
12 001000010001
7 001000010001
12 001000010001

3 001000010001
12 001000010001
0 001000010001
12 001000010001
12 001000010001
12 001000010001
12 001000010001
12 001000010001
12 001000010001
12 001000010001
12 001000010001
12 001000010001
12 001000010001
7 001000010001
7 001000010001
0 001000010001

12 100100010000
12 100100010000
3 100100010000
12 100100010000
3 100100010000
12 100100010000
0 100100010000
12 100100010000
12 100100010000
12 100100010000
12 100100010000
12 100100010000
12 100100010000
12 100100010000
12 100100010000
12 100100010000

12 001000010010
12 001000010010
12 001000010010
12 001000010010
12 001000010010
12 001000010010
12 001000010010
12 001000010010
12 001000010010
12 001000010010
12 001000010010
12 001000010010
12 001000010010
12 001000010010
12 001000010010
12 001000010010

12 100100010000
12 100100010000
12 100100010000
12 100100010000
12 100100010000
12 100100010000
12 100100010000
12 100100010000
12 100100010000
12 100100010000
12 100100010000
12 100100010000
12 100100010000
12 100100010000
12 100100010000
12 100100010000

12 001000010010
12 001000010010
12 001000010010
12 001000010010
12 001000010010
12 001000010010
12 001000010010
12 001000010010
12 001000010010
12 001000010010
12 001000010010
12 001000010010
12 001000010010
12 001000010010
12 001000010010
12 001000010010

12 100100010000
12 100100010000
12 100100010000
12 100100010000
12 100100010000
12 100100010000
12 100100010000
12 100100010000
12 100100010000
7 100100010000
12 100100010000
12 100100010000
5 100100010000
12 100100010000
3 100100010000
5 100100010000

5 001000010010
12 001000010010
12 001000010010
12 001000010010
5 001000010010
12 001000010010
3 001000010010
12 001000010010
12 001000010010
5 001000010010
12 001000010010
12 001000010010
3 001000010010
12 001000010010
12 001000010010
5 001000010010

12 100100010000
12 100100010000
12 100100010000
12 100100010000
12 100100010000
12 100100010000
12 100100010000
12 100100010000
12 100100010000
12 100100010000
12 100100010000
12 100100010000
12 100100010000
12 100100010000
12 100100010000
12 100100010000

5 001000010010
12 001000010010
3 001000010010
5 001000010010
12 001000010010
12 001000010010
12 001000010010
12 001000010010
12 001000010010
12 001000010010
12 001000010010
12 001000010010
12 001000010010
12 001000010010
12 001000010010
12 001000010010

12 100100010000
12 100100010000
12 100100010000
12 100100010000
12 100100010000
12 100100010000
12 100100010000
12 100100010000
12 100100010000
12 100100010000
12 100100010000
12 100100010000
7 100100010000
12 100100010000
12 100100010000
5 100100010000

5 001000010010
12 001000010010
7 001000010010
12 001000010010
12 001000010010
12 001000010010
12 001000010010
12 001000010010
12 001000010010
12 001000010010
12 001000010010
12 001000010010
12 001000010010
12 001000010010
12 001000010010
12 001000010010

12 100100010000
12 100100010000
12 100100010000
12 100100010000
12 100100010000
12 100100010000
12 100100010000
12 100100010000
12 100100010000
12 100100010000
12 100100010000
12 100100010000
7 100100010000
12 100100010000
0 100100010000
12 100100010000

3 001000010010
12 001000010010
3 001000010010
2 001000010010
0 001000010010
12 001000010010
12 001000010010
12 001000010010
12 001000010010
12 001000010010
12 001000010010
12 001000010010
12 001000010010
12 001000010010
12 001000010010
12 001000010010

12 100100010000
12 100100010000
12 100100010000
12 100100010000
12 100100010000
12 100100010000
12 100100010000
12 100100010000
12 100100010000
12 100100010000
12 100100010000
12 100100010000
10 100100010000
5 100100010000
12 100100010000
3 100100010000

12 001000010010
12 001000010010
5 001000010010
5 001000010010
3 001000010010
3 001000010010
5 001000010010
12 001000010010
12 001000010010
12 001000010010
12 001000010010
12 001000010010
12 001000010010
12 001000010010
7 001000010010
5 001000010010

5 100100010000
12 100100010000
12 100100010000
12 100100010000
12 100100010000
12 100100010000
0 100100010000
12 100100010000
12 100100010000
12 100100010000
3 100100010000
2 100100010000
3 100100010000
2 100100010000
3 100100010000
2 100100010000

12 001000010010
12 001000010010
12 001000010010
12 001000010010
12 001000010010
12 001000010010
12 001000010010
12 001000010010
12 001000010010
7 001000010010
12 001000010010
0 001000010010
0 001000010010
12 001000010010
10 001000010010
0 001000010010

12 100100010000
12 100100010000
3 100100010000
0 100100010000
12 100100010000
12 100100010000
12 100100010000
12 100100010000
12 100100010000
12 100100010000
12 100100010000
12 100100010000
12 100100010000
12 100100010000
12 100100010000
12 100100010000

12 001000010010
12 001000010010
12 001000010010
12 001000010010
12 001000010010
12 001000010010
7 001000010010
12 001000010010
12 001000010010
0 001000010010
12 001000010010
12 001000010010
12 001000010010
12 001000010010
12 001000010010
12 001000010010

12 100100010000
12 100100010000
12 100100010000
12 100100010000
12 100100010000
12 100100010000
12 100100010000
12 100100010000
12 100100010000
12 100100010000
12 100100010000
12 100100010000
12 100100010000
12 100100010000
12 100100010000
12 100100010000

12 001000010010
12 001000010010
12 001000010010
12 001000010010
12 001000010010
12 001000010010
12 001000010010
12 001000010010
12 001000010010
12 001000010010
12 001000010010
12 001000010010
12 001000010010
12 001000010010
3 001000010010
5 001000010010

12 100011001000
5 100011001000
3 100011001000
12 100011001000
12 100011001000
5 100011001000
12 100011001000
12 100011001000
12 100011001000
12 100011001000
12 100011001000
12 100011001000
12 100011001000
12 100011001000
12 100011001000
12 100011001000

12 100011001000
12 100011001000
12 100011001000
12 100011001000
12 100011001000
12 100011001000
12 100011001000
12 100011001000
12 100011001000
3 100011001000
3 100011001000
0 100011001000
12 100011001000
3 100011001000
12 100011001000
0 100011001000

12 001000010001
12 001000010001
12 001000010001
12 001000010001
12 001000010001
0 001000010001
12 001000010001
0 001000010001
12 001000010001
12 001000010001
12 001000010001
12 001000010001
5 001000010001
12 001000010001
6 001000010001
12 001000010001

5 001000010001
12 001000010001
12 001000010001
12 001000010001
12 001000010001
7 001000010001
0 001000010001
12 001000010001
12 001000010001
12 001000010001
12 001000010001
12 001000010001
12 001000010001
7 001000010001
12 001000010001
0 001000010001

0 100100010000
12 100100010000
3 100100010000
2 100100010000
12 100100010000
0 100100010000
12 100100010000
12 100100010000
12 100100010000
12 100100010000
12 100100010000
12 100100010000
12 100100010000
12 100100010000
12 100100010000
12 100100010000

12 001000010010
12 001000010010
12 001000010010
12 001000010010
12 001000010010
12 001000010010
12 001000010010
12 001000010010
12 001000010010
12 001000010010
12 001000010010
12 001000010010
12 001000010010
12 001000010010
12 001000010010
12 001000010010

12 100100010000
12 100100010000
12 100100010000
12 100100010000
12 100100010000
12 100100010000
12 100100010000
12 100100010000
12 100100010000
12 100100010000
12 100100010000
12 100100010000
12 100100010000
12 100100010000
12 100100010000
12 100100010000

12 001000010010
12 001000010010
3 001000010010
12 001000010010
10 001000010010
12 001000010010
12 001000010010
12 001000010010
12 001000010010
12 001000010010
12 001000010010
12 001000010010
12 001000010010
12 001000010010
12 001000010010
12 001000010010

12 100100010000
12 100100010000
12 100100010000
12 100100010000
12 100100010000
12 100100010000
12 100100010000
12 100100010000
12 100100010000
3 100100010000
12 100100010000
3 100100010000
5 100100010000
12 100100010000
3 100100010000
5 100100010000

12 001000010010
12 001000010010
12 001000010010
12 001000010010
12 001000010010
12 001000010010
12 001000010010
12 001000010010
12 001000010010
12 001000010010
12 001000010010
12 001000010010
12 001000010010
12 001000010010
12 001000010010
12 001000010010

12 100100010000
12 100100010000
12 100100010000
12 100100010000
12 100100010000
12 100100010000
12 100100010000
12 100100010000
12 100100010000
12 100100010000
12 100100010000
7 100100010000
12 100100010000
0 100100010000
12 100100010000
12 100100010000

12 001000010010
12 001000010010
12 001000010010
12 001000010010
12 001000010010
12 001000010010
12 001000010010
12 001000010010
12 001000010010
12 001000010010
12 001000010010
12 001000010010
12 001000010010
12 001000010010
12 001000010010
12 001000010010

12 100100010000
12 100100010000
12 100100010000
12 100100010000
12 100100010000
12 100100010000
12 100100010000
12 100100010000
12 100100010000
12 100100010000
12 100100010000
12 100100010000
0 100100010000
12 100100010000
3 100100010000
0 100100010000

12 001000010010
12 001000010010
12 001000010010
12 001000010010
12 001000010010
12 001000010010
12 001000010010
12 001000010010
12 001000010010
12 001000010010
12 001000010010
12 001000010010
12 001000010010
12 001000010010
12 001000010010
12 001000010010

12 100100010000
12 100100010000
12 100100010000
12 100100010000
12 100100010000
12 100100010000
12 100100010000
12 100100010000
12 100100010000
12 100100010000
12 100100010000
12 100100010000
7 100100010000
12 100100010000
0 100100010000
12 100100010000

12 001000010010
12 001000010010
12 001000010010
12 001000010010
12 001000010010
12 001000010010
12 001000010010
12 001000010010
12 001000010010
12 001000010010
12 001000010010
12 001000010010
12 001000010010
12 001000010010
12 001000010010
12 001000010010

