12 000000000000
12 000000000000
12 000000000000
12 000000000000
12 000000000000
12 000000000000
12 000000000000
12 000000000000
0 000000000000
0 000000000000
12 000000000000
2 000000000000
0 000000000000
0 000000000000
12 000000000000
12 000000000000

2 100010010000
2 100010010000
4 100010010000
4 100010010000
12 100010010000
12 100010010000
12 100010010000
12 100010010000
12 100010010000
12 100010010000
12 100010010000
12 100010010000
12 100010010000
12 100010010000
12 100010010000
12 100010010000

12 100010010000
12 100010010000
2 100010010000
0 100010010000
12 100010010000
12 100010010000
12 100010010000
12 100010010000
12 100010010000
12 100010010000
12 100010010000
12 100010010000
12 100010010000
12 100010010000
12 100010010000
12 100010010000

12 001000010001
12 001000010001
12 001000010001
4 001000010001
12 001000010001
12 001000010001
2 001000010001
4 001000010001
2 001000010001
2 001000010001
12 001000010001
12 001000010001
12 001000010001
12 001000010001
12 001000010001
0 001000010001

11 001000010001
11 001000010001
11 001000010001
11 001000010001
11 001000010001
11 001000010001
11 001000010001
11 001000010001
11 001000010001
11 001000010001
11 001000010001
11 001000010001
11 001000010001
11 001000010001
11 001000010001
11 001000010001

12 100010010000
12 100010010000
12 100010010000
11 100010010000
12 100010010000
12 100010010000
2 100010010000
12 100010010000
12 100010010000
12 100010010000
2 100010010000
0 100010010000
12 100010010000
12 100010010000
12 100010010000
12 100010010000

12 100010010000
12 100010010000
12 100010010000
12 100010010000
12 100010010000
12 100010010000
12 100010010000
12 100010010000
12 100010010000
12 100010010000
12 100010010000
12 100010010000
12 100010010000
12 100010010000
12 100010010000
12 100010010000

12 001000010001
12 001000010001
12 001000010001
12 001000010001
12 001000010001
12 001000010001
12 001000010001
12 001000010001
12 001000010001
12 001000010001
12 001000010001
12 001000010001
12 001000010001
12 001000010001
12 001000010001
12 001000010001

12 001000010001
12 001000010001
12 001000010001
12 001000010001
12 001000010001
12 001000010001
12 001000010001
12 001000010001
12 001000010001
12 001000010001
12 001000010001
12 001000010001
12 001000010001
12 001000010001
7 001000010001
9 001000010001

0 100010010000
0 100010010000
0 100010010000
0 100010010000
0 100010010000
0 100010010000
0 100010010000
0 100010010000
0 100010010000
0 100010010000
0 100010010000
0 100010010000
0 100010010000
0 100010010000
0 100010010000
0 100010010000

12 100010010000
12 100010010000
12 100010010000
12 100010010000
12 100010010000
12 100010010000
12 100010010000
12 100010010000
9 100010010000
7 100010010000
12 100010010000
12 100010010000
12 100010010000
12 100010010000
12 100010010000
12 100010010000

7 000010001001
12 000010001001
7 000010001001
9 000010001001
12 000010001001
7 000010001001
12 000010001001
7 000010001001
9 000010001001
12 000010001001
12 000010001001
12 000010001001
4 000010001001
12 000010001001
12 000010001001
12 000010001001

12 000010001001
12 000010001001
12 000010001001
12 000010001001
12 000010001001
12 000010001001
12 000010001001
12 000010001001
12 000010001001
12 000010001001
12 000010001001
12 000010001001
12 000010001001
12 000010001001
12 000010001001
12 000010001001

12 100001000100
9 100001000100
12 100001000100
7 100001000100
12 100001000100
7 100001000100
12 100001000100
7 100001000100
9 100001000100
12 100001000100
12 100001000100
12 100001000100
2 100001000100
0 100001000100
12 100001000100
0 100001000100

12 100001000100
12 100001000100
12 100001000100
12 100001000100
12 100001000100
12 100001000100
12 100001000100
12 100001000100
12 100001000100
12 100001000100
12 100001000100
12 100001000100
12 100001000100
12 100001000100
9 100001000100
0 100001000100

12 100100001000
12 100100001000
12 100100001000
12 100100001000
9 100100001000
12 100100001000
0 100100001000
12 100100001000
0 100100001000
12 100100001000
12 100100001000
12 100100001000
3 100100001000
12 100100001000
2 100100001000
0 100100001000

0 100100001000
12 100100001000
12 100100001000
12 100100001000
12 100100001000
12 100100001000
5 100100001000
12 100100001000
12 100100001000
12 100100001000
3 100100001000
12 100100001000
12 100100001000
12 100100001000
12 100100001000
12 100100001000

12 100010010000
12 100010010000
12 100010010000
12 100010010000
4 100010010000
12 100010010000
2 100010010000
12 100010010000
12 100010010000
12 100010010000
4 100010010000
12 100010010000
2 100010010000
12 100010010000
12 100010010000
12 100010010000

2 100010010000
4 100010010000
12 100010010000
12 100010010000
4 100010010000
12 100010010000
2 100010010000
0 100010010000
12 100010010000
12 100010010000
12 100010010000
12 100010010000
12 100010010000
12 100010010000
12 100010010000
12 100010010000

12 001000010001
12 001000010001
12 001000010001
12 001000010001
7 001000010001
12 001000010001
12 001000010001
12 001000010001
12 001000010001
12 001000010001
4 001000010001
12 001000010001
12 001000010001
12 001000010001
2 001000010001
12 001000010001

12 001000010001
12 001000010001
12 001000010001
12 001000010001
12 001000010001
12 001000010001
12 001000010001
12 001000010001
12 001000010001
12 001000010001
12 001000010001
12 001000010001
12 001000010001
12 001000010001
12 001000010001
7 001000010001

9 100010010000
12 100010010000
12 100010010000
0 100010010000
12 100010010000
12 100010010000
0 100010010000
12 100010010000
12 100010010000
12 100010010000
12 100010010000
12 100010010000
2 100010010000
12 100010010000
12 100010010000
12 100010010000

12 100010010000
12 100010010000
12 100010010000
12 100010010000
12 100010010000
12 100010010000
12 100010010000
12 100010010000
12 100010010000
12 100010010000
12 100010010000
12 100010010000
12 100010010000
12 100010010000
12 100010010000
12 100010010000

12 001000010001
12 001000010001
12 001000010001
12 001000010001
12 001000010001
12 001000010001
12 001000010001
12 001000010001
12 001000010001
12 001000010001
12 001000010001
12 001000010001
12 001000010001
12 001000010001
12 001000010001
12 001000010001

12 001000010001
12 001000010001
12 001000010001
12 001000010001
12 001000010001
12 001000010001
12 001000010001
12 001000010001
0 001000010001
0 001000010001
12 001000010001
0 001000010001
12 001000010001
12 001000010001
2 001000010001
0 001000010001

4 100010010000
12 100010010000
2 100010010000
4 100010010000
12 100010010000
2 100010010000
4 100010010000
12 100010010000
2 100010010000
4 100010010000
12 100010010000
12 100010010000
12 100010010000
12 100010010000
12 100010010000
12 100010010000

12 100010010000
12 100010010000
12 100010010000
12 100010010000
12 100010010000
12 100010010000
12 100010010000
12 100010010000
12 100010010000
12 100010010000
12 100010010000
12 100010010000
12 100010010000
12 100010010000
12 100010010000
4 100010010000

7 001000010001
12 001000010001
12 001000010001
12 001000010001
2 001000010001
12 001000010001
4 001000010001
12 001000010001
2 001000010001
12 001000010001
12 001000010001
12 001000010001
2 001000010001
12 001000010001
2 001000010001
12 001000010001

12 001000010001
12 001000010001
12 001000010001
12 001000010001
12 001000010001
12 001000010001
12 001000010001
12 001000010001
12 001000010001
12 001000010001
12 001000010001
12 001000010001
12 001000010001
12 001000010001
12 001000010001
12 001000010001

0 100010010000
0 100010010000
4 100010010000
12 100010010000
12 100010010000
12 100010010000
2 100010010000
0 100010010000
12 100010010000
12 100010010000
2 100010010000
0 100010010000
12 100010010000
12 100010010000
12 100010010000
12 100010010000

12 100010010000
12 100010010000
12 100010010000
9 100010010000
7 100010010000
5 100010010000
4 100010010000
2 100010010000
4 100010010000
12 100010010000
12 100010010000
12 100010010000
12 100010010000
12 100010010000
12 100010010000
12 100010010000

12 001000010001
12 001000010001
12 001000010001
12 001000010001
12 001000010001
12 001000010001
12 001000010001
12 001000010001
12 001000010001
12 001000010001
12 001000010001
12 001000010001
12 001000010001
12 001000010001
12 001000010001
12 001000010001

12 001000010001
12 001000010001
12 001000010001
12 001000010001
12 001000010001
12 001000010001
12 001000010001
12 001000010001
12 001000010001
12 001000010001
12 001000010001
12 001000010001
12 001000010001
12 001000010001
7 001000010001
9 001000010001

0 100010010000
0 100010010000
0 100010010000
0 100010010000
0 100010010000
0 100010010000
0 100010010000
0 100010010000
0 100010010000
0 100010010000
0 100010010000
0 100010010000
0 100010010000
0 100010010000
0 100010010000
0 100010010000

12 100010010000
12 100010010000
12 100010010000
12 100010010000
7 100010010000
7 100010010000
12 100010010000
12 100010010000
12 100010010000
12 100010010000
12 100010010000
12 100010010000
12 100010010000
12 100010010000
4 100010010000
7 100010010000

9 000010001001
9 000010001001
12 000010001001
7 000010001001
7 000010001001
7 000010001001
9 000010001001
12 000010001001
12 000010001001
12 000010001001
4 000010001001
12 000010001001
12 000010001001
12 000010001001
12 000010001001
2 000010001001

12 000010001001
12 000010001001
12 000010001001
12 000010001001
12 000010001001
12 000010001001
0 000010001001
12 000010001001
12 000010001001
2 000010001001
12 000010001001
12 000010001001
4 000010001001
12 000010001001
12 000010001001
12 000010001001

9 100001000100
7 100001000100
12 100001000100
4 100001000100
12 100001000100
7 100001000100
9 100001000100
7 100001000100
9 100001000100
12 100001000100
12 100001000100
2 100001000100
0 100001000100
12 100001000100
0 100001000100
12 100001000100

12 100001000100
12 100001000100
12 100001000100
12 100001000100
12 100001000100
12 100001000100
12 100001000100
12 100001000100
12 100001000100
12 100001000100
12 100001000100
12 100001000100
12 100001000100
12 100001000100
9 100001000100
0 100001000100

12 100100001000
12 100100001000
12 100100001000
12 100100001000
0 100100001000
12 100100001000
3 100100001000
12 100100001000
2 100100001000
0 100100001000
12 100100001000
12 100100001000
12 100100001000
12 100100001000
12 100100001000
12 100100001000

12 100100001000
12 100100001000
2 100100001000
0 100100001000
12 100100001000
5 100100001000
3 100100001000
12 100100001000
12 100100001000
12 100100001000
12 100100001000
12 100100001000
12 100100001000
12 100100001000
12 100100001000
12 100100001000

12 100010010000
12 100010010000
12 100010010000
12 100010010000
12 100010010000
12 100010010000
9 100010010000
12 100010010000
0 100010010000
12 100010010000
12 100010010000
12 100010010000
2 100010010000
12 100010010000
4 100010010000
12 100010010000

4 100010010000
12 100010010000
2 100010010000
4 100010010000
12 100010010000
2 100010010000
4 100010010000
12 100010010000
12 100010010000
12 100010010000
12 100010010000
2 100010010000
0 100010010000
12 100010010000
12 100010010000
12 100010010000

12 001000010001
12 001000010001
12 001000010001
7 001000010001
12 001000010001
12 001000010001
4 001000010001
2 001000010001
4 001000010001
4 001000010001
2 001000010001
12 001000010001
12 001000010001
12 001000010001
12 001000010001
12 001000010001

11 001000010001
11 001000010001
11 001000010001
11 001000010001
11 001000010001
11 001000010001
11 001000010001
11 001000010001
11 001000010001
11 001000010001
11 001000010001
11 001000010001
11 001000010001
11 001000010001
11 001000010001
11 001000010001

12 100010010000
12 100010010000
12 100010010000
11 100010010000
12 100010010000
12 100010010000
2 100010010000
12 100010010000
0 100010010000
0 100010010000
2 100010010000
0 100010010000
12 100010010000
12 100010010000
12 100010010000
12 100010010000

12 100010010000
12 100010010000
12 100010010000
12 100010010000
12 100010010000
12 100010010000
12 100010010000
12 100010010000
12 100010010000
12 100010010000
12 100010010000
12 100010010000
12 100010010000
12 100010010000
3 100010010000
3 100010010000

2 001000010001
2 001000010001
0 001000010001
12 001000010001
12 001000010001
12 001000010001
12 001000010001
12 001000010001
12 001000010001
12 001000010001
12 001000010001
12 001000010001
12 001000010001
12 001000010001
3 001000010001
2 001000010001

11 001000010001
11 001000010001
12 001000010001
1 001000010001
11 001000010001
11 001000010001
12 001000010001
12 001000010001
12 001000010001
12 001000010001
12 001000010001
12 001000010001
12 001000010001
12 001000010001
0 001000010001
12 001000010001

2 100010010000
12 100010010000
12 100010010000
12 100010010000
2 100010010000
12 100010010000
4 100010010000
12 100010010000
4 100010010000
12 100010010000
12 100010010000
12 100010010000
12 100010010000
12 100010010000
12 100010010000
12 100010010000

4 100010010000
12 100010010000
4 100010010000
2 100010010000
0 100010010000
12 100010010000
12 100010010000
12 100010010000
12 100010010000
12 100010010000
12 100010010000
12 100010010000
12 100010010000
12 100010010000
12 100010010000
12 100010010000

7 001000010001
12 001000010001
12 001000010001
12 001000010001
4 001000010001
12 001000010001
2 001000010001
12 001000010001
4 001000010001
12 001000010001
2 001000010001
12 001000010001
12 001000010001
12 001000010001
12 001000010001
12 001000010001

12 001000010001
12 001000010001
12 001000010001
12 001000010001
12 001000010001
12 001000010001
12 001000010001
12 001000010001
12 001000010001
12 001000010001
12 001000010001
4 001000010001
7 001000010001
7 001000010001
7 001000010001
4 001000010001

12 100010010000
12 100010010000
4 100010010000
0 100010010000
12 100010010000
12 100010010000
2 100010010000
0 100010010000
12 100010010000
12 100010010000
12 100010010000
12 100010010000
12 100010010000
12 100010010000
12 100010010000
12 100010010000

12 100010010000
12 100010010000
12 100010010000
12 100010010000
12 100010010000
12 100010010000
12 100010010000
12 100010010000
12 100010010000
12 100010010000
12 100010010000
12 100010010000
12 100010010000
12 100010010000
12 100010010000
12 100010010000

3 100100001000
12 100100001000
12 100100001000
2 100100001000
0 100100001000
12 100100001000
12 100100001000
12 100100001000
12 100100001000
12 100100001000
12 100100001000
12 100100001000
12 100100001000
12 100100001000
12 100100001000
12 100100001000

12 100100001000
12 100100001000
12 100100001000
12 100100001000
12 100100001000
12 100100001000
12 100100001000
12 100100001000
12 100100001000
7 100100001000
12 100100001000
12 100100001000
5 100100001000
12 100100001000
12 100100001000
3 100100001000

4 100010010000
12 100010010000
12 100010010000
12 100010010000
4 100010010000
2 100010010000
4 100010010000
2 100010010000
4 100010010000
12 100010010000
12 100010010000
12 100010010000
12 100010010000
12 100010010000
12 100010010000
12 100010010000

12 100010010000
12 100010010000
12 100010010000
12 100010010000
12 100010010000
12 100010010000
12 100010010000
12 100010010000
12 100010010000
12 100010010000
12 100010010000
12 100010010000
12 100010010000
12 100010010000
3 100010010000
2 100010010000

12 100100001000
12 100100001000
12 100100001000
3 100100001000
12 100100001000
0 100100001000
0 100100001000
12 100100001000
12 100100001000
12 100100001000
12 100100001000
12 100100001000
12 100100001000
12 100100001000
12 100100001000
12 100100001000

12 100100001000
12 100100001000
12 100100001000
12 100100001000
12 100100001000
12 100100001000
12 100100001000
12 100100001000
12 100100001000
12 100100001000
12 100100001000
12 100100001000
12 100100001000
12 100100001000
7 100100001000
7 100100001000

5 100010010000
12 100010010000
12 100010010000
12 100010010000
5 100010010000
12 100010010000
12 100010010000
12 100010010000
4 100010010000
2 100010010000
4 100010010000
2 100010010000
4 100010010000
12 100010010000
12 100010010000
12 100010010000

12 100010010000
12 100010010000
12 100010010000
12 100010010000
12 100010010000
12 100010010000
12 100010010000
12 100010010000
12 100010010000
12 100010010000
12 100010010000
7 100010010000
10 100010010000
10 100010010000
12 100010010000
7 100010010000

12 100100001000
12 100100001000
12 100100001000
12 100100001000
12 100100001000
12 100100001000
12 100100001000
12 100100001000
7 100100001000
7 100100001000
10 100100001000
12 100100001000
7 100100001000
7 100100001000
12 100100001000
12 100100001000

12 100100001000
12 100100001000
7 100100001000
10 100100001000
12 100100001000
12 100100001000
12 100100001000
12 100100001000
12 100100001000
12 100100001000
12 100100001000
12 100100001000
12 100100001000
12 100100001000
12 100100001000
12 100100001000

12 100010010000
12 100010010000
12 100010010000
12 100010010000
12 100010010000
12 100010010000
12 100010010000
12 100010010000
12 100010010000
12 100010010000
12 100010010000
12 100010010000
12 100010010000
12 100010010000
12 100010010000
12 100010010000

12 100010010000
12 100010010000
12 100010010000
12 100010010000
12 100010010000
12 100010010000
12 100010010000
12 100010010000
12 100010010000
12 100010010000
12 100010010000
12 100010010000
4 100010010000
12 100010010000
2 100010010000
0 100010010000

12 100100001000
12 100100001000
12 100100001000
10 100100001000
12 100100001000
12 100100001000
8 100100001000
12 100100001000
12 100100001000
12 100100001000
12 100100001000
0 100100001000
12 100100001000
12 100100001000
12 100100001000
10 100100001000

12 100100001000
12 100100001000
12 100100001000
12 100100001000
12 100100001000
12 100100001000
12 100100001000
12 100100001000
12 100100001000
12 100100001000
12 100100001000
12 100100001000
12 100100001000
12 100100001000
12 100100001000
12 100100001000

