12 101001000100
12 101001000100
12 101001000100
12 101001000100
12 101001000100
12 101001000100
12 101001000100
12 101001000100
12 001010010001
12 001010010001
12 001010010001
12 001010010001
12 001010010001
12 001010010001
12 001010010001
12 001010010001

12 101001000100
12 101001000100
12 101001000100
12 101001000100
12 101001000100
12 101001000100
12 101001000100
12 101001000100
12 001010010001
12 001010010001
12 001010010001
12 001010010001
12 001010010001
12 001010010001
12 001010010001
12 001010010001

12 101001000100
12 101001000100
12 101001000100
12 101001000100
12 101001000100
12 101001000100
12 101001000100
12 101001000100
12 001010010001
12 001010010001
12 001010010001
12 001010010001
12 001010010001
12 001010010001
12 001010010001
12 001010010001

12 101001000100
12 101001000100
12 101001000100
12 101001000100
12 101001000100
12 101001000100
12 101001000100
12 101001000100
12 001001010001
12 001001010001
12 001001010001
12 001001010001
12 001001010001
12 001001010001
12 001001010001
12 001001010001

4 100010010000
12 100010010000
12 100010010000
2 100010010000
4 100010010000
12 100010010000
12 100010010000
2 100010010000
4 100010010000
12 100010010000
12 100010010000
12 100010010000
12 100010010000
12 100010010000
12 100010010000
12 100010010000

12 100010010000
12 100010010000
12 100010010000
12 100010010000
12 100010010000
12 100010010000
7 100010010000
7 100010010000
4 100010010000
4 100010010000
5 100010010000
5 100010010000
7 100010010000
7 100010010000
12 100010010000
12 100010010000

11 100010010100
11 100010010100
12 100010010100
12 100010010100
7 100010010100
7 100010010100
7 100010010100
7 100010010100
12 100010010100
12 100010010100
12 100010010100
12 100010010100
12 100010010100
12 100010010100
12 100010010100
12 100010010100

12 100010010100
12 100010010100
12 100010010100
12 100010010100
12 100010010100
12 100010010100
0 100010010100
0 100010010100
4 100010010100
4 100010010100
5 100010010100
5 100010010100
7 100010010100
7 100010010100
12 100010010100
12 100010010100

7 100001000100
9 100001000100
12 100001000100
12 100001000100
5 100001000100
12 100001000100
5 100001000100
12 100001000100
12 100001000100
12 100001000100
12 100001000100
12 100001000100
12 100001000100
12 100001000100
12 100001000100
12 100001000100

12 100001000100
12 100001000100
12 100001000100
12 100001000100
12 100001000100
12 100001000100
0 100001000100
0 100001000100
5 100001000100
12 100001000100
12 100001000100
5 100001000100
12 100001000100
5 100001000100
12 100001000100
12 100001000100

8 100001001000
8 100001001000
12 100001001000
12 100001001000
12 100001001000
12 100001001000
7 100001001000
7 100001001000
5 100001001000
5 100001001000
12 100001001000
12 100001001000
12 100001001000
12 100001001000
5 100001001000
5 100001001000

0 100001001000
0 100001001000
0 100001001000
0 100001001000
0 100001001000
0 100001001000
0 100001001000
0 100001001000
0 100001001000
0 100001001000
0 100001001000
0 100001001000
0 100001001000
0 100001001000
0 100001001000
0 100001001000

2 001010010001
12 001010010001
12 001010010001
12 001010010001
12 001010010001
12 001010010001
12 001010010001
12 001010010001
12 001001000100
12 001001000100
11 001001000100
12 001001000100
12 001001000100
9 001001000100
12 001001000100
12 001001000100

7 100010010000
7 100010010000
12 100010010000
12 100010010000
12 100010010000
12 100010010000
12 100010010000
12 100010010000
4 001000100001
4 001000100001
2 001000100001
2 001000100001
0 001000100001
0 001000100001
12 001000100001
12 001000100001

11 100010010100
12 100010010100
12 100010010100
12 100010010100
12 100010010100
12 100010010100
9 100010010100
7 100010010100
11 100010010100
12 100010010100
12 100010010100
12 100010010100
12 100010010100
12 100010010100
12 100010010100
12 100010010100

12 100010010100
12 100010010100
12 100010010100
12 100010010100
12 100010010100
12 100010010100
12 100010010100
12 100010010100
12 100010010100
12 100010010100
12 100010010100
12 100010010100
12 100010010100
12 100010010100
9 100010010100
9 100010010100

2 000010010001
12 000010010001
12 000010010001
12 000010010001
12 000010010001
12 000010010001
12 000010010001
12 000010010001
4 001001000100
2 001001000100
0 001001000100
12 001001000100
12 001001000100
12 001001000100
7 001001000100
12 001001000100

5 100010010000
12 100010010000
4 100010010000
12 100010010000
12 100010010000
4 100010010000
12 100010010000
12 100010010000
4 001010010001
12 001010010001
12 001010010001
12 001010010001
2 001010010001
12 001010010001
12 001010010001
12 001010010001

11 100010010100
12 100010010100
12 100010010100
12 100010010100
12 100010010100
12 100010010100
9 100010010100
7 100010010100
11 100010010100
12 100010010100
12 100010010100
12 100010010100
12 100010010100
12 100010010100
12 100010010100
12 100010010100

12 100010010100
12 100010010100
12 100010010100
12 100010010100
12 100010010100
12 100010010100
12 100010010100
12 100010010100
12 100010010100
12 100010010100
9 100010010100
9 100010010100
0 100010010100
0 100010010100
12 100010010100
12 100010010100

4 100010010000
12 100010010000
12 100010010000
2 100010010000
4 100010010000
12 100010010000
12 100010010000
2 100010010000
4 100010010000
12 100010010000
12 100010010000
12 100010010000
12 100010010000
12 100010010000
12 100010010000
12 100010010000

12 100010010000
12 100010010000
12 100010010000
12 100010010000
12 100010010000
12 100010010000
12 100010010000
12 100010010000
4 100010010000
4 100010010000
5 100010010000
5 100010010000
7 100010010000
7 100010010000
7 100010010000
7 100010010000

11 100010010100
11 100010010100
11 100010010100
11 100010010100
7 100010010100
7 100010010100
7 100010010100
7 100010010100
12 100010010100
12 100010010100
12 100010010100
12 100010010100
12 100010010100
12 100010010100
12 100010010100
12 100010010100

12 100010010100
12 100010010100
7 100010010100
7 100010010100
4 100010010100
4 100010010100
12 100010010100
12 100010010100
4 100010010100
4 100010010100
5 100010010100
5 100010010100
7 100010010100
7 100010010100
7 100010010100
7 100010010100

7 100001000100
9 100001000100
12 100001000100
12 100001000100
5 100001000100
12 100001000100
12 100001000100
12 100001000100
12 100001000100
12 100001000100
12 100001000100
12 100001000100
12 100001000100
12 100001000100
12 100001000100
12 100001000100

12 100001000100
12 100001000100
12 100001000100
12 100001000100
12 100001000100
12 100001000100
0 100001000100
0 100001000100
12 100001000100
12 100001000100
5 100001000100
5 100001000100
12 100001000100
12 100001000100
12 100001000100
12 100001000100

12 100001001000
12 100001001000
7 100001001000
12 100001001000
12 100001001000
3 100001001000
12 100001001000
12 100001001000
0 100001001000
12 100001001000
12 100001001000
8 100001001000
12 100001001000
12 100001001000
7 100001001000
12 100001001000

5 100001001000
5 100001001000
5 100001001000
5 100001001000
5 100001001000
5 100001001000
5 100001001000
5 100001001000
5 100001001000
5 100001001000
5 100001001000
5 100001001000
5 100001001000
5 100001001000
5 100001001000
5 100001001000

2 001010010001
12 001010010001
2 001010010001
12 001010010001
12 001010010001
12 001010010001
12 001010010001
12 001010010001
12 001001000100
12 001001000100
11 001001000100
12 001001000100
12 001001000100
9 001001000100
12 001001000100
12 001001000100

7 100010010000
12 100010010000
12 100010010000
5 100010010000
12 100010010000
4 100010010000
12 100010010000
12 100010010000
4 001000100001
12 001000100001
2 001000100001
12 001000100001
0 001000100001
12 001000100001
12 001000100001
12 001000100001

11 100010010100
11 100010010100
12 100010010100
12 100010010100
12 100010010100
12 100010010100
12 100010010100
12 100010010100
12 100010010100
12 100010010100
0 100010010100
0 100010010100
11 100010010100
11 100010010100
0 100010010100
0 100010010100

11 100010010100
11 100010010100
11 100010010100
11 100010010100
11 100010010100
11 100010010100
11 100010010100
11 100010010100
11 100010010100
11 100010010100
11 100010010100
11 100010010100
11 100010010100
11 100010010100
11 100010010100
11 100010010100

12 000010010001
12 000010010001
2 000010010001
12 000010010001
12 000010010001
12 000010010001
12 000010010001
12 000010010001
12 001001000100
12 001001000100
11 001001000100
12 001001000100
12 001001000100
9 001001000100
12 001001000100
12 001001000100

7 100010010000
7 100010010000
7 100010010000
7 100010010000
12 100010010000
12 100010010000
12 100010010000
12 100010010000
4 001010010001
4 001010010001
4 001010010001
4 001010010001
2 001010010001
2 001010010001
2 001010010001
2 001010010001

11 100010010100
12 100010010100
12 100010010100
12 100010010100
12 100010010100
12 100010010100
9 100010010100
7 100010010100
11 100010010100
12 100010010100
12 100010010100
12 100010010100
12 100010010100
12 100010010100
12 100010010100
12 100010010100

12 100010010100
12 100010010100
12 100010010100
12 100010010100
12 100010010100
12 100010010100
0 100010010100
12 100010010100
12 100010010100
12 100010010100
9 100010010100
12 100010010100
12 100010010100
0 100010010100
12 100010010100
12 100010010100

4 101001000100
12 101001000100
12 101001000100
12 101001000100
12 101001000100
12 101001000100
12 101001000100
2 101001000100
4 101001000100
12 101001000100
12 101001000100
2 101001000100
4 101001000100
12 101001000100
12 101001000100
2 101001000100

12 101001000100
12 101001000100
12 101001000100
12 101001000100
12 101001000100
12 101001000100
12 101001000100
12 101001000100
12 101001000100
12 101001000100
9 101001000100
9 101001000100
12 101001000100
12 101001000100
0 101001000100
0 101001000100

9 001010010001
12 001010010001
12 001010010001
12 001010010001
2 001010010001
12 001010010001
12 001010010001
12 001010010001
12 001010010001
12 001010010001
12 001010010001
9 001010010001
11 001010010001
12 001010010001
12 001010010001
9 001010010001

12 001010010001
12 001010010001
12 001010010001
9 001010010001
12 001010010001
12 001010010001
12 001010010001
12 001010010001
12 001010010001
12 001010010001
7 001010010001
9 001010010001
12 001010010001
0 001010010001
12 001010010001
9 001010010001

0 101001000100
12 101001000100
12 101001000100
12 101001000100
12 101001000100
12 101001000100
12 101001000100
12 101001000100
0 101001000100
12 101001000100
12 101001000100
7 101001000100
9 101001000100
12 101001000100
12 101001000100
7 101001000100

12 101001000100
12 101001000100
12 101001000100
12 101001000100
0 101001000100
12 101001000100
12 101001000100
7 101001000100
9 101001000100
12 101001000100
12 101001000100
7 101001000100
9 101001000100
12 101001000100
12 101001000100
12 101001000100

0 100011000100
0 100011000100
12 100011000100
12 100011000100
9 100011000100
9 100011000100
0 100011000100
0 100011000100
12 001010010001
12 001010010001
7 001010010001
7 001010010001
9 001010010001
9 001010010001
0 001010010001
0 001010010001

12 001001000100
12 001001000100
12 001001000100
12 001001000100
7 001001000100
12 001001000100
12 001001000100
12 001001000100
9 001000010001
12 001000010001
12 001000010001
12 001000010001
0 001000010001
12 001000010001
12 001000010001
12 001000010001

12 101001000100
12 101001000100
12 101001000100
12 101001000100
12 101001000100
12 101001000100
12 101001000100
12 101001000100
12 101001000100
12 101001000100
12 101001000100
12 101001000100
12 101001000100
12 101001000100
12 101001000100
12 101001000100

12 101001000100
12 101001000100
12 101001000100
12 101001000100
12 101001000100
12 101001000100
12 101001000100
12 101001000100
12 101001000100
12 101001000100
12 101001000100
12 101001000100
12 101001000100
12 101001000100
12 101001000100
12 101001000100

12 010100010010
12 010100010010
7 010100010010
12 010100010010
12 010100010010
3 010100010010
12 010100010010
12 010100010010
12 010100010010
12 010100010010
0 010100010010
12 010100010010
12 010100010010
7 010100010010
5 010100010010
3 010100010010

4 101001000100
12 101001000100
0 101001000100
12 101001000100
12 101001000100
12 101001000100
12 101001000100
12 101001000100
12 101001000100
12 101001000100
7 101001000100
5 101001000100
3 101001000100
12 101001000100
12 101001000100
12 101001000100

12 000100010010
12 000100010010
12 000100010010
12 000100010010
12 000100010010
12 000100010010
12 000100010010
12 000100010010
12 000100010010
12 000100010010
12 000100010010
12 000100010010
12 000100010010
12 000100010010
12 000100010010
12 000100010010

12 000100010010
12 000100010010
12 000100010010
12 000100010010
12 000100010010
12 000100010010
12 000100010010
12 000100010010
7 000100010010
7 000100010010
9 000100010010
9 000100010010
0 000100010010
0 000100010010
9 000100010010
9 000100010010

0 100001000100
0 100001000100
12 100001000100
12 100001000100
9 100001000100
9 100001000100
0 100001000100
0 100001000100
12 001010010001
12 001010010001
7 001010010001
7 001010010001
9 001010010001
9 001010010001
0 001010010001
0 001010010001

12 001001000100
12 001001000100
12 001001000100
12 001001000100
7 001001000100
12 001001000100
12 001001000100
12 001001000100
9 001000010001
12 001000010001
12 001000010001
12 001000010001
0 001000010001
12 001000010001
12 001000010001
12 001000010001

4 100010010000
12 100010010000
12 100010010000
2 100010010000
4 100010010000
12 100010010000
12 100010010000
2 100010010000
4 100010010000
12 100010010000
12 100010010000
12 100010010000
12 100010010000
12 100010010000
12 100010010000
12 100010010000

12 100010010000
12 100010010000
12 100010010000
12 100010010000
12 100010010000
12 100010010000
12 100010010000
12 100010010000
4 100010010000
4 100010010000
5 100010010000
5 100010010000
7 100010010000
7 100010010000
12 100010010000
12 100010010000

11 100010010100
11 100010010100
11 100010010100
11 100010010100
7 100010010100
7 100010010100
7 100010010100
7 100010010100
12 100010010100
12 100010010100
12 100010010100
12 100010010100
12 100010010100
12 100010010100
12 100010010100
12 100010010100

12 100010010100
12 100010010100
7 100010010100
7 100010010100
4 100010010100
4 100010010100
12 100010010100
12 100010010100
4 100010010100
4 100010010100
5 100010010100
5 100010010100
7 100010010100
7 100010010100
7 100010010100
7 100010010100

9 100001000100
9 100001000100
9 100001000100
9 100001000100
5 100001000100
5 100001000100
5 100001000100
5 100001000100
12 100001000100
12 100001000100
12 100001000100
12 100001000100
12 100001000100
12 100001000100
12 100001000100
12 100001000100

12 100001000100
12 100001000100
12 100001000100
12 100001000100
12 100001000100
12 100001000100
12 100001000100
12 100001000100
5 100001000100
12 100001000100
5 100001000100
12 100001000100
12 100001000100
5 100001000100
12 100001000100
12 100001000100

12 100001001000
12 100001001000
12 100001001000
12 100001001000
12 100001001000
12 100001001000
7 100001001000
12 100001001000
12 100001001000
12 100001001000
12 100001001000
12 100001001000
5 100001001000
12 100001001000
7 100001001000
12 100001001000

12 100001001000
12 100001001000
12 100001001000
12 100001001000
12 100001001000
12 100001001000
12 100001001000
12 100001001000
12 100001001000
12 100001001000
12 100001001000
12 100001001000
12 100001001000
12 100001001000
12 100001001000
12 100001001000

2 001010010001
12 001010010001
12 001010010001
12 001010010001
12 001010010001
12 001010010001
12 001010010001
12 001010010001
12 001001000100
12 001001000100
11 001001000100
12 001001000100
12 001001000100
9 001001000100
12 001001000100
12 001001000100

7 100010010000
7 100010010000
12 100010010000
12 100010010000
12 100010010000
12 100010010000
12 100010010000
12 100010010000
4 001000100001
4 001000100001
2 001000100001
2 001000100001
0 001000100001
0 001000100001
12 001000100001
12 001000100001

11 100010010100
12 100010010100
12 100010010100
12 100010010100
12 100010010100
12 100010010100
9 100010010100
7 100010010100
11 100010010100
12 100010010100
12 100010010100
12 100010010100
12 100010010100
12 100010010100
12 100010010100
12 100010010100

12 100010010100
12 100010010100
12 100010010100
12 100010010100
12 100010010100
12 100010010100
12 100010010100
12 100010010100
12 100010010100
12 100010010100
12 100010010100
12 100010010100
12 100010010100
12 100010010100
12 100010010100
12 100010010100

12 000010010001
12 000010010001
12 000010010001
2 000010010001
12 000010010001
2 000010010001
12 000010010001
12 000010010001
12 001001000100
12 001001000100
11 001001000100
12 001001000100
12 001001000100
9 001001000100
12 001001000100
12 001001000100

7 100010010000
7 100010010000
12 100010010000
12 100010010000
5 100010010000
5 100010010000
12 100010010000
12 100010010000
5 001010010001
5 001010010001
4 001010010001
4 001010010001
4 001010010001
4 001010010001
12 001010010001
12 001010010001

11 100010010100
12 100010010100
12 100010010100
12 100010010100
12 100010010100
12 100010010100
9 100010010100
7 100010010100
11 100010010100
12 100010010100
12 100010010100
12 100010010100
12 100010010100
12 100010010100
12 100010010100
12 100010010100

12 100010010100
12 100010010100
9 100010010100
9 100010010100
0 100010010100
0 100010010100
9 100010010100
9 100010010100
0 100010010100
0 100010010100
7 100010010100
7 100010010100
9 100010010100
9 100010010100
12 100010010100
12 100010010100

4 101001000100
12 101001000100
12 101001000100
12 101001000100
12 101001000100
12 101001000100
12 101001000100
2 101001000100
4 101001000100
12 101001000100
12 101001000100
2 101001000100
4 101001000100
12 101001000100
12 101001000100
2 101001000100

12 101001000100
12 101001000100
12 101001000100
12 101001000100
12 101001000100
12 101001000100
9 101001000100
7 101001000100
9 101001000100
12 101001000100
0 101001000100
12 101001000100
0 101001000100
12 101001000100
9 101001000100
12 101001000100

2 001010010001
12 001010010001
12 001010010001
12 001010010001
12 001010010001
12 001010010001
12 001010010001
12 001010010001
11 001010010001
12 001010010001
12 001010010001
9 001010010001
11 001010010001
12 001010010001
12 001010010001
9 001010010001

12 001010010001
12 001010010001
12 001010010001
12 001010010001
12 001010010001
12 001010010001
12 001010010001
12 001010010001
7 001010010001
7 001010010001
9 001010010001
9 001010010001
0 001010010001
0 001010010001
9 001010010001
9 001010010001

0 101001000100
12 101001000100
12 101001000100
12 101001000100
12 101001000100
12 101001000100
12 101001000100
12 101001000100
0 101001000100
12 101001000100
12 101001000100
7 101001000100
9 101001000100
12 101001000100
12 101001000100
7 101001000100

12 101001000100
12 101001000100
12 101001000100
12 101001000100
0 101001000100
12 101001000100
12 101001000100
7 101001000100
9 101001000100
12 101001000100
12 101001000100
7 101001000100
9 101001000100
12 101001000100
12 101001000100
12 101001000100

0 100011000100
0 100011000100
12 100011000100
12 100011000100
9 100011000100
9 100011000100
0 100011000100
0 100011000100
12 001010010001
12 001010010001
7 001010010001
7 001010010001
9 001010010001
9 001010010001
0 001010010001
0 001010010001

12 001001000100
12 001001000100
12 001001000100
12 001001000100
12 001001000100
12 001001000100
12 001001000100
12 001001000100
12 001000010001
12 001000010001
12 001000010001
12 001000010001
12 001000010001
12 001000010001
12 001000010001
12 001000010001

