6 100100010000
6 100100010000
6 100100010000
5 100100010000
5 100100010000
5 100100010000
3 100100010000
3 100100010000
5 100100010000
5 100100010000
5 100100010000
0 100100010000
0 100100010000
0 100100010000
0 100100010000
0 100100010000

0 100100010000
12 100100010000
12 100100010000
12 100100010000
3 100100010000
3 100100010000
5 100100010000
3 100100010000
6 100100010000
3 100100010000
6 100100010000
3 100100010000
5 100100010000
3 100100010000
0 100100010000
12 100100010000

12 100011001000
12 100011001000
12 100011001000
12 100011001000
12 100011001000
12 100011001000
12 100011001000
12 100011001000
12 100011001000
12 100011001000
12 100011001000
12 100011001000
12 100011001000
12 100011001000
12 100011001000
12 100011001000

3 100100010000
12 100100010000
12 100100010000
12 100100010000
0 100100010000
12 100100010000
12 100100010000
12 100100010000
7 100100010000
7 100100010000
5 100100010000
7 100100010000
10 100100010000
12 100100010000
12 100100010000
12 100100010000

12 100100010000
12 100100010000
12 100100010000
12 100100010000
12 100100010000
12 100100010000
12 100100010000
12 100100010000
12 100100010000
12 100100010000
12 100100010000
12 100100010000
12 100100010000
12 100100010000
12 100100010000
12 100100010000

12 100100010000
12 100100010000
12 100100010000
12 100100010000
12 100100010000
12 100100010000
12 100100010000
12 100100010000
12 100100010000
12 100100010000
12 100100010000
12 100100010000
12 100100010000
12 100100010000
12 100100010000
12 100100010000

12 100100101000
12 100100101000
12 100100101000
12 100100101000
12 100100101000
12 100100101000
12 100100101000
12 100100101000
12 001001010001
12 001001010001
12 001001010001
12 001001010001
12 001001010001
12 001001010001
12 001001010001
12 001001010001

12 100100010000
12 100100010000
12 100100010000
12 100100010000
12 100100010000
12 100100010000
12 100100010000
12 100100010000
6 100100010000
5 100100010000
3 100100010000
3 100100010000
5 100100010000
12 100100010000
0 100100010000
12 100100010000

0 100100101000
0 100100101000
0 100100101000
0 100100101000
0 100100101000
0 100100101000
0 100100101000
0 100100101000
0 001001010001
0 001001010001
0 001001010001
0 001001010001
0 001001010001
0 001001010001
0 001001010001
0 001001010001

12 100100010000
12 100100010000
12 100100010000
12 100100010000
12 100100010000
12 100100010000
3 100100010000
3 100100010000
0 100100010000
0 100100010000
12 100100010000
12 100100010000
5 100100010000
12 100100010000
3 100100010000
12 100100010000

3 000100010010
12 000100010010
0 000100010010
10 000100010010
10 000100010010
0 000100010010
3 000100010010
12 000100010010
12 000100010010
12 000100010010
12 000100010010
12 000100010010
12 000100010010
12 000100010010
10 000100010010
0 000100010010

12 010100010010
0 010100010010
10 010100010010
12 010100010010
0 010100010010
12 010100010010
12 010100010010
12 010100010010
12 010100010010
12 010100010010
12 010100010010
12 010100010010
12 010100010010
12 010100010010
6 010100010010
3 010100010010

12 100100010000
5 100100010000
12 100100010000
3 100100010000
0 100100010000
0 100100010000
12 100100010000
0 100100010000
12 001001000010
12 001001000010
12 001001000010
12 001001000010
12 001001000010
12 001001000010
0 001001000010
12 001001000010

12 100100010000
12 100100010000
12 100100010000
12 100100010000
12 100100010000
12 100100010000
12 100100010000
12 100100010000
12 001001000010
12 001001000010
12 001001000010
12 001001000010
6 001001000010
5 001001000010
3 001001000010
12 001001000010

3 100100010000
3 100100010000
12 100100010000
12 100100010000
12 100100010000
12 100100010000
12 100100010000
12 100100010000
12 001001000010
12 001001000010
12 001001000010
12 001001000010
12 001001000010
12 001001000010
10 001001000010
10 001001000010

6 010000100010
12 010000100010
3 010000100010
12 010000100010
3 100001001000
12 100001001000
0 100001001000
10 100001001000
10 000100010010
0 000100010010
3 000100010010
12 000100010010
12 000100010010
12 000100010010
3 000100010010
12 000100010010

12 010000100010
12 010000100010
12 010000100010
12 010000100010
12 100001001000
12 100001001000
12 100001001000
12 100001001000
12 000100010010
12 000100010010
12 000100010010
12 000100010010
1 000100010010
3 000100010010
12 000100010010
12 000100010010

12 000100010010
12 000100010010
12 000100010010
12 000100010010
12 000100010010
12 000100010010
12 000100010010
12 000100010010
12 000100010010
12 000100010010
6 000100010010
5 000100010010
12 000100010010
5 000100010010
3 000100010010
3 000100010010

12 010100010010
12 010100010010
12 010100010010
12 010100010010
12 010100010010
12 010100010010
12 010100010010
12 010100010010
12 010100010010
12 010100010010
12 010100010010
12 010100010010
12 010100010010
12 010100010010
12 010100010010
12 010100010010

12 100100010000
12 100100010000
12 100100010000
5 100100010000
12 100100010000
12 100100010000
3 100100010000
12 100100010000
5 001001000010
12 001001000010
12 001001000010
3 001001000010
0 001001000010
12 001001000010
0 001001000010
12 001001000010

12 100100010000
12 100100010000
12 100100010000
12 100100010000
12 100100010000
12 100100010000
12 100100010000
12 100100010000
12 001001000010
12 001001000010
12 001001000010
12 001001000010
12 001001000010
12 001001000010
12 001001000010
12 001001000010

3 100100010000
3 100100010000
12 100100010000
12 100100010000
12 100100010000
12 100100010000
12 100100010000
12 100100010000
12 001001000010
12 001001000010
12 001001000010
12 001001000010
7 001001000010
7 001001000010
7 001001000010
7 001001000010

10 010000100010
12 010000100010
12 010000100010
12 010000100010
5 100001001000
12 100001001000
3 100001001000
12 100001001000
3 000100010010
12 000100010010
12 000100010010
12 000100010010
12 000100010010
12 000100010010
1 000100010010
3 000100010010

12 010000100010
12 010000100010
12 010000100010
12 010000100010
12 100001001000
12 100001001000
12 100001001000
12 100001001000
12 000100010010
12 000100010010
12 000100010010
12 000100010010
12 000100010010
12 000100010010
12 000100010010
12 000100010010

12 010000100010
12 010000100010
12 010000100010
12 010000100010
12 100001001000
12 100001001000
12 100001001000
12 100001001000
12 000100010010
12 000100010010
12 000100010010
12 000100010010
12 000100010010
12 000100010010
12 000100010010
12 000100010010

12 100100101000
12 100100101000
12 100100101000
12 100100101000
12 100100101000
12 100100101000
12 100100101000
12 100100101000
12 001001010001
12 001001010001
12 001001010001
12 001001010001
12 001001010001
12 001001010001
6 001001010001
12 001001010001

12 100100010000
0 100100010000
12 100100010000
12 100100010000
12 100100010000
12 100100010000
12 100100010000
12 100100010000
12 100100010000
12 100100010000
0 100100010000
12 100100010000
12 100100010000
12 100100010000
12 100100010000
12 100100010000

12 100100101000
12 100100101000
12 100100101000
12 100100101000
12 100100101000
12 100100101000
12 100100101000
6 100100101000
5 001001010001
3 001001010001
3 001001010001
3 001001010001
12 001001010001
12 001001010001
5 001001010001
12 001001010001

0 100100010000
12 100100010000
12 100100010000
0 100100010000
12 100100010000
12 100100010000
12 100100010000
12 100100010000
12 100100010000
12 100100010000
12 100100010000
12 100100010000
12 100100010000
12 100100010000
12 100100010000
12 100100010000

12 100100010000
12 100100010000
12 100100010000
12 100100010000
12 100100010000
12 100100010000
12 100100010000
12 100100010000
12 100100010000
12 100100010000
12 100100010000
12 100100010000
12 100100010000
12 100100010000
12 100100010000
12 100100010000

12 100100010000
12 100100010000
12 100100010000
12 100100010000
12 100100010000
12 100100010000
12 100100010000
12 100100010000
12 100100010000
12 100100010000
12 100100010000
12 100100010000
12 100100010000
12 100100010000
12 100100010000
12 100100010000

12 100100010000
12 100100010000
12 100100010000
12 100100010000
12 100100010000
12 100100010000
12 100100010000
12 100100010000
12 100100010000
12 100100010000
12 100100010000
12 100100010000
12 100100010000
12 100100010000
12 100100010000
12 100100010000

12 100100010000
12 100100010000
12 100100010000
12 100100010000
12 100100010000
12 100100010000
12 100100010000
12 100100010000
12 100100010000
12 100100010000
12 100100010000
12 100100010000
12 100100010000
12 100100010000
12 100100010000
12 100100010000

12 100100010000
12 100100010000
12 100100010000
12 100100010000
12 100100010000
12 100100010000
12 100100010000
12 100100010000
12 100100010000
12 100100010000
12 100100010000
12 100100010000
12 100100010000
12 100100010000
12 100100010000
12 100100010000

12 100100010000
12 100100010000
12 100100010000
12 100100010000
12 100100010000
12 100100010000
12 100100010000
12 100100010000
12 100100010000
12 100100010000
12 100100010000
12 100100010000
12 100100010000
12 100100010000
12 100100010000
12 100100010000

12 100100010000
12 100100010000
12 100100010000
12 100100010000
12 100100010000
12 100100010000
12 100100010000
12 100100010000
12 100100010000
12 100100010000
12 100100010000
12 100100010000
12 100100010000
12 100100010000
12 100100010000
12 100100010000

12 100100010000
12 100100010000
12 100100010000
12 100100010000
12 100100010000
12 100100010000
12 100100010000
12 100100010000
3 100100010000
3 100100010000
3 100100010000
3 100100010000
3 100100010000
3 100100010000
0 100100010000
0 100100010000

12 100100101000
12 100100101000
12 100100101000
12 100100101000
12 100100101000
12 100100101000
12 100100101000
6 100100101000
5 001001010001
12 001001010001
3 001001010001
3 001001010001
12 001001010001
5 001001010001
12 001001010001
0 001001010001

12 100100010000
0 100100010000
12 100100010000
12 100100010000
12 100100010000
12 100100010000
12 100100010000
12 100100010000
12 100100010000
12 100100010000
0 100100010000
12 100100010000
12 100100010000
12 100100010000
12 100100010000
12 100100010000

12 100100101000
12 100100101000
12 100100101000
12 100100101000
12 100100101000
12 100100101000
12 100100101000
6 100100101000
5 001001010001
3 001001010001
3 001001010001
12 001001010001
12 001001010001
12 001001010001
5 001001010001
12 001001010001

0 100100010000
0 100100010000
12 100100010000
12 100100010000
12 100100010000
12 100100010000
12 100100010000
12 100100010000
12 100100010000
12 100100010000
12 100100010000
12 100100010000
10 100100010000
12 100100010000
5 100100010000
12 100100010000

5 000100010010
12 000100010010
12 000100010010
3 000100010010
3 000100010010
12 000100010010
12 000100010010
12 000100010010
12 000100010010
12 000100010010
12 000100010010
12 000100010010
12 000100010010
12 000100010010
10 000100010010
0 000100010010

12 010100010010
3 010100010010
12 010100010010
1 010100010010
3 010100010010
12 010100010010
12 010100010010
12 010100010010
12 010100010010
12 010100010010
12 010100010010
12 010100010010
12 010100010010
12 010100010010
7 010100010010
3 010100010010

5 100100010000
12 100100010000
0 100100010000
0 100100010000
12 100100010000
0 100100010000
12 100100010000
12 100100010000
12 001001000010
12 001001000010
12 001001000010
12 001001000010
12 001001000010
12 001001000010
0 001001000010
12 001001000010

12 100100010000
12 100100010000
12 100100010000
12 100100010000
12 100100010000
12 100100010000
12 100100010000
12 100100010000
12 001001000010
12 001001000010
10 001001000010
10 001001000010
5 001001000010
5 001001000010
3 001001000010
3 001001000010

3 100100010000
3 100100010000
3 100100010000
3 100100010000
12 100100010000
12 100100010000
12 100100010000
12 100100010000
12 001001000010
12 001001000010
12 001001000010
12 001001000010
7 001001000010
7 001001000010
7 001001000010
7 001001000010

10 010000100010
10 010000100010
10 010000100010
10 010000100010
5 100001001000
5 100001001000
3 100001001000
3 100001001000
3 000100010010
3 000100010010
12 000100010010
12 000100010010
12 000100010010
12 000100010010
3 000100010010
3 000100010010

12 010000100010
12 010000100010
12 010000100010
12 010000100010
12 100001001000
12 100001001000
12 100001001000
12 100001001000
12 000100010010
12 000100010010
3 000100010010
3 000100010010
12 000100010010
12 000100010010
12 000100010010
12 000100010010

12 010000100010
12 010000100010
12 010000100010
12 010000100010
12 100001001000
12 100001001000
12 100001001000
12 100001001000
0 000100010010
6 000100010010
12 000100010010
5 000100010010
12 000100010010
3 000100010010
3 000100010010
12 000100010010

12 100100101000
12 100100101000
12 100100101000
12 100100101000
12 100100101000
12 100100101000
12 100100101000
6 100100101000
5 001001010001
12 001001010001
3 001001010001
3 001001010001
12 001001010001
12 001001010001
5 001001010001
12 001001010001

0 100100010000
0 100100010000
12 100100010000
12 100100010000
12 100100010000
12 100100010000
12 100100010000
12 100100010000
12 100100010000
12 100100010000
0 100100010000
12 100100010000
7 100100010000
12 100100010000
7 100100010000
12 100100010000

12 100100101000
12 100100101000
12 100100101000
12 100100101000
12 100100101000
12 100100101000
6 100100101000
12 100100101000
5 001001010001
3 001001010001
3 001001010001
3 001001010001
12 001001010001
12 001001010001
12 001001010001
5 001001010001

12 100100010000
0 100100010000
0 100100010000
12 100100010000
12 100100010000
12 100100010000
12 100100010000
12 100100010000
12 100100010000
12 100100010000
12 100100010000
12 100100010000
12 100100010000
12 100100010000
12 100100010000
12 100100010000

12 100100010000
12 100100010000
12 100100010000
12 100100010000
12 100100010000
12 100100010000
12 100100010000
12 100100010000
12 100100010000
12 100100010000
12 100100010000
12 100100010000
12 100100010000
12 100100010000
12 100100010000
12 100100010000

12 100100010000
12 100100010000
12 100100010000
12 100100010000
12 100100010000
12 100100010000
12 100100010000
12 100100010000
10 100100010000
10 100100010000
7 100100010000
7 100100010000
7 100100010000
7 100100010000
5 100100010000
5 100100010000

5 100100010000
5 100100010000
3 100100010000
3 100100010000
12 100100010000
12 100100010000
12 100100010000
12 100100010000
12 100100010000
12 100100010000
12 100100010000
12 100100010000
12 100100010000
12 100100010000
12 100100010000
12 100100010000

12 100100010000
12 100100010000
12 100100010000
12 100100010000
12 100100010000
12 100100010000
12 100100010000
12 100100010000
12 100100010000
12 100100010000
12 100100010000
12 100100010000
3 100100010000
3 100100010000
0 100100010000
0 100100010000

6 100100010000
5 100100010000
5 100100010000
12 100100010000
12 100100010000
12 100100010000
12 100100010000
12 100100010000
12 100100010000
12 100100010000
12 100100010000
12 100100010000
12 100100010000
12 100100010000
0 100100010000
12 100100010000

12 100100010000
12 100100010000
12 100100010000
12 100100010000
12 100100010000
12 100100010000
12 100100010000
12 100100010000
5 100100010000
5 100100010000
3 100100010000
3 100100010000
5 100100010000
5 100100010000
3 100100010000
3 100100010000

6 100100010000
5 100100010000
12 100100010000
5 100100010000
12 100100010000
3 100100010000
0 100100010000
12 100100010000
12 100100010000
12 100100010000
12 100100010000
12 100100010000
12 100100010000
12 100100010000
12 100100010000
12 100100010000

12 100100010000
12 100100010000
12 100100010000
12 100100010000
12 100100010000
12 100100010000
12 100100010000
12 100100010000
3 100100010000
3 100100010000
3 100100010000
3 100100010000
5 100100010000
5 100100010000
3 100100010000
3 100100010000

5 100100010000
7 100100010000
12 100100010000
12 100100010000
5 100100010000
7 100100010000
12 100100010000
12 100100010000
12 100100010000
12 100100010000
12 100100010000
12 100100010000
12 100100010000
12 100100010000
0 100100010000
12 100100010000

12 100100010000
12 100100010000
12 100100010000
12 100100010000
12 100100010000
12 100100010000
12 100100010000
12 100100010000
3 100100010000
5 100100010000
5 100100010000
12 100100010000
5 100100010000
12 100100010000
5 100100010000
12 100100010000

5 100100010000
12 100100010000
12 100100010000
5 100100010000
12 100100010000
3 100100010000
0 100100010000
12 100100010000
12 100100010000
12 100100010000
12 100100010000
12 100100010000
12 100100010000
12 100100010000
12 100100010000
12 100100010000

12 100100010000
12 100100010000
12 100100010000
12 100100010000
12 100100010000
12 100100010000
12 100100010000
12 100100010000
10 100100010000
10 100100010000
10 100100010000
10 100100010000
12 100100010000
12 100100010000
0 100100010000
0 100100010000

7 100100010000
10 100100010000
7 100100010000
12 100100010000
12 100100010000
12 100100010000
12 100100010000
12 100100010000
12 100100010000
12 100100010000
12 100100010000
12 100100010000
12 100100010000
12 100100010000
12 100100010000
12 100100010000

12 100100010000
12 100100010000
12 100100010000
12 100100010000
12 100100010000
12 100100010000
12 100100010000
12 100100010000
12 100100010000
12 100100010000
7 100100010000
3 100100010000
5 100100010000
5 100100010000
12 100100010000
12 100100010000

12 100100010000
12 100100010000
12 100100010000
12 100100010000
12 100100010000
12 100100010000
12 100100010000
12 100100010000
12 100100010000
12 100100010000
12 100100010000
12 100100010000
12 100100010000
12 100100010000
12 100100010000
12 100100010000

12 100100010000
12 100100010000
5 100100010000
5 100100010000
5 100100010000
12 100100010000
12 100100010000
12 100100010000
0 100100010000
12 100100010000
12 100100010000
12 100100010000
12 100100010000
12 100100010000
10 100100010000
12 100100010000

0 100100010000
0 100100010000
0 100100010000
0 100100010000
12 100100010000
12 100100010000
12 100100010000
12 100100010000
12 100100010000
12 100100010000
12 100100010000
12 100100010000
12 100100010000
12 100100010000
12 100100010000
12 100100010000

12 100100010000
12 100100010000
12 100100010000
12 100100010000
12 100100010000
12 100100010000
12 100100010000
12 100100010000
12 100100010000
12 100100010000
12 100100010000
12 100100010000
12 100100010000
12 100100010000
10 100100010000
10 100100010000

12 100100010000
7 100100010000
12 100100010000
5 100100010000
7 100100010000
5 100100010000
3 100100010000
12 100100010000
12 100100010000
12 100100010000
12 100100010000
12 100100010000
12 100100010000
12 100100010000
0 100100010000
12 100100010000

12 100100010000
12 100100010000
12 100100010000
12 100100010000
0 100100010000
0 100100010000
0 100100010000
0 100100010000
0 100100010000
0 100100010000
0 100100010000
0 100100010000
12 100100010000
12 100100010000
12 100100010000
12 100100010000

0 100100010000
0 100100010000
0 100100010000
0 100100010000
0 100100010000
0 100100010000
0 100100010000
0 100100010000
12 100100010000
12 100100010000
12 100100010000
12 100100010000
12 100100010000
12 100100010000
12 100100010000
12 100100010000

12 100100010000
12 100100010000
12 100100010000
12 100100010000
12 100100010000
12 100100010000
12 100100010000
12 100100010000
12 100100010000
12 100100010000
12 100100010000
12 100100010000
12 100100010000
12 100100010000
12 100100010000
12 100100010000

0 100100010000
0 100100010000
0 100100010000
0 100100010000
0 100100010000
0 100100010000
0 100100010000
0 100100010000
12 100100010000
12 100100010000
12 100100010000
12 100100010000
12 100100010000
12 100100010000
12 100100010000
12 100100010000

12 100100010000
12 100100010000
12 100100010000
12 100100010000
12 100100010000
12 100100010000
12 100100010000
12 100100010000
12 100100010000
12 100100010000
12 100100010000
12 100100010000
5 100100010000
5 100100010000
3 100100010000
3 100100010000

5 100100010000
5 100100010000
5 100100010000
5 100100010000
12 100100010000
12 100100010000
12 100100010000
12 100100010000
12 100100010000
12 100100010000
12 100100010000
12 100100010000
12 100100010000
12 100100010000
0 100100010000
0 100100010000

12 100100010000
12 100100010000
12 100100010000
12 100100010000
12 100100010000
12 100100010000
12 100100010000
12 100100010000
6 100100010000
5 100100010000
3 100100010000
12 100100010000
5 100100010000
12 100100010000
3 100100010000
12 100100010000

5 100100010000
5 100100010000
5 100100010000
5 100100010000
3 100100010000
3 100100010000
12 100100010000
12 100100010000
12 100100010000
12 100100010000
12 100100010000
12 100100010000
12 100100010000
12 100100010000
12 100100010000
12 100100010000

12 100100010000
12 100100010000
12 100100010000
12 100100010000
12 100100010000
12 100100010000
12 100100010000
12 100100010000
12 100100010000
12 100100010000
12 100100010000
12 100100010000
12 100100010000
12 100100010000
5 100100010000
5 100100010000

12 100100010000
3 100100010000
12 100100010000
12 100100010000
12 100100010000
12 100100010000
12 100100010000
12 100100010000
12 100100010000
12 100100010000
12 100100010000
12 100100010000
12 100100010000
12 100100010000
12 100100010000
12 100100010000

12 100100010000
12 100100010000
12 100100010000
12 100100010000
12 100100010000
12 100100010000
12 100100010000
12 100100010000
3 100100010000
3 100100010000
3 100100010000
3 100100010000
2 100100010000
2 100100010000
0 100100010000
0 100100010000

3 100100010000
3 100100010000
3 100100010000
3 100100010000
3 100100010000
3 100100010000
3 100100010000
3 100100010000
3 100100010000
3 100100010000
3 100100010000
3 100100010000
3 100100010000
3 100100010000
3 100100010000
3 100100010000

6 100100010000
5 100100010000
12 100100010000
5 100100010000
12 100100010000
3 100100010000
12 100100010000
12 100100010000
3 100100010000
12 100100010000
3 100100010000
12 100100010000
2 100100010000
12 100100010000
0 100100010000
12 100100010000

3 100100010000
3 100100010000
3 100100010000
3 100100010000
3 100100010000
3 100100010000
3 100100010000
3 100100010000
3 100100010000
3 100100010000
3 100100010000
3 100100010000
3 100100010000
3 100100010000
3 100100010000
3 100100010000

12 100100010000
3 100100010000
3 100100010000
12 100100010000
5 100100010000
3 100100010000
0 100100010000
12 100100010000
3 100100010000
12 100100010000
3 100100010000
12 100100010000
2 100100010000
12 100100010000
0 100100010000
12 100100010000

3 100100010000
3 100100010000
12 100100010000
12 100100010000
12 100100010000
12 100100010000
12 100100010000
12 100100010000
7 100100010000
7 100100010000
3 100100010000
3 100100010000
5 100100010000
5 100100010000
3 100100010000
3 100100010000

5 100100010000
5 100100010000
3 100100010000
3 100100010000
0 100100010000
0 100100010000
12 100100010000
12 100100010000
3 100100010000
3 100100010000
3 100100010000
3 100100010000
2 100100010000
2 100100010000
0 100100010000
0 100100010000

3 100100010000
3 100100010000
3 100100010000
3 100100010000
3 100100010000
3 100100010000
3 100100010000
3 100100010000
3 100100010000
3 100100010000
3 100100010000
3 100100010000
3 100100010000
3 100100010000
3 100100010000
3 100100010000

12 100100010000
12 100100010000
12 100100010000
12 100100010000
12 100100010000
12 100100010000
12 100100010000
12 100100010000
5 100100010000
5 100100010000
3 100100010000
3 100100010000
5 100100010000
5 100100010000
3 100100010000
3 100100010000

8 100100101000
8 100100101000
8 100100101000
8 100100101000
8 100100101000
8 100100101000
8 100100101000
8 100100101000
8 001001010001
8 001001010001
8 001001010001
8 001001010001
8 001001010001
8 001001010001
8 001001010001
8 001001010001

12 100100010000
12 100100010000
12 100100010000
12 100100010000
12 100100010000
12 100100010000
12 100100010000
12 100100010000
7 100100010000
5 100100010000
3 100100010000
12 100100010000
5 100100010000
12 100100010000
0 100100010000
12 100100010000

0 100100101000
0 100100101000
0 100100101000
0 100100101000
0 100100101000
0 100100101000
0 100100101000
0 100100101000
0 001001010001
0 001001010001
0 001001010001
0 001001010001
0 001001010001
0 001001010001
0 001001010001
0 001001010001

12 100100010000
12 100100010000
12 100100010000
12 100100010000
12 100100010000
12 100100010000
12 100100010000
12 100100010000
10 100100010000
10 100100010000
0 100100010000
0 100100010000
12 100100010000
12 100100010000
12 100100010000
12 100100010000

6 100100010000
3 100100010000
12 100100010000
5 100100010000
12 100100010000
3 100100010000
12 100100010000
12 100100010000
12 100100010000
12 100100010000
12 100100010000
12 100100010000
12 100100010000
12 100100010000
12 100100010000
12 100100010000

12 100100010000
12 100100010000
0 100100010000
0 100100010000
0 100100010000
0 100100010000
12 100100010000
12 100100010000
12 100100010000
12 100100010000
12 100100010000
12 100100010000
12 100100010000
12 100100010000
12 100100010000
12 100100010000

6 100100010000
12 100100010000
3 100100010000
5 100100010000
12 100100010000
3 100100010000
12 100100010000
12 100100010000
12 100100010000
12 100100010000
12 100100010000
12 100100010000
12 100100010000
12 100100010000
12 100100010000
12 100100010000

12 100100010000
12 100100010000
12 100100010000
12 100100010000
12 100100010000
12 100100010000
12 100100010000
12 100100010000
10 100100010000
10 100100010000
0 100100010000
0 100100010000
12 100100010000
12 100100010000
12 100100010000
12 100100010000

3 100100010000
3 100100010000
3 100100010000
3 100100010000
5 100100010000
5 100100010000
6 100100010000
6 100100010000
3 100100010000
3 100100010000
7 100100010000
7 100100010000
12 100100010000
12 100100010000
12 100100010000
12 100100010000

12 100100010000
12 100100010000
12 100100010000
12 100100010000
12 100100010000
12 100100010000
12 100100010000
12 100100010000
10 100100010000
10 100100010000
0 100100010000
0 100100010000
12 100100010000
12 100100010000
12 100100010000
12 100100010000

6 100100010000
6 100100010000
3 100100010000
3 100100010000
3 100100010000
3 100100010000
5 100100010000
5 100100010000
3 100100010000
3 100100010000
0 100100010000
0 100100010000
12 100100010000
12 100100010000
12 100100010000
12 100100010000

12 100100010000
12 100100010000
12 100100010000
12 100100010000
12 100100010000
12 100100010000
12 100100010000
12 100100010000
12 100100010000
12 100100010000
12 100100010000
12 100100010000
12 100100010000
12 100100010000
12 100100010000
12 100100010000

10 100100010000
10 100100010000
10 100100010000
10 100100010000
10 100100010000
10 100100010000
0 100100010000
0 100100010000
12 100100010000
12 100100010000
12 100100010000
12 100100010000
12 100100010000
12 100100010000
12 100100010000
12 100100010000

12 100100010000
12 100100010000
12 100100010000
12 100100010000
12 100100010000
12 100100010000
12 100100010000
12 100100010000
12 100100010000
12 100100010000
12 100100010000
12 100100010000
12 100100010000
12 100100010000
12 100100010000
12 100100010000

10 100100010000
12 100100010000
10 100100010000
12 100100010000
5 100100010000
12 100100010000
7 100100010000
5 100100010000
12 100100010000
5 100100010000
12 100100010000
3 100100010000
12 100100010000
12 100100010000
0 100100010000
12 100100010000

12 100100010000
12 100100010000
12 100100010000
12 100100010000
3 100100010000
3 100100010000
5 100100010000
3 100100010000
6 100100010000
3 100100010000
0 100100010000
12 100100010000
0 100100010000
12 100100010000
12 100100010000
12 100100010000

0 100100010000
0 100100010000
0 100100010000
0 100100010000
0 100100010000
0 100100010000
0 100100010000
0 100100010000
0 100100010000
0 100100010000
0 100100010000
0 100100010000
0 100100010000
0 100100010000
0 100100010000
0 100100010000

12 100100010000
12 100100010000
5 100100010000
3 100100010000
5 100100010000
3 100100010000
3 100100010000
5 100100010000
12 100100010000
12 100100010000
12 100100010000
12 100100010000
12 100100010000
12 100100010000
12 100100010000
12 100100010000

0 100100010000
0 100100010000
0 100100010000
0 100100010000
0 100100010000
0 100100010000
0 100100010000
0 100100010000
0 100100010000
0 100100010000
0 100100010000
0 100100010000
0 100100010000
0 100100010000
0 100100010000
0 100100010000

12 100100010000
12 100100010000
3 100100010000
3 100100010000
6 100100010000
12 100100010000
3 100100010000
5 100100010000
12 100100010000
0 100100010000
0 100100010000
12 100100010000
12 100100010000
12 100100010000
5 100100010000
12 100100010000

12 100100010000
12 100100010000
7 100100010000
7 100100010000
12 100100010000
12 100100010000
12 100100010000
12 100100010000
12 100100010000
12 100100010000
12 100100010000
12 100100010000
12 100100010000
12 100100010000
12 100100010000
12 100100010000

12 100100010000
12 100100010000
12 100100010000
12 100100010000
12 100100010000
12 100100010000
12 100100010000
5 100100010000
12 100100010000
7 100100010000
5 100100010000
3 100100010000
12 100100010000
5 100100010000
6 100100010000
5 100100010000

3 100100010000
12 100100010000
0 100100010000
12 100100010000
12 100100010000
12 100100010000
12 100100010000
12 100100010000
12 100100010000
12 100100010000
3 100100010000
3 100100010000
6 100100010000
12 100100010000
3 100100010000
5 100100010000

12 100100010000
0 100100010000
0 100100010000
12 100100010000
12 100100010000
12 100100010000
12 100100010000
12 100100010000
12 100100010000
12 100100010000
10 100100010000
12 100100010000
10 100100010000
12 100100010000
12 100100010000
12 100100010000

12 100100010000
12 100100010000
12 100100010000
12 100100010000
12 100100010000
12 100100010000
12 100100010000
12 100100010000
12 100100010000
12 100100010000
12 100100010000
12 100100010000
12 100100010000
12 100100010000
12 100100010000
12 100100010000

