12 100010010000
12 100010010000
12 100010010000
12 100010010000
12 100010010000
12 100010010000
12 100010010000
12 100010010000
12 100010010000
12 100010010000
12 100010010000
12 100010010000
12 100010010000
12 100010010000
12 100010010000
12 100010010000

12 100010010000
12 100010010000
12 100010010000
12 100010010000
12 100010010000
12 100010010000
12 100010010000
12 100010010000
12 100010010000
12 100010010000
12 100010010000
12 100010010000
12 100010010000
12 100010010000
12 100010010000
12 100010010000

12 100010010000
12 100010010000
12 100010010000
12 100010010000
12 100010010000
12 100010010000
7 100010010000
12 100010010000
12 100010010000
0 100010010000
12 100010010000
12 100010010000
2 100010010000
12 100010010000
12 100010010000
4 100010010000

0 001000010001
0 001000010001
2 001000010001
2 001000010001
12 001000010001
12 001000010001
7 001000010001
7 001000010001
12 001000010001
12 001000010001
12 001000010001
12 001000010001
12 001000010001
12 001000010001
12 001000010001
12 001000010001

12 100010010100
12 100010010100
12 100010010100
4 100010010100
12 100010010100
7 100010010100
7 100010010100
12 100010010100
12 100010010100
7 100010010100
12 100010010100
12 100010010100
7 100010010100
12 100010010100
12 100010010100
7 100010010100

12 100010010000
12 100010010000
12 100010010000
12 100010010000
12 100010010000
12 100010010000
12 100010010000
12 100010010000
12 101001010101
12 101001010101
12 101001010101
12 101001010101
12 101001010101
12 101001010101
12 101001010101
12 101001010101

12 100010010000
12 100010010000
12 100010010000
0 100010010000
12 100010010000
12 100010010000
0 100010010000
12 100010010000
12 100010010000
0 100010010000
12 100010010000
12 100010010000
2 100010010000
12 100010010000
12 100010010000
4 100010010000

0 001000010001
0 001000010001
2 001000010001
2 001000010001
12 001000010001
12 001000010001
9 001000010001
9 001000010001
7 001000010001
7 001000010001
12 001000010001
12 001000010001
12 001000010001
12 001000010001
12 001000010001
12 001000010001

12 100010010100
12 100010010100
12 100010010100
4 100010010100
12 100010010100
7 100010010100
7 100010010100
12 100010010100
12 100010010100
7 100010010100
12 100010010100
12 100010010100
7 100010010100
12 100010010100
12 100010010100
7 100010010100

12 100010010000
12 100010010000
12 100010010000
12 100010010000
12 100010010000
12 100010010000
12 100010010000
12 100010010000
12 101001010101
12 101001010101
12 101001010101
12 101001010101
12 101001010101
12 101001010101
12 101001010101
12 101001010101

12 100010010000
12 100010010000
12 100010010000
12 100010010000
12 100010010000
12 100010010000
0 100010010000
12 100010010000
7 100010010000
9 100010010000
12 100010010000
12 100010010000
0 100010010000
12 100010010000
12 100010010000
0 100010010000

12 001000010001
12 001000010001
2 001000010001
4 001000010001
12 001000010001
4 001000010001
12 001000010001
12 001000010001
2 001000010001
12 001000010001
4 001000010001
2 001000010001
0 001000010001
2 001000010001
12 001000010001
12 001000010001

12 100010010100
12 100010010100
12 100010010100
4 100010010100
12 100010010100
7 100010010100
7 100010010100
12 100010010100
12 100010010100
7 100010010100
12 100010010100
12 100010010100
7 100010010100
12 100010010100
0 100010010100
0 100010010100

12 100010010000
12 100010010000
12 100010010000
12 100010010000
12 100010010000
12 100010010000
12 100010010000
12 100010010000
12 101001010101
12 101001010101
12 101001010101
12 101001010101
12 101001010101
12 101001010101
12 101001010101
12 101001010101

12 100010010000
12 100010010000
12 100010010000
0 100010010000
12 100010010000
7 100010010000
0 100010010000
12 100010010000
12 100010010000
0 100010010000
12 100010010000
12 100010010000
0 100010010000
12 100010010000
7 100010010000
9 100010010000

2 001000010001
12 001000010001
12 001000010001
4 001000010001
12 001000010001
4 001000010001
12 001000010001
12 001000010001
2 001000010001
12 001000010001
4 001000010001
2 001000010001
0 001000010001
2 001000010001
12 001000010001
12 001000010001

0 100010010100
12 100010010100
0 100010010100
12 100010010100
12 100010010100
12 100010010100
12 100010010100
12 100010010100
7 100010010100
9 100010010100
12 100010010100
12 100010010100
0 100010010100
12 100010010100
0 100010010100
9 100010010100

12 001010001001
2 001010001001
12 001010001001
2 001010001001
12 001010001001
12 001010001001
12 001010001001
12 001010001001
12 001010001001
12 001010001001
12 001010001001
12 001010001001
12 001010001001
12 001010001001
12 001010001001
0 001010001001

5 001001000010
12 001001000010
12 001001000010
12 001001000010
12 001001000010
12 001001000010
4 001001000010
12 001001000010
12 100001000100
2 100001000100
12 100001000100
0 100001000100
0 100001000100
12 100001000100
12 100001000100
12 100001000100

12 001001000010
12 001001000010
12 001001000010
5 001001000010
12 001001000010
12 001001000010
4 001001000010
12 001001000010
12 100001000100
2 100001000100
12 100001000100
0 100001000100
0 100001000100
12 100001000100
12 100001000100
12 100001000100

12 001000010001
12 001000010001
12 001000010001
12 001000010001
12 001000010001
12 001000010001
12 001000010001
12 001000010001
12 001000010001
12 001000010001
12 001000010001
12 001000010001
12 001000010001
12 001000010001
12 001000010001
12 001000010001

12 001000010001
12 001000010001
12 001000010001
12 001000010001
12 001000010001
12 001000010001
12 001000010001
12 001000010001
12 001000010001
12 001000010001
12 001000010001
12 001000010001
12 001000010001
12 001000010001
12 001000010001
12 001000010001

12 100010010000
12 100010010000
12 100010010000
12 100010010000
12 100010010000
12 100010010000
7 100010010000
12 100010010000
12 100010010000
0 100010010000
12 100010010000
12 100010010000
2 100010010000
12 100010010000
12 100010010000
4 100010010000

0 001000010001
12 001000010001
12 001000010001
2 001000010001
12 001000010001
12 001000010001
12 001000010001
12 001000010001
12 001000010001
11 001000010001
9 001000010001
7 001000010001
9 001000010001
12 001000010001
12 001000010001
12 001000010001

12 100010010100
12 100010010100
12 100010010100
4 100010010100
12 100010010100
7 100010010100
7 100010010100
12 100010010100
12 100010010100
12 100010010100
12 100010010100
7 100010010100
7 100010010100
12 100010010100
12 100010010100
7 100010010100

12 100010010000
12 100010010000
4 100010010000
4 100010010000
5 100010010000
5 100010010000
7 100010010000
7 100010010000
2 101001010101
2 101001010101
12 101001010101
12 101001010101
7 101001010101
7 101001010101
12 101001010101
12 101001010101

12 100010010000
12 100010010000
12 100010010000
12 100010010000
12 100010010000
12 100010010000
4 100010010000
12 100010010000
4 100010010000
2 100010010000
12 100010010000
12 100010010000
4 100010010000
12 100010010000
12 100010010000
2 100010010000

3 001000010001
12 001000010001
12 001000010001
2 001000010001
12 001000010001
2 001000010001
12 001000010001
12 001000010001
3 001000010001
2 001000010001
12 001000010001
12 001000010001
12 001000010001
12 001000010001
12 001000010001
12 001000010001

0 100010010100
12 100010010100
0 100010010100
2 100010010100
12 100010010100
9 100010010100
12 100010010100
12 100010010100
12 100010010100
12 100010010100
12 100010010100
12 100010010100
12 100010010100
12 100010010100
12 100010010100
3 100010010100

2 100001000100
2 100001000100
0 100001000100
9 100001000100
0 100001000100
0 100001000100
12 100001000100
12 100001000100
12 100001000100
12 100001000100
12 100001000100
12 100001000100
12 100001000100
12 100001000100
12 100001000100
12 100001000100

12 100010010000
12 100010010000
12 100010010000
7 100010010000
12 100010010000
7 100010010000
4 100010010000
12 100010010000
12 100010010000
4 100010010000
12 100010010000
12 100010010000
4 100010010000
12 100010010000
4 100010010000
3 100010010000

0 001000010001
12 001000010001
12 001000010001
2 001000010001
12 001000010001
12 001000010001
12 001000010001
12 001000010001
12 001000010001
11 001000010001
9 001000010001
7 001000010001
9 001000010001
12 001000010001
12 001000010001
12 001000010001

12 100010010100
12 100010010100
12 100010010100
12 100010010100
12 100010010100
7 100010010100
7 100010010100
12 100010010100
12 100010010100
7 100010010100
12 100010010100
7 100010010100
7 100010010100
12 100010010100
0 100010010100
12 100010010100

12 100010010000
12 100010010000
4 100010010000
4 100010010000
5 100010010000
5 100010010000
7 100010010000
7 100010010000
2 101001010101
2 101001010101
12 101001010101
12 101001010101
7 101001010101
7 101001010101
12 101001010101
12 101001010101

12 100010010000
12 100010010000
12 100010010000
12 100010010000
12 100010010000
7 100010010000
3 100010010000
12 100010010000
12 100010010000
2 100010010000
12 100010010000
0 100010010000
3 100010010000
12 100010010000
12 100010010000
2 100010010000

0 001000010001
12 001000010001
12 001000010001
2 001000010001
12 001000010001
12 001000010001
3 001000010001
12 001000010001
12 001000010001
2 001000010001
12 001000010001
0 001000010001
0 001000010001
12 001000010001
12 001000010001
2 001000010001

4 100010010100
12 100010010100
4 100010010100
2 100010010100
12 100010010100
0 100010010100
4 100010010100
12 100010010100
4 100010010100
2 100010010100
12 100010010100
12 100010010100
4 100010010100
12 100010010100
12 100010010100
3 100010010100

0 001010001001
2 001010001001
2 001010001001
12 001010001001
12 001010001001
12 001010001001
0 001010001001
12 001010001001
3 001010001001
2 001010001001
2 001010001001
12 001010001001
12 001010001001
12 001010001001
0 001010001001
12 001010001001

5 001001000010
12 001001000010
12 001001000010
12 001001000010
12 001001000010
12 001001000010
4 001001000010
12 001001000010
12 100001000100
2 100001000100
12 100001000100
0 100001000100
0 100001000100
12 100001000100
12 100001000100
12 100001000100

12 100010000100
12 100010000100
12 100010000100
4 100010000100
12 100010000100
12 100010000100
0 100010000100
12 100010000100
12 001000010001
2 001000010001
12 001000010001
12 001000010001
2 001000010001
12 001000010001
12 001000010001
12 001000010001

12 001000010001
12 001000010001
12 001000010001
12 001000010001
12 001000010001
12 001000010001
12 001000010001
12 001000010001
12 001000010001
12 001000010001
12 001000010001
12 001000010001
12 001000010001
12 001000010001
12 001000010001
12 001000010001

12 001000010001
12 001000010001
12 001000010001
12 001000010001
12 001000010001
12 001000010001
12 001000010001
12 001000010001
12 001000010001
12 001000010001
12 001000010001
12 001000010001
12 001000010001
12 001000010001
12 001000010001
12 001000010001

12 100010010000
12 100010010000
12 100010010000
12 100010010000
12 100010010000
12 100010010000
12 100010010000
12 100010010000
12 100010010000
12 100010010000
12 100010010000
12 100010010000
12 100010010000
12 100010010000
12 100010010000
12 100010010000

12 001000010001
12 001000010001
12 001000010001
12 001000010001
12 001000010001
12 001000010001
12 001000010001
12 001000010001
12 001000010001
12 001000010001
12 001000010001
12 001000010001
12 001000010001
12 001000010001
12 001000010001
12 001000010001

12 100010010100
12 100010010100
12 100010010100
12 100010010100
12 100010010100
12 100010010100
12 100010010100
12 100010010100
12 100010010100
12 100010010100
12 100010010100
12 100010010100
12 100010010100
12 100010010100
12 100010010100
12 100010010100

12 100010010000
12 100010010000
4 100010010000
4 100010010000
5 100010010000
5 100010010000
7 100010010000
7 100010010000
2 101001010101
2 101001010101
12 101001010101
12 101001010101
7 101001010101
7 101001010101
12 101001010101
12 101001010101

12 100010010000
12 100010010000
12 100010010000
12 100010010000
12 100010010000
12 100010010000
12 100010010000
12 100010010000
12 100010010000
12 100010010000
12 100010010000
12 100010010000
12 100010010000
12 100010010000
12 100010010000
12 100010010000

12 001000010001
12 001000010001
12 001000010001
12 001000010001
12 001000010001
12 001000010001
12 001000010001
12 001000010001
12 001000010001
12 001000010001
12 001000010001
12 001000010001
12 001000010001
12 001000010001
12 001000010001
12 001000010001

12 100010010100
12 100010010100
12 100010010100
12 100010010100
12 100010010100
12 100010010100
12 100010010100
12 100010010100
12 100010010100
12 100010010100
12 100010010100
12 100010010100
12 100010010100
12 100010010100
12 100010010100
12 100010010100

12 100010010000
12 100010010000
12 100010010000
12 100010010000
12 100010010000
12 100010010000
12 100010010000
12 100010010000
12 101001010101
12 101001010101
12 101001010101
12 101001010101
12 101001010101
12 101001010101
12 101001010101
12 101001010101

7 100010010000
12 100010010000
12 100010010000
4 100010010000
12 100010010000
2 100010010000
4 100010010000
12 100010010000
2 100010010000
2 100010010000
12 100010010000
0 100010010000
0 100010010000
12 100010010000
12 100010010000
0 100010010000

12 001000010001
12 001000010001
12 001000010001
0 001000010001
12 001000010001
9 001000010001
2 001000010001
12 001000010001
12 001000010001
7 001000010001
12 001000010001
12 001000010001
12 001000010001
12 001000010001
12 001000010001
12 001000010001

12 100010010100
12 100010010100
12 100010010100
5 100010010100
7 100010010100
12 100010010100
7 100010010100
12 100010010100
12 100010010100
7 100010010100
12 100010010100
12 100010010100
7 100010010100
12 100010010100
0 100010010100
0 100010010100

12 100010010000
12 100010010000
4 100010010000
4 100010010000
5 100010010000
5 100010010000
7 100010010000
7 100010010000
2 101001010101
2 101001010101
12 101001010101
12 101001010101
7 101001010101
7 101001010101
12 101001010101
12 101001010101

12 100010010000
12 100010010000
12 100010010000
4 100010010000
12 100010010000
12 100010010000
4 100010010000
12 100010010000
12 100010010000
4 100010010000
12 100010010000
3 100010010000
4 100010010000
12 100010010000
4 100010010000
2 100010010000

0 001000010001
0 001000010001
2 001000010001
2 001000010001
12 001000010001
12 001000010001
7 001000010001
7 001000010001
12 001000010001
12 001000010001
12 001000010001
12 001000010001
12 001000010001
12 001000010001
12 001000010001
12 001000010001

12 100010010100
12 100010010100
12 100010010100
7 100010010100
12 100010010100
7 100010010100
7 100010010100
12 100010010100
12 100010010100
7 100010010100
12 100010010100
7 100010010100
7 100010010100
12 100010010100
0 100010010100
5 100010010100

12 001010001001
12 001010001001
12 001010001001
12 001010001001
12 001010001001
12 001010001001
12 001010001001
12 001010001001
11 001010001001
12 001010001001
12 001010001001
12 001010001001
12 001010001001
12 001010001001
4 001010001001
5 001010001001

5 001001000010
12 001001000010
12 001001000010
12 001001000010
12 001001000010
12 001001000010
4 001001000010
12 001001000010
12 100001000100
2 100001000100
12 100001000100
0 100001000100
0 100001000100
12 100001000100
12 100001000100
12 100001000100

12 100010000100
12 100010000100
12 100010000100
4 100010000100
12 100010000100
12 100010000100
0 100010000100
12 100010000100
12 001000010001
2 001000010001
12 001000010001
12 001000010001
2 001000010001
12 001000010001
12 001000010001
12 001000010001

12 001000010001
12 001000010001
12 001000010001
12 001000010001
12 001000010001
12 001000010001
12 001000010001
12 001000010001
12 001000010001
12 001000010001
12 001000010001
12 001000010001
12 001000010001
12 001000010001
12 001000010001
12 001000010001

12 001001000010
12 001001000010
12 001001000010
5 001001000010
12 001001000010
12 001001000010
4 001001000010
12 001001000010
12 100001000100
2 100001000100
12 100001000100
0 100001000100
0 100001000100
12 100001000100
12 100001000100
12 100001000100

12 100010000100
12 100010000100
12 100010000100
0 100010000100
12 100010000100
12 100010000100
3 100010000100
12 100010000100
12 001000010001
2 001000010001
12 001000010001
12 001000010001
2 001000010001
12 001000010001
12 001000010001
12 001000010001

12 001000010001
12 001000010001
12 001000010001
12 001000010001
12 001000010001
12 001000010001
12 001000010001
12 001000010001
12 001000010001
12 001000010001
12 001000010001
12 001000010001
12 001000010001
12 001000010001
12 001000010001
12 001000010001

12 001001000010
12 001001000010
12 001001000010
5 001001000010
12 001001000010
12 001001000010
5 001001000010
12 001001000010
12 100001000100
5 100001000100
12 100001000100
4 100001000100
4 100001000100
12 100001000100
12 100001000100
0 100001000100

12 100010000100
12 100010000100
12 100010000100
3 100010000100
12 100010000100
12 100010000100
2 100010000100
12 100010000100
12 001000010001
2 001000010001
12 001000010001
12 001000010001
2 001000010001
12 001000010001
12 001000010001
12 001000010001

12 001000010001
12 001000010001
12 001000010001
12 001000010001
12 001000010001
12 001000010001
12 001000010001
12 001000010001
12 001000010001
12 001000010001
12 001000010001
12 001000010001
12 001000010001
12 001000010001
12 001000010001
12 001000010001

12 001001000010
12 001001000010
12 001001000010
12 001001000010
12 001001000010
12 001001000010
12 001001000010
12 001001000010
12 100001000100
12 100001000100
12 100001000100
12 100001000100
12 100001000100
12 100001000100
12 100001000100
12 100001000100

12 100010000100
12 100010000100
12 100010000100
12 100010000100
12 100010000100
12 100010000100
12 100010000100
12 100010000100
12 001000010001
12 001000010001
12 001000010001
12 001000010001
12 001000010001
12 001000010001
12 001000010001
12 001000010001

12 001000010001
12 001000010001
12 001000010001
12 001000010001
12 001000010001
12 001000010001
12 001000010001
12 001000010001
12 001000010001
12 001000010001
12 001000010001
12 001000010001
12 001000010001
12 001000010001
12 001000010001
12 001000010001

12 001001000010
12 001001000010
12 001001000010
12 001001000010
12 001001000010
12 001001000010
12 001001000010
12 001001000010
12 100001000100
12 100001000100
12 100001000100
12 100001000100
12 100001000100
12 100001000100
12 100001000100
12 100001000100

12 100010000100
12 100010000100
12 100010000100
12 100010000100
12 100010000100
12 100010000100
12 100010000100
12 100010000100
12 001000010001
12 001000010001
12 001000010001
12 001000010001
12 001000010001
12 001000010001
12 001000010001
12 001000010001

12 001000010001
12 001000010001
12 001000010001
12 001000010001
12 001000010001
12 001000010001
12 001000010001
12 001000010001
12 001000010001
12 001000010001
12 001000010001
12 001000010001
12 001000010001
12 001000010001
12 001000010001
12 001000010001

12 001001000010
12 001001000010
12 001001000010
12 001001000010
12 001001000010
12 001001000010
12 001001000010
12 001001000010
12 100001000100
12 100001000100
12 100001000100
12 100001000100
12 100001000100
12 100001000100
12 100001000100
12 100001000100

12 100010000100
12 100010000100
12 100010000100
12 100010000100
12 100010000100
12 100010000100
12 100010000100
12 100010000100
12 001000010001
12 001000010001
12 001000010001
12 001000010001
12 001000010001
12 001000010001
12 001000010001
12 001000010001

12 001000010001
12 001000010001
12 001000010001
12 001000010001
12 001000010001
12 001000010001
12 001000010001
12 001000010001
12 001000010001
12 001000010001
12 001000010001
12 001000010001
12 001000010001
12 001000010001
12 001000010001
12 001000010001

