12 001001010001
12 001001010001
12 001001010001
12 001001010001
12 001001010001
12 001001010001
12 001001010001
12 001001010001
5 001001010001
5 001001010001
5 001001010001
5 001001010001
12 001001010001
12 001001010001
3 001001010001
3 001001010001

2 100100010000
0 100100010000
12 100100010000
12 100100010000
12 100100010000
12 100100010000
12 100100010000
12 100100010000
12 100100010000
12 100100010000
12 100100010000
12 100100010000
12 100100010000
12 100100010000
12 100100010000
12 100100010000

12 100100010000
12 100100010000
12 100100010000
12 100100010000
0 100100010000
0 100100010000
10 100100010000
10 100100010000
0 100100010000
0 100100010000
0 100100010000
0 100100010000
12 100100010000
12 100100010000
12 100100010000
12 100100010000

10 100100010000
9 100100010000
7 100100010000
12 100100010000
12 100100010000
12 100100010000
12 100100010000
12 100100010000
12 100100010000
12 100100010000
12 100100010000
12 100100010000
12 100100010000
12 100100010000
12 100100010000
12 100100010000

12 100100010000
12 100100010000
12 100100010000
12 100100010000
12 100100010000
12 100100010000
12 100100010000
12 100100010000
5 100100010000
5 100100010000
5 100100010000
5 100100010000
12 100100010000
12 100100010000
12 100100010000
12 100100010000

3 100001000100
3 100001000100
3 100001000100
3 100001000100
3 100001000100
3 100001000100
3 100001000100
3 100001000100
3 100001000100
3 100001000100
3 100001000100
3 100001000100
3 100001000100
3 100001000100
3 100001000100
3 100001000100

12 100001000100
12 100001000100
12 100001000100
12 100001000100
0 100001000100
0 100001000100
9 100001000100
9 100001000100
0 100001000100
0 100001000100
0 100001000100
0 100001000100
12 100001000100
12 100001000100
12 100001000100
12 100001000100

10 100100010000
9 100100010000
7 100100010000
12 100100010000
12 100100010000
12 100100010000
12 100100010000
12 100100010000
12 100100010000
12 100100010000
12 100100010000
12 100100010000
12 100100010000
12 100100010000
12 100100010000
12 100100010000

12 100100010000
12 100100010000
12 100100010000
12 100100010000
12 100100010000
12 100100010000
12 100100010000
12 100100010000
5 100100010000
12 100100010000
5 100100010000
12 100100010000
12 100100010000
12 100100010000
3 100100010000
2 100100010000

0 001001010001
10 001001010001
7 001001010001
5 001001010001
3 001001010001
12 001001010001
12 001001010001
12 001001010001
12 001001010001
12 001001010001
12 001001010001
12 001001010001
12 001001010001
12 001001010001
12 001001010001
12 001001010001

12 100101000100
12 100101000100
12 100101000100
12 100101000100
0 100101000100
12 100101000100
10 100101000100
12 100101000100
0 100101000100
10 100101000100
0 100101000100
12 100101000100
0 100101000100
12 100101000100
12 100101000100
12 100101000100

10 100010010000
10 100010010000
10 100010010000
10 100010010000
10 100010010000
10 100010010000
10 100010010000
10 100010010000
10 100010010000
10 100010010000
10 100010010000
10 100010010000
10 100010010000
10 100010010000
10 100010010000
10 100010010000

12 100010010000
12 100010010000
12 100010010000
12 100010010000
12 001001010001
12 001001010001
12 001001010001
12 001001010001
12 001001010001
12 001001010001
5 001001010001
5 001001010001
5 001001010001
5 001001010001
3 001001010001
3 001001010001

2 100100010000
0 100100010000
12 100100010000
12 100100010000
12 100100010000
12 100100010000
12 100100010000
12 100100010000
12 100100010000
12 100100010000
12 100100010000
12 100100010000
12 100100010000
12 100100010000
12 100100010000
12 100100010000

12 100100010000
12 100100010000
10 100100010000
10 100100010000
0 100100010000
0 100100010000
10 100100010000
10 100100010000
0 100100010000
0 100100010000
12 100100010000
12 100100010000
10 100100010000
10 100100010000
3 100100010000
3 100100010000

12 100100010000
12 100100010000
12 100100010000
12 100100010000
12 100100010000
12 100100010000
12 100100010000
12 100100010000
12 100100010000
12 100100010000
12 100100010000
12 100100010000
12 100100010000
12 100100010000
12 100100010000
12 100100010000

12 100100010000
12 100100010000
12 100100010000
12 100100010000
12 100100010000
12 100100010000
12 100100010000
12 100100010000
5 100100010000
12 100100010000
5 100100010000
12 100100010000
12 100100010000
3 100100010000
2 100100010000
0 100100010000

12 100001000100
2 100001000100
12 100001000100
12 100001000100
12 100001000100
12 100001000100
12 100001000100
12 100001000100
12 100001000100
12 100001000100
12 100001000100
12 100001000100
12 100001000100
12 100001000100
12 100001000100
12 100001000100

12 100001000100
12 100001000100
12 100001000100
10 100001000100
7 100001000100
12 100001000100
3 100001000100
2 100001000100
0 100001000100
12 100001000100
9 100001000100
12 100001000100
12 100001000100
0 100001000100
0 100001000100
9 100001000100

7 100100010000
7 100100010000
7 100100010000
7 100100010000
7 100100010000
7 100100010000
7 100100010000
7 100100010000
7 100100010000
7 100100010000
7 100100010000
7 100100010000
7 100100010000
7 100100010000
7 100100010000
7 100100010000

12 100100010000
12 100100010000
12 100100010000
12 100100010000
12 100100010000
12 100100010000
12 100100010000
12 100100010000
5 100100010000
5 100100010000
5 100100010000
5 100100010000
12 100100010000
12 100100010000
12 100100010000
12 100100010000

3 001001010001
2 001001010001
0 001001010001
10 001001010001
7 001001010001
12 001001010001
12 001001010001
12 001001010001
12 001001010001
12 001001010001
12 001001010001
12 001001010001
12 001001010001
12 001001010001
12 001001010001
12 001001010001

12 100101000100
12 100101000100
12 100101000100
12 100101000100
0 100101000100
10 100101000100
12 100101000100
0 100101000100
10 100101000100
0 100101000100
12 100101000100
12 100101000100
0 100101000100
12 100101000100
12 100101000100
12 100101000100

0 100010010000
0 100010010000
0 100010010000
0 100010010000
0 100010010000
0 100010010000
0 100010010000
0 100010010000
0 100010010000
0 100010010000
0 100010010000
0 100010010000
0 100010010000
0 100010010000
0 100010010000
0 100010010000

12 100010010000
12 100010010000
12 100010010000
12 100010010000
12 001001010001
12 001001010001
12 001001010001
12 001001010001
12 001001010001
12 001001010001
12 001001010001
12 001001010001
0 001001010001
0 001001010001
0 001001010001
0 001001010001

0 100010010000
0 100010010000
12 100010010000
12 100010010000
12 100010010000
12 100010010000
12 100010010000
12 100010010000
12 100010010000
12 100010010000
10 100010010000
10 100010010000
0 100010010000
0 100010010000
10 100010010000
10 100010010000

2 100010010000
12 100010010000
12 100010010000
12 100010010000
12 100010010000
12 100010010000
12 100010010000
12 100010010000
12 100010010000
12 100010010000
3 100010010000
12 100010010000
12 100010010000
2 100010010000
0 100010010000
12 100010010000

0 100010010000
0 100010010000
12 100010010000
12 100010010000
10 100010010000
10 100010010000
7 100010010000
7 100010010000
0 100010010000
0 100010010000
10 100010010000
10 100010010000
0 100010010000
0 100010010000
9 100010010000
9 100010010000

12 100010010000
12 100010010000
12 100010010000
12 100010010000
12 100010010000
12 100010010000
12 100010010000
12 100010010000
12 100010010000
12 100010010000
7 100010010000
12 100010010000
5 100010010000
5 100010010000
5 100010010000
12 100010010000

3 100010010000
3 100010010000
0 100010010000
0 100010010000
12 100010010000
12 100010010000
12 100010010000
12 100010010000
12 100010010000
12 100010010000
9 100010010000
9 100010010000
0 100010010000
0 100010010000
9 100010010000
9 100010010000

0 100010010000
12 100010010000
9 100010010000
12 100010010000
12 100010010000
12 100010010000
12 100010010000
12 100010010000
0 100010010000
12 100010010000
12 100010010000
0 100010010000
12 100010010000
12 100010010000
12 100010010000
2 100010010000

12 100010010000
12 100010010000
12 100010010000
12 100010010000
0 100010010000
9 100010010000
0 100010010000
12 100010010000
9 100010010000
12 100010010000
12 100010010000
12 100010010000
0 100010010000
9 100010010000
0 100010010000
12 100010010000

9 100010010000
9 100010010000
12 100010010000
12 100010010000
12 100010010000
12 100010010000
12 100010010000
12 100010010000
5 100010010000
5 100010010000
5 100010010000
5 100010010000
12 100010010000
12 100010010000
3 100010010000
3 100010010000

2 100100010000
0 100100010000
12 100100010000
12 100100010000
12 100100010000
12 100100010000
12 100100010000
12 100100010000
12 100100010000
12 100100010000
12 100100010000
12 100100010000
12 100100010000
12 100100010000
12 100100010000
12 100100010000

12 100100010000
12 100100010000
12 100100010000
12 100100010000
0 100100010000
0 100100010000
9 100100010000
9 100100010000
0 100100010000
0 100100010000
0 100100010000
0 100100010000
12 100100010000
12 100100010000
12 100100010000
12 100100010000

9 100100010000
9 100100010000
7 100100010000
7 100100010000
12 100100010000
12 100100010000
12 100100010000
12 100100010000
12 100100010000
12 100100010000
12 100100010000
12 100100010000
12 100100010000
12 100100010000
12 100100010000
12 100100010000

12 100100010000
12 100100010000
12 100100010000
12 100100010000
12 100100010000
12 100100010000
12 100100010000
12 100100010000
5 100100010000
5 100100010000
5 100100010000
5 100100010000
12 100100010000
12 100100010000
3 100100010000
3 100100010000

2 100001000100
0 100001000100
12 100001000100
2 100001000100
12 100001000100
12 100001000100
12 100001000100
12 100001000100
12 100001000100
12 100001000100
12 100001000100
12 100001000100
12 100001000100
12 100001000100
12 100001000100
12 100001000100

12 100001000100
12 100001000100
9 100001000100
9 100001000100
0 100001000100
0 100001000100
9 100001000100
9 100001000100
0 100001000100
0 100001000100
9 100001000100
9 100001000100
0 100001000100
0 100001000100
0 100001000100
0 100001000100

12 100100010000
12 100100010000
9 100100010000
7 100100010000
12 100100010000
12 100100010000
12 100100010000
12 100100010000
12 100100010000
12 100100010000
12 100100010000
12 100100010000
12 100100010000
12 100100010000
12 100100010000
12 100100010000

12 100100010000
12 100100010000
12 100100010000
12 100100010000
12 100100010000
12 100100010000
7 100100010000
7 100100010000
5 100100010000
5 100100010000
5 100100010000
5 100100010000
12 100100010000
12 100100010000
12 100100010000
12 100100010000

3 001001010001
2 001001010001
0 001001010001
10 001001010001
7 001001010001
12 001001010001
12 001001010001
12 001001010001
12 001001010001
12 001001010001
12 001001010001
12 001001010001
12 001001010001
12 001001010001
12 001001010001
12 001001010001

12 100101000100
12 100101000100
10 100101000100
10 100101000100
0 100101000100
0 100101000100
10 100101000100
10 100101000100
0 100101000100
0 100101000100
0 100101000100
0 100101000100
12 100101000100
12 100101000100
12 100101000100
12 100101000100

10 100010010000
9 100010010000
7 100010010000
12 100010010000
12 100010010000
12 100010010000
12 100010010000
12 100010010000
12 100010010000
12 100010010000
12 100010010000
12 100010010000
12 100010010000
12 100010010000
12 100010010000
12 100010010000

12 100010010000
12 100010010000
12 100010010000
12 100010010000
12 001001010001
12 001001010001
12 001001010001
12 001001010001
12 001001010001
12 001001010001
12 001001010001
12 001001010001
0 001001010001
0 001001010001
3 001001010001
3 001001010001

3 100100010000
12 100100010000
12 100100010000
12 100100010000
12 100100010000
12 100100010000
12 100100010000
12 100100010000
12 100100010000
12 100100010000
10 100100010000
12 100100010000
0 100100010000
10 100100010000
0 100100010000
12 100100010000

0 100100010000
0 100100010000
0 100100010000
0 100100010000
0 100100010000
0 100100010000
0 100100010000
0 100100010000
0 100100010000
0 100100010000
0 100100010000
0 100100010000
0 100100010000
0 100100010000
0 100100010000
0 100100010000

3 100100010000
12 100100010000
3 100100010000
12 100100010000
12 100100010000
12 100100010000
12 100100010000
12 100100010000
12 100100010000
12 100100010000
10 100100010000
12 100100010000
0 100100010000
10 100100010000
0 100100010000
12 100100010000

0 100100010000
12 100100010000
12 100100010000
12 100100010000
12 100100010000
12 100100010000
12 100100010000
12 100100010000
12 100100010000
12 100100010000
9 100100010000
12 100100010000
0 100100010000
0 100100010000
10 100100010000
12 100100010000

0 100001000100
12 100001000100
12 100001000100
12 100001000100
12 100001000100
12 100001000100
12 100001000100
12 100001000100
12 100001000100
12 100001000100
12 100001000100
3 100001000100
12 100001000100
2 100001000100
0 100001000100
12 100001000100

0 100001000100
2 100001000100
12 100001000100
12 100001000100
12 100001000100
12 100001000100
12 100001000100
12 100001000100
12 100001000100
12 100001000100
3 100001000100
12 100001000100
2 100001000100
0 100001000100
0 100001000100
12 100001000100

0 100100010000
0 100100010000
12 100100010000
12 100100010000
0 100100010000
0 100100010000
10 100100010000
10 100100010000
0 100100010000
0 100100010000
10 100100010000
10 100100010000
0 100100010000
0 100100010000
0 100100010000
0 100100010000

9 100100010000
12 100100010000
12 100100010000
12 100100010000
12 100100010000
12 100100010000
12 100100010000
12 100100010000
12 100100010000
12 100100010000
12 100100010000
12 100100010000
0 100100010000
10 100100010000
7 100100010000
12 100100010000

5 001001010001
3 001001010001
12 001001010001
12 001001010001
12 001001010001
12 001001010001
12 001001010001
12 001001010001
12 001001010001
12 001001010001
12 001001010001
12 001001010001
12 001001010001
12 001001010001
12 001001010001
12 001001010001

12 100101000100
12 100101000100
12 100101000100
12 100101000100
0 100101000100
0 100101000100
9 100101000100
9 100101000100
0 100101000100
0 100101000100
0 100101000100
0 100101000100
12 100101000100
12 100101000100
12 100101000100
12 100101000100

9 100010010000
9 100010010000
12 100010010000
12 100010010000
12 100010010000
12 100010010000
12 100010010000
12 100010010000
12 100010010000
12 100010010000
12 100010010000
12 100010010000
12 100010010000
12 100010010000
7 100010010000
7 100010010000

12 100010010000
12 100010010000
12 100010010000
12 100010010000
12 001001010001
12 001001010001
12 001001010001
12 001001010001
12 001001010001
12 001001010001
12 001001010001
12 001001010001
4 001001010001
12 001001010001
2 001001010001
0 001001010001

12 100010010000
12 100010010000
12 100010010000
12 100010010000
12 100010010000
12 100010010000
12 100010010000
12 100010010000
12 100010010000
12 100010010000
12 100010010000
12 100010010000
5 100010010000
5 100010010000
7 100010010000
7 100010010000

12 100010010000
12 100010010000
12 100010010000
12 100010010000
12 100010010000
12 100010010000
12 100010010000
12 100010010000
12 100010010000
12 100010010000
12 100010010000
12 100010010000
0 100010010000
0 100010010000
9 100010010000
9 100010010000

12 100010010000
12 100010010000
12 100010010000
12 100010010000
12 100010010000
12 100010010000
12 100010010000
12 100010010000
12 100010010000
12 100010010000
12 100010010000
12 100010010000
5 100010010000
5 100010010000
3 100010010000
3 100010010000

12 100010010000
12 100010010000
12 100010010000
12 100010010000
12 100010010000
12 100010010000
12 100010010000
12 100010010000
0 100010010000
0 100010010000
9 100010010000
9 100010010000
0 100010010000
0 100010010000
2 100010010000
2 100010010000

12 100010010000
12 100010010000
12 100010010000
12 100010010000
12 100010010000
12 100010010000
12 100010010000
12 100010010000
12 100010010000
12 100010010000
12 100010010000
12 100010010000
0 100010010000
0 100010010000
0 100010010000
0 100010010000

9 100010010000
9 100010010000
12 100010010000
12 100010010000
12 100010010000
12 100010010000
12 100010010000
12 100010010000
12 100010010000
12 100010010000
12 100010010000
12 100010010000
5 100010010000
5 100010010000
3 100010010000
3 100010010000

12 100010010000
12 100010010000
12 100010010000
12 100010010000
12 100010010000
12 100010010000
12 100010010000
12 100010010000
12 100010010000
12 100010010000
12 100010010000
12 100010010000
0 100010010000
0 100010010000
0 100010010000
0 100010010000

12 100010010000
12 100010010000
12 100010010000
12 100010010000
12 100010010000
12 100010010000
12 100010010000
12 100010010000
12 100010010000
12 100010010000
12 100010010000
12 100010010000
12 100010010000
12 100010010000
12 100010010000
12 100010010000

