12 100010010000
12 100010010000
12 100010010000
12 100010010000
12 100010010000
12 100010010000
12 100010010000
12 100010010000
12 100010000100
12 100010000100
12 100010000100
12 100010000100
12 100010000100
12 100010000100
12 100010000100
12 100010000100

12 101001010101
12 101001010101
12 101001010101
12 101001010101
12 101001010101
12 101001010101
12 101001010101
12 101001010101
12 100010010000
12 100010010000
12 100010010000
12 100010010000
12 100010010000
12 100010010000
12 100010010000
12 100010010000

12 100010010000
12 100010010000
12 100010010000
12 100010010000
12 100010010000
12 100010010000
12 100010010000
12 100010010000
12 100010000100
12 100010000100
12 100010000100
12 100010000100
12 100010000100
12 100010000100
12 100010000100
12 100010000100

12 101001010101
12 101001010101
12 101001010101
12 101001010101
12 101001010101
12 101001010101
12 101001010101
12 101001010101
12 100010010000
12 100010010000
12 100010010000
12 100010010000
12 100010010000
12 100010010000
12 100010010000
12 100010010000

12 100010010000
12 100010010000
12 100010010000
12 100010010000
12 100010010000
12 100010010000
4 100010010000
5 100010010000
12 100010000100
4 100010000100
0 100010000100
12 100010000100
9 100010000100
12 100010000100
7 100010000100
9 100010000100

0 101001010101
0 101001010101
12 101001010101
12 101001010101
9 101001010101
9 101001010101
2 101001010101
2 101001010101
12 100010010000
12 100010010000
4 100010010000
4 100010010000
12 100010010000
12 100010010000
12 100010010000
12 100010010000

12 100010010000
12 100010010000
7 100010010000
4 100010010000
12 100010010000
5 100010010000
12 100010010000
4 100010010000
2 100010000100
12 100010000100
0 100010000100
12 100010000100
9 100010000100
12 100010000100
7 100010000100
9 100010000100

0 101001010101
0 101001010101
0 101001010101
0 101001010101
12 101001010101
12 101001010101
9 101001010101
9 101001010101
12 100010010000
12 100010010000
12 100010010000
12 100010010000
12 100010010000
12 100010010000
12 100010010000
12 100010010000

12 100010010000
12 100010010000
12 100010010000
12 100010010000
0 100010010000
2 100010010000
4 100010010000
7 100010010000
12 100010000100
4 100010000100
12 100010000100
12 100010000100
12 100010000100
7 100010000100
7 100010000100
9 100010000100

0 101001010101
0 101001010101
12 101001010101
12 101001010101
9 101001010101
9 101001010101
2 101001010101
2 101001010101
12 100010010000
12 100010010000
4 100010010000
4 100010010000
12 100010010000
12 100010010000
12 100010010000
12 100010010000

9 000010010001
12 000010010001
7 000010010001
12 000010010001
4 000010010001
12 000010010001
2 000010010001
12 000010010001
0 001001000100
7 001001000100
9 001001000100
12 001001000100
12 001001000100
7 001001000100
9 001001000100
12 001001000100

0 101001010110
0 101001010110
12 101001010110
12 101001010110
9 101001010110
9 101001010110
9 101001010110
9 101001010110
12 100010010000
12 100010010000
12 100010010000
12 100010010000
12 100010010000
12 100010010000
12 100010010000
12 100010010000

12 100010010000
12 100010010000
12 100010010000
12 100010010000
12 100010010000
12 100010010000
12 100010010000
12 100010010000
12 100010000100
12 100010000100
12 100010000100
12 100010000100
12 100010000100
12 100010000100
12 100010000100
12 100010000100

12 101001010101
12 101001010101
12 101001010101
12 101001010101
12 101001010101
12 101001010101
12 101001010101
12 101001010101
12 100010010000
12 100010010000
12 100010010000
12 100010010000
12 100010010000
12 100010010000
12 100010010000
12 100010010000

12 100010010000
12 100010010000
12 100010010000
12 100010010000
12 100010010000
7 100010010000
4 100010010000
5 100010010000
12 100010000100
4 100010000100
0 100010000100
12 100010000100
9 100010000100
12 100010000100
7 100010000100
9 100010000100

0 101001010101
0 101001010101
12 101001010101
12 101001010101
9 101001010101
9 101001010101
2 101001010101
2 101001010101
12 100010010000
12 100010010000
4 100010010000
4 100010010000
12 100010010000
12 100010010000
12 100010010000
12 100010010000

12 100010010000
12 100010010000
12 100010010000
12 100010010000
12 100010010000
4 100010010000
5 100010010000
4 100010010000
12 100010000100
2 100010000100
12 100010000100
0 100010000100
9 100010000100
7 100010000100
12 100010000100
12 100010000100

0 101001010101
0 101001010101
12 101001010101
12 101001010101
9 101001010101
9 101001010101
9 101001010101
9 101001010101
12 100010010000
12 100010010000
12 100010010000
12 100010010000
12 100010010000
12 100010010000
12 100010010000
12 100010010000

12 100010010000
12 100010010000
12 100010010000
12 100010010000
12 100010010000
4 100010010000
12 100010010000
5 100010010000
12 100010000100
4 100010000100
0 100010000100
12 100010000100
12 100010000100
7 100010000100
7 100010000100
9 100010000100

0 101001010101
12 101001010101
12 101001010101
12 101001010101
9 101001010101
12 101001010101
2 101001010101
12 101001010101
12 100010010000
4 100010010000
12 100010010000
12 100010010000
12 100010010000
12 100010010000
12 100010010000
12 100010010000

9 000010010001
4 000010010001
12 000010010001
7 000010010001
12 000010010001
4 000010010001
2 000010010001
12 000010010001
0 001001000100
12 001001000100
9 001001000100
12 001001000100
12 001001000100
12 001001000100
12 001001000100
7 001001000100

9 101001010110
0 101001010110
12 101001010110
12 101001010110
9 101001010110
12 101001010110
9 101001010110
12 101001010110
12 100010010000
12 100010010000
12 100010010000
12 100010010000
12 100010010000
12 100010010000
12 100010010000
12 100010010000

12 100010010000
12 100010010000
12 100010010000
12 100010010000
12 100010010000
12 100010010000
12 100010010000
12 100010010000
12 100010000100
12 100010000100
12 100010000100
12 100010000100
12 100010000100
12 100010000100
12 100010000100
12 100010000100

12 101001010101
12 101001010101
12 101001010101
12 101001010101
12 101001010101
12 101001010101
12 101001010101
12 101001010101
12 100010010000
12 100010010000
12 100010010000
12 100010010000
12 100010010000
12 100010010000
12 100010010000
12 100010010000

12 100010010000
12 100010010000
12 100010010000
12 100010010000
12 100010010000
12 100010010000
12 100010010000
12 100010010000
12 100010000100
12 100010000100
12 100010000100
12 100010000100
12 100010000100
12 100010000100
12 100010000100
12 100010000100

12 101001010101
12 101001010101
12 101001010101
12 101001010101
12 101001010101
12 101001010101
12 101001010101
12 101001010101
12 100010010000
12 100010010000
12 100010010000
12 100010010000
12 100010010000
12 100010010000
12 100010010000
12 100010010000

12 100010010000
12 100010010000
12 100010010000
12 100010010000
12 100010010000
4 100010010000
12 100010010000
5 100010010000
4 100010000100
12 100010000100
2 100010000100
12 100010000100
0 100010000100
12 100010000100
9 100010000100
12 100010000100

12 101001010101
12 101001010101
12 101001010101
12 101001010101
7 101001010101
9 101001010101
2 101001010101
12 101001010101
9 100010010000
12 100010010000
2 100010010000
12 100010010000
4 100010010000
12 100010010000
12 100010010000
12 100010010000

12 100010010000
12 100010010000
12 100010010000
12 100010010000
0 100010010000
2 100010010000
4 100010010000
7 100010010000
12 100010000100
12 100010000100
4 100010000100
12 100010000100
2 100010000100
12 100010000100
7 100010000100
9 100010000100

0 101001010101
12 101001010101
12 101001010101
12 101001010101
9 101001010101
12 101001010101
9 101001010101
12 101001010101
12 100010010000
9 100010010000
2 100010010000
12 100010010000
9 100010010000
7 100010010000
12 100010010000
12 100010010000

12 100010010000
12 100010010000
12 100010010000
12 100010010000
12 100010010000
12 100010010000
12 100010010000
12 100010010000
12 100010000100
12 100010000100
7 100010000100
12 100010000100
12 100010000100
12 100010000100
4 100010000100
5 100010000100

12 101001010101
12 101001010101
12 101001010101
12 101001010101
7 101001010101
9 101001010101
0 101001010101
12 101001010101
2 100010010000
12 100010010000
4 100010010000
12 100010010000
12 100010010000
12 100010010000
4 100010010000
7 100010010000

9 000010010001
12 000010010001
7 000010010001
12 000010010001
4 000010010001
12 000010010001
2 000010010001
12 000010010001
0 001001000100
12 001001000100
9 001001000100
12 001001000100
12 001001000100
7 001001000100
7 001001000100
9 001001000100

0 101001010110
0 101001010110
12 101001010110
12 101001010110
9 101001010110
9 101001010110
9 101001010110
9 101001010110
12 100010010000
12 100010010000
12 100010010000
12 100010010000
12 100010010000
12 100010010000
7 100010010000
7 100010010000

4 100010010000
12 100010010000
5 100010010000
12 100010010000
4 100010010000
12 100010010000
2 100010010000
0 100010010000
12 100010000100
9 100010000100
12 100010000100
12 100010000100
12 100010000100
12 100010000100
7 100010000100
9 100010000100

0 101001010101
12 101001010101
12 101001010101
12 101001010101
9 101001010101
12 101001010101
2 101001010101
12 101001010101
12 100010010000
4 100010010000
12 100010010000
12 100010010000
12 100010010000
12 100010010000
12 100010010000
4 100010010000

4 100010010000
12 100010010000
5 100010010000
12 100010010000
4 100010010000
12 100010010000
2 100010010000
0 100010010000
12 100010000100
9 100010000100
12 100010000100
12 100010000100
12 100010000100
7 100010000100
9 100010000100
12 100010000100

0 101001010101
12 101001010101
0 101001010101
12 101001010101
12 101001010101
12 101001010101
9 101001010101
12 101001010101
12 100010010000
12 100010010000
12 100010010000
12 100010010000
12 100010010000
12 100010010000
0 100010010000
2 100010010000

4 100010010000
4 100010010000
7 100010010000
7 100010010000
12 100010010000
12 100010010000
4 100010010000
4 100010010000
12 100010000100
12 100010000100
9 100010000100
9 100010000100
7 100010000100
7 100010000100
9 100010000100
9 100010000100

0 101001010101
12 101001010101
12 101001010101
12 101001010101
9 101001010101
12 101001010101
2 101001010101
12 101001010101
12 100010010000
4 100010010000
12 100010010000
12 100010010000
12 100010010000
12 100010010000
12 100010010000
12 100010010000

9 000010010001
12 000010010001
7 000010010001
12 000010010001
4 000010010001
12 000010010001
2 000010010001
12 000010010001
0 001001000100
7 001001000100
9 001001000100
12 001001000100
12 001001000100
7 001001000100
9 001001000100
12 001001000100

0 101001010110
0 101001010110
12 101001010110
12 101001010110
0 101001010110
0 101001010110
0 101001010110
0 101001010110
12 100010010000
12 100010010000
12 100010010000
12 100010010000
12 100010010000
12 100010010000
12 100010010000
12 100010010000

12 100010010000
12 100010010000
12 100010010000
12 100010010000
12 100010010000
12 100010010000
12 100010010000
12 100010010000
12 100010000100
12 100010000100
12 100010000100
12 100010000100
12 100010000100
12 100010000100
12 100010000100
12 100010000100

12 101001010101
12 101001010101
12 101001010101
12 101001010101
12 101001010101
12 101001010101
12 101001010101
12 101001010101
12 100010010000
12 100010010000
12 100010010000
12 100010010000
12 100010010000
12 100010010000
12 100010010000
12 100010010000

