5 000000000000
12 000000000000
12 000000000000
12 000000000000
12 000000000000
12 000000000000
12 000000000000
12 000000000000
12 000000000000
12 000000000000
2 000000000000
12 000000000000
0 000000000000
9 000000000000
7 000000000000
12 000000000000

0 100010010000
12 100010010000
12 100010010000
9 100010010000
7 100010010000
12 100010010000
12 100010010000
12 100010010000
12 100001000100
12 100001000100
12 100001000100
12 100001000100
12 001000010001
12 001000010001
12 001000010001
12 001000010001

12 100010010000
12 100010010000
12 100010010000
12 100010010000
12 100010010000
12 100010010000
12 100010010000
12 100010010000
12 001000010001
12 001000010001
5 001000010001
12 001000010001
3 001000010001
2 001000010001
0 001000010001
10 001000010001

12 100010010000
12 100010010000
12 100010010000
12 100010010000
10 100010010000
10 100010010000
7 100010010000
12 100010010000
12 100001000100
12 100001000100
12 100001000100
12 100001000100
12 001000010001
12 001000010001
12 001000010001
12 001000010001

12 100010010000
12 100010010000
12 100010010000
12 100010010000
12 100010010000
12 100010010000
10 100010010000
12 100010010000
0 001000010001
12 001000010001
2 001000010001
12 001000010001
0 001000010001
10 001000010001
7 001000010001
12 001000010001

12 100010010000
12 100010010000
12 100010010000
12 100010010000
12 100010010000
12 100010010000
3 100010010000
3 100010010000
12 100010000100
12 100010000100
12 100010000100
12 100010000100
12 100010000100
12 100010000100
5 100010000100
5 100010000100

0 001000100100
12 001000100100
12 001000100100
12 001000100100
12 001000100100
12 001000100100
12 001000100100
12 001000100100
3 001000010001
12 001000010001
0 001000010001
9 001000010001
7 001000010001
12 001000010001
12 001000010001
12 001000010001

12 100010010000
12 100010010000
3 100010010000
12 100010010000
12 100010010000
12 100010010000
12 100010010000
12 100010010000
12 100001000100
12 100001000100
12 100001000100
12 100001000100
12 001000010001
12 001000010001
12 001000010001
12 001000010001

12 100010010000
12 100010010000
12 100010010000
12 100010010000
5 100010010000
5 100010010000
12 100010010000
5 100010010000
12 100010010000
12 100010010000
12 100010010000
7 100010010000
0 100010010000
0 100010010000
9 100010010000
0 100010010000

0 100010010000
0 100010010000
12 100010010000
10 100010010000
7 100010010000
7 100010010000
12 100010010000
12 100010010000
12 100001000100
12 100001000100
12 100001000100
12 100001000100
12 001000010001
12 001000010001
12 001000010001
12 001000010001

3 100010010000
12 100010010000
12 100010010000
12 100010010000
12 100010010000
12 100010010000
12 100010010000
12 100010010000
12 001000010001
12 001000010001
12 001000010001
12 001000010001
12 001000010001
12 001000010001
12 001000010001
12 001000010001

0 100010010000
0 100010010000
12 100010010000
10 100010010000
7 100010010000
7 100010010000
12 100010010000
12 100010010000
12 100001000100
12 100001000100
12 100001000100
12 100001000100
12 001000010001
12 001000010001
12 001000010001
12 001000010001

12 100010010000
12 100010010000
12 100010010000
12 100010010000
12 100010010000
12 100010010000
10 100010010000
12 100010010000
0 001000010001
3 001000010001
12 001000010001
12 001000010001
12 001000010001
12 001000010001
12 001000010001
12 001000010001

0 100010010000
12 100010010000
12 100010010000
9 100010010000
7 100010010000
12 100010010000
12 100010010000
12 100010010000
12 100010000100
3 100010000100
12 100010000100
12 100010000100
12 100010000100
12 100010000100
12 100010000100
12 100010000100

0 001000100100
12 001000100100
12 001000100100
12 001000100100
12 001000100100
12 001000100100
3 001000100100
12 001000100100
3 001000010001
12 001000010001
2 001000010001
12 001000010001
0 001000010001
7 001000010001
12 001000010001
12 001000010001

0 100010010000
12 100010010000
9 100010010000
7 100010010000
12 100010010000
12 100010010000
12 100010010000
12 100010010000
12 100001000100
12 100001000100
12 100001000100
12 100001000100
12 001000010001
12 001000010001
12 001000010001
12 001000010001

7 100010010000
12 100010010000
12 100010010000
12 100010010000
12 100010010000
12 100010010000
12 100010010000
12 100010010000
12 100010010000
12 100010010000
2 100010010000
12 100010010000
0 100010010000
9 100010010000
7 100010010000
12 100010010000

0 100010010000
12 100010010000
12 100010010000
9 100010010000
7 100010010000
12 100010010000
12 100010010000
12 100010010000
0 100001000100
12 100001000100
9 100001000100
7 100001000100
12 001000010001
12 001000010001
12 001000010001
12 001000010001

12 100010010000
12 100010010000
12 100010010000
12 100010010000
12 100010010000
12 100010010000
0 100010010000
12 100010010000
9 001000010001
7 001000010001
12 001000010001
12 001000010001
12 001000010001
12 001000010001
12 001000010001
12 001000010001

12 100010010000
12 100010010000
12 100010010000
12 100010010000
12 100010010000
12 100010010000
0 100010010000
12 100010010000
9 100001000100
7 100001000100
12 100001000100
12 100001000100
12 001000010001
12 001000010001
12 001000010001
12 001000010001

12 100010010000
12 100010010000
12 100010010000
12 100010010000
12 100010010000
12 100010010000
10 100010010000
12 100010010000
0 001000010001
12 001000010001
2 001000010001
12 001000010001
0 001000010001
9 001000010001
7 001000010001
12 001000010001

12 100010010000
12 100010010000
12 100010010000
12 100010010000
12 100010010000
12 100010010000
3 100010010000
12 100010010000
12 100010000100
12 100010000100
12 100010000100
12 100010000100
12 100010000100
12 100010000100
4 100010000100
7 100010000100

0 001000100100
12 001000100100
12 001000100100
12 001000100100
12 001000100100
12 001000100100
12 001000100100
12 001000100100
2 001000010001
12 001000010001
0 001000010001
9 001000010001
7 001000010001
12 001000010001
12 001000010001
12 001000010001

0 100010010000
0 100010010000
3 100010010000
12 100010010000
12 100010010000
12 100010010000
12 100010010000
12 100010010000
12 100001000100
12 100001000100
12 100001000100
12 100001000100
12 001000010001
12 001000010001
12 001000010001
12 001000010001

12 100010010000
12 100010010000
12 100010010000
12 100010010000
12 100010010000
12 100010010000
10 100010010000
12 100010010000
12 100010010000
12 100010010000
12 100010010000
12 100010010000
0 100010010000
12 100010010000
12 100010010000
12 100010010000

0 100010010000
12 100010010000
12 100010010000
9 100010010000
7 100010010000
12 100010010000
12 100010010000
12 100010010000
3 100001000100
12 100001000100
0 100001000100
9 100001000100
12 001000010001
12 001000010001
12 001000010001
12 001000010001

12 100010010000
12 100010010000
12 100010010000
12 100010010000
12 100010010000
12 100010010000
0 100010010000
12 100010010000
9 001000010001
7 001000010001
12 001000010001
12 001000010001
12 001000010001
12 001000010001
12 001000010001
12 001000010001

12 100010010000
12 100010010000
12 100010010000
12 100010010000
12 100010010000
12 100010010000
0 100010010000
12 100010010000
9 100001000100
7 100001000100
12 100001000100
12 100001000100
12 001000010001
12 001000010001
12 001000010001
12 001000010001

12 100010010000
12 100010010000
12 100010010000
12 100010010000
12 100010010000
12 100010010000
10 100010010000
12 100010010000
0 001000010001
12 001000010001
2 001000010001
12 001000010001
0 001000010001
9 001000010001
7 001000010001
12 001000010001

12 100010010000
12 100010010000
12 100010010000
12 100010010000
12 100010010000
12 100010010000
12 100010010000
2 100010010000
12 100010000100
12 100010000100
4 100010000100
12 100010000100
12 100010000100
12 100010000100
12 100010000100
12 100010000100

12 001000100100
12 001000100100
12 001000100100
12 001000100100
12 001000100100
12 001000100100
3 001000100100
4 001000100100
12 001000010001
12 001000010001
12 001000010001
7 001000010001
0 001000010001
0 001000010001
10 001000010001
0 001000010001

0 100010010000
0 100010010000
3 100010010000
12 100010010000
12 100010010000
12 100010010000
12 100010010000
12 100010010000
12 100001000100
12 100001000100
12 100001000100
12 100001000100
12 001000010001
12 001000010001
12 001000010001
12 001000010001

12 100010010000
12 100010010000
12 100010010000
12 100010010000
12 100010010000
12 100010010000
4 100010010000
12 100010010000
12 100010010000
2 100010010000
4 100010010000
12 100010010000
12 100010010000
12 100010010000
12 100010010000
12 100010010000

0 100010010000
0 100010010000
12 100010010000
10 100010010000
7 100010010000
7 100010010000
12 100010010000
12 100010010000
12 100001000100
12 100001000100
12 100001000100
12 100001000100
12 001000010001
12 001000010001
12 001000010001
12 001000010001

12 100010010000
12 100010010000
12 100010010000
12 100010010000
9 100010010000
12 100010010000
0 100010010000
3 100010010000
4 001000010001
12 001000010001
3 001000010001
4 001000010001
12 001000010001
12 001000010001
12 001000010001
12 001000010001

0 100010010000
12 100010010000
12 100010010000
10 100010010000
7 100010010000
12 100010010000
12 100010010000
12 100010010000
12 100001000100
2 100001000100
12 100001000100
0 100001000100
12 001000010001
12 001000010001
12 001000010001
2 001000010001

12 100010010000
12 100010010000
12 100010010000
12 100010010000
12 100010010000
12 100010010000
10 100010010000
12 100010010000
0 001000010001
12 001000010001
2 001000010001
12 001000010001
0 001000010001
9 001000010001
7 001000010001
12 001000010001

12 100010010000
12 100010010000
12 100010010000
12 100010010000
12 100010010000
12 100010010000
12 100010010000
12 100010010000
12 100010000100
3 100010000100
12 100010000100
4 100010000100
12 100010000100
12 100010000100
12 100010000100
12 100010000100

0 001000100100
12 001000100100
12 001000100100
12 001000100100
12 001000100100
12 001000100100
12 001000100100
12 001000100100
2 001000010001
12 001000010001
0 001000010001
9 001000010001
7 001000010001
12 001000010001
12 001000010001
12 001000010001

0 100010010000
0 100010010000
3 100010010000
12 100010010000
12 100010010000
12 100010010000
12 100010010000
12 100010010000
12 100001000100
12 100001000100
12 100001000100
12 100001000100
12 001000010001
12 001000010001
12 001000010001
10 001000010001

12 100010010000
12 100010010000
12 100010010000
12 100010010000
12 100010010000
12 100010010000
12 100010010000
12 100010010000
12 100010010000
12 100010010000
12 100010010000
12 100010010000
12 100010010000
12 100010010000
12 100010010000
10 100010010000

0 100010010000
0 100010010000
3 100010010000
12 100010010000
12 100010010000
12 100010010000
12 100010010000
12 100010010000
12 100001000100
12 100001000100
12 100001000100
12 100001000100
12 001000010001
12 001000010001
12 001000010001
10 001000010001

12 100010010000
12 100010010000
12 100010010000
12 100010010000
12 100010010000
12 100010010000
12 100010010000
12 100010010000
12 001000010001
7 001000010001
5 001000010001
12 001000010001
7 001000010001
12 001000010001
12 001000010001
12 001000010001

12 100010010000
12 100010010000
12 100010010000
0 100010010000
12 100010010000
12 100010010000
10 100010010000
7 100010010000
12 100001000100
12 100001000100
12 100001000100
12 100001000100
12 001000010001
12 001000010001
12 001000010001
12 001000010001

12 100010010000
12 100010010000
12 100010010000
12 100010010000
12 100010010000
12 100010010000
10 100010010000
12 100010010000
0 001000010001
12 001000010001
3 001000010001
12 001000010001
12 001000010001
12 001000010001
12 001000010001
12 001000010001

12 100010010000
12 100010010000
12 100010010000
7 100010010000
12 100010010000
12 100010010000
12 100010010000
12 100010010000
3 100010000100
12 100010000100
12 100010000100
2 100010000100
0 100010000100
12 100010000100
12 100010000100
12 100010000100

12 001000100100
12 001000100100
12 001000100100
12 001000100100
12 001000100100
12 001000100100
0 001000100100
12 001000100100
9 001000010001
7 001000010001
12 001000010001
12 001000010001
12 001000010001
12 001000010001
12 001000010001
12 001000010001

0 100010010000
12 100010010000
12 100010010000
10 100010010000
7 100010010000
12 100010010000
12 100010010000
12 100010010000
12 100001000100
3 100001000100
12 100001000100
4 100001000100
12 001000010001
12 001000010001
12 001000010001
12 001000010001

12 100010010000
12 100010010000
12 100010010000
12 100010010000
12 100010010000
12 100010010000
12 100010010000
12 100010010000
12 100010010000
12 100010010000
12 100010010000
12 100010010000
12 100010010000
12 100010010000
12 100010010000
12 100010010000

