12 000000000000
12 000000000000
12 000000000000
12 000000000000
12 000000000000
12 000000000000
12 000000000000
12 000000000000
12 100001000100
12 100001000100
12 100001000100
12 100001000100
12 100001000100
12 100001000100
12 100001000100
12 100001000100

12 001000010001
12 001000010001
12 001000010001
12 001000010001
12 001000010001
12 001000010001
12 001000010001
12 001000010001
12 100001000100
12 100001000100
12 100001000100
12 100001000100
12 100001000100
12 100001000100
12 100001000100
12 100001000100

12 100010010000
12 100010010000
12 100010010000
12 100010010000
12 100010010000
12 100010010000
12 100010010000
12 100010010000
12 100010010000
12 100010010000
12 100010010000
12 100010010000
12 100010010000
12 100010010000
12 100010010000
12 100010010000

12 100010010000
12 100010010000
12 100010010000
12 100010010000
12 100010010000
12 100010010000
12 100010010000
12 100010010000
12 100010010000
12 100010010000
12 100010010000
12 100010010000
12 100010010000
12 100010010000
7 100010010000
7 100010010000

2 100010010000
12 100010010000
4 100010010000
12 100010010000
2 100010010000
12 100010010000
0 100010010000
12 100010010000
12 100010010000
9 100010010000
7 100010010000
12 100010010000
12 100010010000
12 100010010000
12 100010010000
12 100010010000

2 001000010001
2 001000010001
0 001000010001
0 001000010001
11 001000010001
11 001000010001
11 001000010001
11 001000010001
12 001000010001
12 001000010001
12 001000010001
12 001000010001
12 001000010001
12 001000010001
0 001000010001
0 001000010001

0 100001000100
0 100001000100
9 100001000100
9 100001000100
12 100001000100
12 100001000100
5 100001000100
5 100001000100
12 100001000100
12 100001000100
12 100001000100
12 100001000100
12 100001000100
12 100001000100
0 100001000100
0 100001000100

0 101001000100
0 101001000100
12 101001000100
12 101001000100
9 101001000100
9 101001000100
5 101001000100
5 101001000100
12 101001000100
12 101001000100
12 101001000100
12 101001000100
12 101001000100
12 101001000100
12 101001000100
12 101001000100

4 100010010000
4 100010010000
2 100010010000
2 100010010000
0 100010010000
0 100010010000
0 100010010000
0 100010010000
12 100010010000
12 100010010000
0 100010010000
0 100010010000
2 100010010000
2 100010010000
12 100010010000
12 100010010000

12 001000010001
12 001000010001
2 001000010001
2 001000010001
0 001000010001
0 001000010001
11 001000010001
11 001000010001
7 001000010001
7 001000010001
12 001000010001
12 001000010001
12 001000010001
12 001000010001
12 001000010001
12 001000010001

0 100001000100
0 100001000100
9 100001000100
9 100001000100
12 100001000100
12 100001000100
5 100001000100
5 100001000100
12 100001000100
12 100001000100
12 100001000100
12 100001000100
12 100001000100
12 100001000100
12 100001000100
12 100001000100

0 101001000100
0 101001000100
12 101001000100
12 101001000100
9 101001000100
9 101001000100
5 101001000100
5 101001000100
12 101001000100
12 101001000100
12 101001000100
12 101001000100
12 101001000100
12 101001000100
7 101001000100
7 101001000100

2 100010010000
2 100010010000
4 100010010000
4 100010010000
12 100010010000
12 100010010000
2 100010010000
2 100010010000
12 001000010001
12 001000010001
0 001000010001
0 001000010001
11 001000010001
11 001000010001
0 001000010001
0 001000010001

12 100001000100
11 100001000100
9 100001000100
12 100001000100
12 100001000100
12 100001000100
12 100001000100
12 100001000100
12 100001000100
12 100001000100
12 100001000100
12 100001000100
12 100001000100
12 100001000100
7 100001000100
12 100001000100

2 100010010000
2 100010010000
4 100010010000
4 100010010000
12 100010010000
12 100010010000
2 100010010000
2 100010010000
12 001000010001
12 001000010001
0 001000010001
0 001000010001
11 001000010001
11 001000010001
0 001000010001
0 001000010001

12 100001000100
11 100001000100
9 100001000100
12 100001000100
12 100001000100
12 100001000100
12 100001000100
12 100001000100
12 100001000100
12 100001000100
12 100001000100
12 100001000100
12 100001000100
12 100001000100
12 100001000100
12 100001000100

12 100010010000
12 100010010000
12 100010010000
12 100010010000
12 100010010000
12 100010010000
12 100010010000
12 100010010000
12 100010010000
12 100010010000
12 100010010000
12 100010010000
12 100010010000
12 100010010000
12 100010010000
12 100010010000

12 100010010000
12 100010010000
12 100010010000
12 100010010000
12 100010010000
12 100010010000
12 100010010000
12 100010010000
12 100010010000
12 100010010000
12 100010010000
12 100010010000
12 100010010000
12 100010010000
12 100010010000
12 100010010000

12 100010010000
12 100010010000
12 100010010000
12 100010010000
12 100010010000
12 100010010000
12 100010010000
12 100010010000
12 100010010000
12 100010010000
12 100010010000
12 100010010000
12 100010010000
12 100010010000
12 100010010000
12 100010010000

12 101001010101
12 101001010101
12 101001010101
12 101001010101
12 101001010101
12 101001010101
12 101001010101
12 101001010101
12 101001010101
12 101001010101
12 101001010101
12 101001010101
12 101001010101
12 101001010101
7 101001010101
7 101001010101

2 100010010000
12 100010010000
4 100010010000
12 100010010000
2 100010010000
12 100010010000
0 100010010000
12 100010010000
12 100010010000
9 100010010000
7 100010010000
12 100010010000
12 100010010000
12 100010010000
7 100010010000
12 100010010000

2 001000010001
2 001000010001
0 001000010001
0 001000010001
11 001000010001
11 001000010001
11 001000010001
11 001000010001
12 001000010001
12 001000010001
12 001000010001
12 001000010001
12 001000010001
12 001000010001
0 001000010001
0 001000010001

12 100001000100
0 100001000100
9 100001000100
12 100001000100
12 100001000100
5 100001000100
5 100001000100
12 100001000100
12 100001000100
12 100001000100
12 100001000100
12 100001000100
12 100001000100
12 100001000100
12 100001000100
12 100001000100

0 101001000100
0 101001000100
9 101001000100
9 101001000100
12 101001000100
12 101001000100
5 101001000100
5 101001000100
9 101001000100
9 101001000100
12 101001000100
12 101001000100
12 101001000100
12 101001000100
12 101001000100
12 101001000100

4 100010010000
4 100010010000
4 100010010000
4 100010010000
2 100010010000
2 100010010000
0 100010010000
0 100010010000
12 100010010000
12 100010010000
0 100010010000
0 100010010000
2 100010010000
2 100010010000
12 100010010000
12 100010010000

12 001000010001
12 001000010001
2 001000010001
2 001000010001
0 001000010001
0 001000010001
11 001000010001
11 001000010001
7 001000010001
7 001000010001
12 001000010001
12 001000010001
12 001000010001
12 001000010001
12 001000010001
12 001000010001

0 100001000100
0 100001000100
9 100001000100
9 100001000100
12 100001000100
12 100001000100
5 100001000100
5 100001000100
12 100001000100
12 100001000100
12 100001000100
12 100001000100
12 100001000100
12 100001000100
12 100001000100
12 100001000100

0 101001000100
0 101001000100
9 101001000100
9 101001000100
12 101001000100
12 101001000100
5 101001000100
5 101001000100
12 101001000100
12 101001000100
12 101001000100
12 101001000100
12 101001000100
12 101001000100
7 101001000100
7 101001000100

2 100010010000
2 100010010000
4 100010010000
4 100010010000
12 100010010000
12 100010010000
2 100010010000
2 100010010000
12 001000010001
12 001000010001
0 001000010001
0 001000010001
11 001000010001
11 001000010001
0 001000010001
0 001000010001

12 100001000100
11 100001000100
9 100001000100
12 100001000100
12 100001000100
12 100001000100
12 100001000100
12 100001000100
12 100001000100
12 100001000100
12 100001000100
12 100001000100
12 100001000100
12 100001000100
7 100001000100
12 100001000100

2 100010010000
2 100010010000
4 100010010000
4 100010010000
12 100010010000
12 100010010000
2 100010010000
2 100010010000
12 001000010001
12 001000010001
0 001000010001
0 001000010001
11 001000010001
11 001000010001
0 001000010001
0 001000010001

12 100001000100
11 100001000100
9 100001000100
12 100001000100
12 100001000100
12 100001000100
12 100001000100
12 100001000100
12 100001000100
12 100001000100
12 100001000100
12 100001000100
12 100001000100
12 100001000100
12 100001000100
12 100001000100

12 100010010000
12 100010010000
12 100010010000
12 100010010000
12 100010010000
12 100010010000
12 100010010000
12 100010010000
12 100010010000
12 100010010000
12 100010010000
12 100010010000
12 100010010000
12 100010010000
12 100010010000
12 100010010000

12 100010010000
12 100010010000
12 100010010000
12 100010010000
12 100010010000
12 100010010000
12 100010010000
12 100010010000
12 100010010000
12 100010010000
12 100010010000
12 100010010000
12 100010010000
12 100010010000
7 100010010000
7 100010010000

5 001000010001
5 001000010001
5 001000010001
5 001000010001
5 001000010001
5 001000010001
4 001000010001
4 001000010001
12 101001010101
12 101001010101
12 101001010101
12 101001010101
12 101001010101
12 101001010101
12 101001010101
12 101001010101

2 001000010001
12 001000010001
2 001000010001
12 001000010001
12 001000010001
12 001000010001
0 001000010001
11 001000010001
9 101001010101
12 101001010101
12 101001010101
12 101001010101
12 101001010101
12 101001010101
12 101001010101
12 101001010101

5 001000010001
5 001000010001
5 001000010001
5 001000010001
12 001000010001
12 001000010001
4 001000010001
4 001000010001
12 101001010101
12 101001010101
12 101001010101
12 101001010101
4 101001010101
4 101001010101
12 101001010101
12 101001010101

2 001000010001
12 001000010001
11 001000010001
12 001000010001
12 001000010001
12 001000010001
0 001000010001
11 001000010001
9 101001010101
12 101001010101
12 101001010101
12 101001010101
12 101001010101
12 101001010101
12 101001010101
12 101001010101

5 001000010001
5 001000010001
5 001000010001
5 001000010001
12 001000010001
12 001000010001
4 001000010001
4 001000010001
12 101001010101
12 101001010101
4 101001010101
4 101001010101
12 101001010101
12 101001010101
12 101001010101
12 101001010101

2 001000010001
2 001000010001
12 001000010001
12 001000010001
11 001000010001
11 001000010001
0 001000010001
0 001000010001
9 101001010101
9 101001010101
12 101001010101
12 101001010101
12 101001010101
12 101001010101
12 101001010101
12 101001010101

12 101001010101
12 101001010101
12 101001010101
12 101001010101
12 101001010101
12 101001010101
12 101001010101
12 101001010101
12 101001010101
12 101001010101
12 101001010101
12 101001010101
12 101001010101
12 101001010101
12 101001010101
12 101001010101

12 100010010000
12 100010010000
12 100010010000
12 100010010000
12 100010010000
12 100010010000
12 100010010000
12 100010010000
12 100010010000
12 100010010000
12 100010010000
12 100010010000
12 100010010000
12 100010010000
12 100010010000
12 100010010000

12 001000010001
12 001000010001
12 001000010001
12 001000010001
12 001000010001
12 001000010001
12 001000010001
12 001000010001
12 100001000100
12 100001000100
12 100001000100
12 100001000100
12 100001000100
12 100001000100
12 100001000100
12 100001000100

12 100010010000
12 100010010000
12 100010010000
12 100010010000
12 100010010000
12 100010010000
12 100010010000
12 100010010000
12 001000010001
12 001000010001
12 001000010001
12 001000010001
12 001000010001
12 001000010001
12 001000010001
12 001000010001

12 100001000100
12 100001000100
12 100001000100
12 100001000100
12 100001000100
12 100001000100
12 100001000100
12 100001000100
12 100001000100
12 100001000100
12 100001000100
12 100001000100
12 100001000100
12 100001000100
12 100001000100
12 100001000100

12 100010010000
12 100010010000
12 100010010000
12 100010010000
12 100010010000
12 100010010000
12 100010010000
12 100010010000
12 001000010001
12 001000010001
12 001000010001
12 001000010001
12 001000010001
12 001000010001
12 001000010001
12 001000010001

12 100001000100
12 100001000100
12 100001000100
12 100001000100
12 100001000100
12 100001000100
12 100001000100
12 100001000100
12 100001000100
12 100001000100
12 100001000100
12 100001000100
12 100001000100
12 100001000100
12 100001000100
12 100001000100

12 100010010000
12 100010010000
12 100010010000
12 100010010000
12 100010010000
12 100010010000
12 100010010000
12 100010010000
12 001000010001
12 001000010001
12 001000010001
12 001000010001
12 001000010001
12 001000010001
12 001000010001
12 001000010001

12 100001000100
12 100001000100
12 100001000100
12 100001000100
12 100001000100
12 100001000100
12 100001000100
12 100001000100
12 100001000100
12 100001000100
12 100001000100
12 100001000100
12 100001000100
12 100001000100
12 100001000100
12 100001000100

12 100001000100
12 100001000100
12 100001000100
12 100001000100
12 100001000100
12 100001000100
12 100001000100
12 100001000100
12 100001000100
12 100001000100
12 100001000100
12 100001000100
12 100001000100
12 100001000100
12 100001000100
12 100001000100

12 100010010000
12 100010010000
12 100010010000
12 100010010000
12 100010010000
12 100010010000
12 100010010000
12 100010010000
12 100010010000
12 100010010000
12 100010010000
12 100010010000
12 100010010000
12 100010010000
12 100010010000
12 100010010000

12 100010010000
12 100010010000
12 100010010000
12 100010010000
12 100010010000
12 100010010000
12 100010010000
12 100010010000
12 100010010000
12 100010010000
12 100010010000
12 100010010000
12 100010010000
12 100010010000
7 100010010000
7 100010010000

4 100010010000
12 100010010000
12 100010010000
12 100010010000
2 100010010000
12 100010010000
0 100010010000
12 100010010000
12 100010010000
9 100010010000
7 100010010000
12 100010010000
12 100010010000
12 100010010000
12 100010010000
12 100010010000

2 001000010001
2 001000010001
0 001000010001
0 001000010001
11 001000010001
11 001000010001
11 001000010001
11 001000010001
12 001000010001
12 001000010001
12 001000010001
12 001000010001
12 001000010001
12 001000010001
0 001000010001
0 001000010001

0 100001000100
0 100001000100
9 100001000100
9 100001000100
12 100001000100
12 100001000100
5 100001000100
5 100001000100
12 100001000100
12 100001000100
12 100001000100
12 100001000100
12 100001000100
12 100001000100
0 100001000100
0 100001000100

0 101001000100
0 101001000100
12 101001000100
12 101001000100
9 101001000100
9 101001000100
5 101001000100
5 101001000100
12 101001000100
12 101001000100
12 101001000100
12 101001000100
12 101001000100
12 101001000100
12 101001000100
12 101001000100

4 100010010000
4 100010010000
2 100010010000
2 100010010000
0 100010010000
0 100010010000
0 100010010000
0 100010010000
12 100010010000
12 100010010000
0 100010010000
0 100010010000
2 100010010000
2 100010010000
12 100010010000
12 100010010000

12 001000010001
12 001000010001
2 001000010001
2 001000010001
0 001000010001
0 001000010001
11 001000010001
11 001000010001
7 001000010001
7 001000010001
12 001000010001
12 001000010001
12 001000010001
12 001000010001
12 001000010001
12 001000010001

0 100001000100
0 100001000100
9 100001000100
9 100001000100
12 100001000100
12 100001000100
5 100001000100
5 100001000100
12 100001000100
12 100001000100
12 100001000100
12 100001000100
12 100001000100
12 100001000100
12 100001000100
12 100001000100

0 101001000100
0 101001000100
12 101001000100
12 101001000100
9 101001000100
9 101001000100
5 101001000100
5 101001000100
12 101001000100
12 101001000100
12 101001000100
12 101001000100
12 101001000100
12 101001000100
7 101001000100
7 101001000100

2 100010010000
2 100010010000
4 100010010000
4 100010010000
12 100010010000
12 100010010000
2 100010010000
2 100010010000
12 001000010001
12 001000010001
0 001000010001
0 001000010001
11 001000010001
11 001000010001
0 001000010001
0 001000010001

12 100001000100
11 100001000100
9 100001000100
12 100001000100
12 100001000100
12 100001000100
12 100001000100
12 100001000100
12 100001000100
12 100001000100
12 100001000100
12 100001000100
12 100001000100
12 100001000100
7 100001000100
12 100001000100

2 100010010000
2 100010010000
4 100010010000
4 100010010000
12 100010010000
12 100010010000
2 100010010000
2 100010010000
12 001000010001
12 001000010001
0 001000010001
0 001000010001
11 001000010001
11 001000010001
0 001000010001
0 001000010001

12 100001000100
11 100001000100
9 100001000100
12 100001000100
12 100001000100
12 100001000100
12 100001000100
12 100001000100
12 100001000100
12 100001000100
12 100001000100
12 100001000100
12 100001000100
12 100001000100
7 100001000100
12 100001000100

2 100010010000
2 100010010000
4 100010010000
4 100010010000
12 100010010000
12 100010010000
2 100010010000
2 100010010000
12 001000010001
12 001000010001
0 001000010001
0 001000010001
11 001000010001
11 001000010001
0 001000010001
0 001000010001

12 100001000100
11 100001000100
9 100001000100
12 100001000100
12 100001000100
12 100001000100
9 100001000100
12 100001000100
12 100001000100
12 100001000100
7 100001000100
12 100001000100
12 100001000100
12 100001000100
12 100001000100
12 100001000100

12 100010010000
12 100010010000
4 100010010000
4 100010010000
12 100010010000
12 100010010000
12 100010010000
12 100010010000
12 001000010001
12 001000010001
12 001000010001
12 001000010001
12 001000010001
12 001000010001
12 001000010001
12 001000010001

12 100001000100
12 100001000100
12 100001000100
12 100001000100
12 100001000100
12 100001000100
12 100001000100
12 100001000100
12 100001000100
12 100001000100
12 100001000100
12 100001000100
12 100001000100
12 100001000100
12 100001000100
12 100001000100

12 100010010000
12 100010010000
12 100010010000
12 100010010000
12 100010010000
12 100010010000
12 100010010000
12 100010010000
12 001000010001
12 001000010001
12 001000010001
12 001000010001
12 001000010001
12 001000010001
12 001000010001
12 001000010001

12 100001000100
12 100001000100
12 100001000100
12 100001000100
12 100001000100
12 100001000100
12 100001000100
12 100001000100
12 100001000100
12 100001000100
12 100001000100
12 100001000100
12 100001000100
12 100001000100
12 100001000100
12 100001000100

12 100010010000
12 100010010000
12 100010010000
12 100010010000
12 100010010000
12 100010010000
12 100010010000
12 100010010000
12 001000010001
12 001000010001
12 001000010001
12 001000010001
12 001000010001
12 001000010001
12 001000010001
12 001000010001

12 100001000100
12 100001000100
12 100001000100
12 100001000100
12 100001000100
12 100001000100
12 100001000100
12 100001000100
12 100001000100
12 100001000100
12 100001000100
12 100001000100
12 100001000100
12 100001000100
12 100001000100
12 100001000100

12 100010010000
12 100010010000
12 100010010000
12 100010010000
12 100010010000
12 100010010000
12 100010010000
12 100010010000
12 001000010001
12 001000010001
12 001000010001
12 001000010001
12 001000010001
12 001000010001
12 001000010001
12 001000010001

12 100001000100
12 100001000100
12 100001000100
12 100001000100
12 100001000100
12 100001000100
12 100001000100
12 100001000100
12 100001000100
12 100001000100
12 100001000100
12 100001000100
12 100001000100
12 100001000100
12 100001000100
12 100001000100

12 100010010000
12 100010010000
12 100010010000
12 100010010000
12 100010010000
12 100010010000
12 100010010000
12 100010010000
12 001000010001
12 001000010001
12 001000010001
12 001000010001
12 001000010001
12 001000010001
12 001000010001
12 001000010001

12 100001000100
12 100001000100
12 100001000100
12 100001000100
12 100001000100
12 100001000100
12 100001000100
12 100001000100
12 100001000100
12 100001000100
12 100001000100
12 100001000100
12 100001000100
12 100001000100
12 100001000100
12 100001000100

12 100010010000
12 100010010000
12 100010010000
12 100010010000
12 100010010000
12 100010010000
12 100010010000
12 100010010000
12 100010010000
12 100010010000
12 100010010000
12 100010010000
12 100010010000
12 100010010000
12 100010010000
12 100010010000

