12 000000000000
12 000000000000
12 000000000000
12 000000000000
12 000000000000
12 000000000000
12 000000000000
12 000000000000
12 000000000000
12 000000000000
12 000000000000
12 000000000000
12 000000000000
12 000000000000
7 000000000000
7 000000000000

9 100010000100
9 100010000100
9 100010000100
9 100010000100
0 100010000100
0 100010000100
0 100010000100
0 100010000100
0 100010000100
0 100010000100
0 100010000100
0 100010000100
12 100010000100
12 100010000100
12 100010000100
12 100010000100

11 100010000100
11 100010000100
12 100010000100
12 100010000100
12 100010000100
12 100010000100
9 100010000100
9 100010000100
12 100010000100
12 100010000100
12 100010000100
12 100010000100
12 100010000100
12 100010000100
7 100010000100
7 100010000100

9 001000100100
9 001000100100
9 001000100100
9 001000100100
0 001000100100
0 001000100100
0 001000100100
0 001000100100
0 001000100100
0 001000100100
0 001000100100
0 001000100100
12 001000100100
12 001000100100
12 001000100100
12 001000100100

11 001000100100
11 001000100100
12 001000100100
12 001000100100
12 001000100100
12 001000100100
9 001000100100
9 001000100100
12 001000100100
12 001000100100
12 001000100100
12 001000100100
12 001000100100
12 001000100100
7 001000100100
7 001000100100

9 100001000100
9 100001000100
9 100001000100
9 100001000100
0 100001000100
0 100001000100
0 100001000100
0 100001000100
0 100001000100
0 100001000100
0 100001000100
0 100001000100
12 100001000100
12 100001000100
12 100001000100
12 100001000100

11 100001000100
11 100001000100
11 100001000100
11 100001000100
12 100001000100
12 100001000100
12 100001000100
12 100001000100
9 100001000100
9 100001000100
9 100001000100
9 100001000100
12 100001000100
12 100001000100
12 100001000100
12 100001000100

7 100010010000
7 100010010000
7 100010010000
7 100010010000
7 100010010000
7 100010010000
7 100010010000
7 100010010000
7 100010010000
7 100010010000
7 100010010000
7 100010010000
7 100010010000
7 100010010000
7 100010010000
7 100010010000

12 100010010000
12 100010010000
12 100010010000
12 100010010000
12 100010010000
12 100010010000
12 100010010000
12 100010010000
12 100010010000
12 100010010000
12 100010010000
12 100010010000
12 100010010000
12 100010010000
7 100010010000
7 100010010000

0 100010010000
0 100010010000
12 100010010000
12 100010010000
2 100010010000
2 100010010000
12 100010010000
12 100010010000
4 100010010000
4 100010010000
12 100010010000
12 100010010000
5 100010010000
5 100010010000
4 100010010000
4 100010010000

12 100010000100
12 100010000100
12 100010000100
12 100010000100
12 100010000100
12 100010000100
12 100010000100
12 100010000100
12 100010000100
12 100010000100
12 100010000100
12 100010000100
4 100010000100
4 100010000100
4 100010000100
4 100010000100

7 000010010001
7 000010010001
12 000010010001
12 000010010001
4 000010010001
4 000010010001
12 000010010001
12 000010010001
4 000010010001
4 000010010001
12 000010010001
12 000010010001
12 000010010001
12 000010010001
2 000010010001
2 000010010001

4 001000010001
4 001000010001
7 001000010001
7 001000010001
4 001000010001
4 001000010001
12 001000010001
12 001000010001
12 001000010001
12 001000010001
12 001000010001
12 001000010001
12 001000010001
12 001000010001
0 001000010001
0 001000010001

0 100010010000
0 100010010000
12 100010010000
12 100010010000
2 100010010000
2 100010010000
12 100010010000
12 100010010000
4 100010010000
4 100010010000
12 100010010000
12 100010010000
5 100010010000
5 100010010000
4 100010010000
4 100010010000

12 100010000100
12 100010000100
12 100010000100
12 100010000100
12 100010000100
12 100010000100
12 100010000100
12 100010000100
12 100010000100
12 100010000100
12 100010000100
12 100010000100
4 100010000100
4 100010000100
4 100010000100
4 100010000100

7 000010010001
7 000010010001
12 000010010001
12 000010010001
4 000010010001
4 000010010001
12 000010010001
12 000010010001
4 000010010001
4 000010010001
12 000010010001
12 000010010001
12 000010010001
12 000010010001
2 000010010001
2 000010010001

4 001000010001
4 001000010001
7 001000010001
7 001000010001
4 001000010001
4 001000010001
12 001000010001
12 001000010001
12 001000010001
12 001000010001
7 001000010001
7 001000010001
7 001000010001
7 001000010001
7 001000010001
7 001000010001

9 100010010000
9 100010010000
12 100010010000
12 100010010000
0 100010010000
0 100010010000
12 100010010000
12 100010010000
12 100010010000
12 100010010000
12 100010010000
12 100010010000
0 100010010000
0 100010010000
2 100010010000
2 100010010000

4 100010010000
4 100010010000
12 100010010000
12 100010010000
4 100010010000
4 100010010000
12 100010010000
12 100010010000
2 100010010000
2 100010010000
12 100010010000
12 100010010000
0 100010010000
0 100010010000
2 100010010000
2 100010010000

9 100010000100
9 100010000100
9 100010000100
9 100010000100
9 100010000100
9 100010000100
9 100010000100
9 100010000100
9 100010000100
9 100010000100
9 100010000100
9 100010000100
9 100010000100
9 100010000100
9 100010000100
9 100010000100

12 100010000100
12 100010000100
12 100010000100
12 100010000100
12 100010000100
12 100010000100
12 100010000100
12 100010000100
12 100010000100
12 100010000100
12 100010000100
12 100010000100
0 100010000100
0 100010000100
0 100010000100
0 100010000100

2 001001001000
2 001001001000
12 001001001000
12 001001001000
2 001001001000
2 001001001000
12 001001001000
12 001001001000
12 001001001000
12 001001001000
12 001001001000
12 001001001000
2 001001001000
2 001001001000
2 001001001000
2 001001001000

2 001001001000
2 001001001000
12 001001001000
12 001001001000
2 001001001000
2 001001001000
12 001001001000
12 001001001000
5 001001001000
5 001001001000
12 001001001000
12 001001001000
8 001001001000
8 001001001000
8 001001001000
8 001001001000

12 001000010001
12 001000010001
7 001000010001
7 001000010001
12 001000010001
12 001000010001
12 001000010001
12 001000010001
12 001000010001
12 001000010001
12 001000010001
12 001000010001
12 001000010001
12 001000010001
12 001000010001
12 001000010001

12 001000010001
12 001000010001
12 001000010001
12 001000010001
12 001000010001
12 001000010001
12 001000010001
12 001000010001
12 001000010001
12 001000010001
12 001000010001
12 001000010001
12 001000010001
12 001000010001
7 001000010001
7 001000010001

0 100010010000
0 100010010000
12 100010010000
12 100010010000
2 100010010000
2 100010010000
12 100010010000
12 100010010000
4 100010010000
4 100010010000
12 100010010000
12 100010010000
5 100010010000
5 100010010000
4 100010010000
4 100010010000

12 100010000100
12 100010000100
12 100010000100
12 100010000100
12 100010000100
12 100010000100
12 100010000100
12 100010000100
12 100010000100
12 100010000100
12 100010000100
12 100010000100
12 100010000100
12 100010000100
4 100010000100
4 100010000100

7 000010010001
7 000010010001
12 000010010001
12 000010010001
4 000010010001
4 000010010001
12 000010010001
12 000010010001
4 000010010001
4 000010010001
12 000010010001
12 000010010001
12 000010010001
12 000010010001
2 000010010001
2 000010010001

4 001000010001
4 001000010001
7 001000010001
7 001000010001
4 001000010001
4 001000010001
12 001000010001
12 001000010001
12 001000010001
12 001000010001
12 001000010001
12 001000010001
12 001000010001
12 001000010001
0 001000010001
0 001000010001

0 100010010000
0 100010010000
12 100010010000
12 100010010000
2 100010010000
2 100010010000
12 100010010000
12 100010010000
4 100010010000
4 100010010000
12 100010010000
12 100010010000
5 100010010000
5 100010010000
4 100010010000
4 100010010000

12 100010000100
12 100010000100
12 100010000100
12 100010000100
12 100010000100
12 100010000100
12 100010000100
12 100010000100
12 100010000100
12 100010000100
12 100010000100
12 100010000100
12 100010000100
12 100010000100
4 100010000100
4 100010000100

7 000010010001
7 000010010001
12 000010010001
12 000010010001
4 000010010001
4 000010010001
12 000010010001
12 000010010001
4 000010010001
4 000010010001
12 000010010001
12 000010010001
12 000010010001
12 000010010001
2 000010010001
2 000010010001

4 001000010001
4 001000010001
7 001000010001
7 001000010001
4 001000010001
4 001000010001
12 001000010001
12 001000010001
12 001000010001
12 001000010001
7 001000010001
7 001000010001
7 001000010001
7 001000010001
7 001000010001
7 001000010001

9 100010010000
9 100010010000
12 100010010000
12 100010010000
0 100010010000
0 100010010000
12 100010010000
12 100010010000
12 100010010000
12 100010010000
12 100010010000
12 100010010000
0 100010010000
0 100010010000
2 100010010000
2 100010010000

4 100010010000
4 100010010000
4 100010010000
4 100010010000
4 100010010000
4 100010010000
4 100010010000
4 100010010000
2 100010010000
2 100010010000
2 100010010000
2 100010010000
0 100010010000
0 100010010000
0 100010010000
0 100010010000

9 100010000100
9 100010000100
9 100010000100
9 100010000100
9 100010000100
9 100010000100
9 100010000100
9 100010000100
9 100010000100
9 100010000100
9 100010000100
9 100010000100
9 100010000100
9 100010000100
9 100010000100
9 100010000100

12 100010000100
12 100010000100
12 100010000100
12 100010000100
12 100010000100
12 100010000100
12 100010000100
12 100010000100
12 100010000100
12 100010000100
12 100010000100
12 100010000100
0 100010000100
0 100010000100
0 100010000100
0 100010000100

2 001001001000
2 001001001000
12 001001001000
12 001001001000
2 001001001000
2 001001001000
12 001001001000
12 001001001000
12 001001001000
12 001001001000
12 001001001000
12 001001001000
2 001001001000
2 001001001000
2 001001001000
2 001001001000

2 001001001000
2 001001001000
12 001001001000
12 001001001000
2 001001001000
2 001001001000
12 001001001000
12 001001001000
5 001001001000
5 001001001000
12 001001001000
12 001001001000
8 001001001000
8 001001001000
8 001001001000
8 001001001000

12 001000010001
12 001000010001
7 001000010001
7 001000010001
12 001000010001
12 001000010001
12 001000010001
12 001000010001
12 001000010001
12 001000010001
12 001000010001
12 001000010001
12 001000010001
12 001000010001
4 001000010001
4 001000010001

12 001000010001
12 001000010001
12 001000010001
12 001000010001
12 001000010001
12 001000010001
12 001000010001
12 001000010001
12 001000010001
12 001000010001
12 001000010001
12 001000010001
12 001000010001
12 001000010001
7 001000010001
7 001000010001

9 100010000100
9 100010000100
9 100010000100
9 100010000100
0 100010000100
0 100010000100
0 100010000100
0 100010000100
0 100010000100
0 100010000100
0 100010000100
0 100010000100
12 100010000100
12 100010000100
12 100010000100
12 100010000100

11 100010000100
11 100010000100
12 100010000100
12 100010000100
12 100010000100
12 100010000100
9 100010000100
9 100010000100
12 100010000100
12 100010000100
12 100010000100
12 100010000100
12 100010000100
12 100010000100
7 100010000100
7 100010000100

9 001000100100
9 001000100100
9 001000100100
9 001000100100
0 001000100100
0 001000100100
0 001000100100
0 001000100100
0 001000100100
0 001000100100
0 001000100100
0 001000100100
12 001000100100
12 001000100100
12 001000100100
12 001000100100

11 001000100100
11 001000100100
12 001000100100
12 001000100100
12 001000100100
12 001000100100
9 001000100100
9 001000100100
12 001000100100
12 001000100100
12 001000100100
12 001000100100
2 001000100100
2 001000100100
2 001000100100
2 001000100100

2 001001001000
2 001001001000
12 001001001000
12 001001001000
2 001001001000
2 001001001000
12 001001001000
12 001001001000
2 001001001000
2 001001001000
12 001001001000
12 001001001000
12 001001001000
12 001001001000
2 001001001000
2 001001001000

3 001000010001
3 001000010001
12 001000010001
12 001000010001
3 001000010001
3 001000010001
12 001000010001
12 001000010001
2 001000010001
2 001000010001
12 001000010001
12 001000010001
2 001000010001
2 001000010001
2 001000010001
2 001000010001

12 100010010000
12 100010010000
0 100010010000
0 100010010000
12 100010010000
12 100010010000
12 100010010000
12 100010010000
12 100010010000
12 100010010000
12 100010010000
12 100010010000
12 100010010000
12 100010010000
12 100010010000
12 100010010000

12 100010010000
12 100010010000
12 100010010000
12 100010010000
12 100010010000
12 100010010000
12 100010010000
12 100010010000
12 100010010000
12 100010010000
12 100010010000
12 100010010000
12 100010010000
12 100010010000
7 100010010000
7 100010010000

0 100010010000
0 100010010000
12 100010010000
12 100010010000
2 100010010000
2 100010010000
12 100010010000
12 100010010000
4 100010010000
4 100010010000
12 100010010000
12 100010010000
5 100010010000
5 100010010000
4 100010010000
4 100010010000

12 100010000100
12 100010000100
12 100010000100
12 100010000100
12 100010000100
12 100010000100
12 100010000100
12 100010000100
12 100010000100
12 100010000100
12 100010000100
12 100010000100
12 100010000100
12 100010000100
4 100010000100
4 100010000100

7 000010010001
7 000010010001
12 000010010001
12 000010010001
4 000010010001
4 000010010001
12 000010010001
12 000010010001
4 000010010001
4 000010010001
12 000010010001
12 000010010001
12 000010010001
12 000010010001
2 000010010001
2 000010010001

4 001000010001
4 001000010001
7 001000010001
7 001000010001
4 001000010001
4 001000010001
12 001000010001
12 001000010001
12 001000010001
12 001000010001
12 001000010001
12 001000010001
12 001000010001
12 001000010001
12 001000010001
12 001000010001

0 100010010000
0 100010010000
12 100010010000
12 100010010000
2 100010010000
2 100010010000
12 100010010000
12 100010010000
4 100010010000
4 100010010000
12 100010010000
12 100010010000
5 100010010000
5 100010010000
4 100010010000
4 100010010000

12 100010000100
12 100010000100
12 100010000100
12 100010000100
12 100010000100
12 100010000100
12 100010000100
12 100010000100
12 100010000100
12 100010000100
12 100010000100
12 100010000100
12 100010000100
12 100010000100
4 100010000100
4 100010000100

7 000010010001
7 000010010001
12 000010010001
12 000010010001
4 000010010001
4 000010010001
3 000010010001
3 000010010001
4 000010010001
4 000010010001
12 000010010001
12 000010010001
12 000010010001
12 000010010001
2 000010010001
2 000010010001

4 001000010001
4 001000010001
7 001000010001
7 001000010001
4 001000010001
4 001000010001
12 001000010001
12 001000010001
12 001000010001
12 001000010001
7 001000010001
7 001000010001
7 001000010001
7 001000010001
7 001000010001
7 001000010001

9 100010010000
9 100010010000
12 100010010000
12 100010010000
0 100010010000
0 100010010000
12 100010010000
12 100010010000
12 100010010000
12 100010010000
12 100010010000
12 100010010000
0 100010010000
0 100010010000
2 100010010000
2 100010010000

4 100010010000
4 100010010000
4 100010010000
4 100010010000
4 100010010000
4 100010010000
4 100010010000
4 100010010000
2 100010010000
2 100010010000
2 100010010000
2 100010010000
0 100010010000
0 100010010000
0 100010010000
0 100010010000

9 100010000100
9 100010000100
9 100010000100
9 100010000100
9 100010000100
9 100010000100
9 100010000100
9 100010000100
9 100010000100
9 100010000100
9 100010000100
9 100010000100
9 100010000100
9 100010000100
9 100010000100
9 100010000100

12 100010000100
12 100010000100
12 100010000100
12 100010000100
12 100010000100
12 100010000100
12 100010000100
12 100010000100
12 100010000100
12 100010000100
12 100010000100
12 100010000100
12 100010000100
12 100010000100
0 100010000100
0 100010000100

2 001001001000
2 001001001000
12 001001001000
12 001001001000
2 001001001000
2 001001001000
12 001001001000
12 001001001000
12 001001001000
12 001001001000
12 001001001000
12 001001001000
2 001001001000
2 001001001000
2 001001001000
2 001001001000

2 001001001000
2 001001001000
12 001001001000
12 001001001000
2 001001001000
2 001001001000
12 001001001000
12 001001001000
5 001001001000
5 001001001000
12 001001001000
12 001001001000
8 001001001000
8 001001001000
8 001001001000
8 001001001000

12 001000010001
12 001000010001
7 001000010001
7 001000010001
12 001000010001
12 001000010001
12 001000010001
12 001000010001
12 001000010001
12 001000010001
12 001000010001
12 001000010001
12 001000010001
12 001000010001
4 001000010001
4 001000010001

12 001000010001
12 001000010001
12 001000010001
12 001000010001
12 001000010001
12 001000010001
12 001000010001
12 001000010001
12 001000010001
12 001000010001
12 001000010001
12 001000010001
12 001000010001
12 001000010001
7 001000010001
7 001000010001

9 100010000100
9 100010000100
9 100010000100
9 100010000100
0 100010000100
0 100010000100
0 100010000100
0 100010000100
0 100010000100
0 100010000100
0 100010000100
0 100010000100
12 100010000100
12 100010000100
12 100010000100
12 100010000100

11 100010000100
11 100010000100
12 100010000100
12 100010000100
12 100010000100
12 100010000100
9 100010000100
9 100010000100
12 100010000100
12 100010000100
12 100010000100
12 100010000100
12 100010000100
12 100010000100
7 100010000100
7 100010000100

9 001000100100
9 001000100100
9 001000100100
9 001000100100
0 001000100100
0 001000100100
0 001000100100
0 001000100100
0 001000100100
0 001000100100
0 001000100100
0 001000100100
12 001000100100
12 001000100100
12 001000100100
12 001000100100

11 001000100100
11 001000100100
12 001000100100
12 001000100100
12 001000100100
12 001000100100
9 001000100100
9 001000100100
12 001000100100
12 001000100100
12 001000100100
12 001000100100
2 001000100100
2 001000100100
2 001000100100
2 001000100100

2 001001001000
2 001001001000
12 001001001000
12 001001001000
2 001001001000
2 001001001000
12 001001001000
12 001001001000
2 001001001000
2 001001001000
12 001001001000
12 001001001000
12 001001001000
12 001001001000
2 001001001000
2 001001001000

3 001000010001
3 001000010001
12 001000010001
12 001000010001
3 001000010001
3 001000010001
12 001000010001
12 001000010001
2 001000010001
2 001000010001
12 001000010001
12 001000010001
2 001000010001
2 001000010001
2 001000010001
2 001000010001

12 100010010000
12 100010010000
0 100010010000
0 100010010000
12 100010010000
12 100010010000
12 100010010000
12 100010010000
12 100010010000
12 100010010000
12 100010010000
12 100010010000
12 100010010000
12 100010010000
12 100010010000
12 100010010000

12 100010000100
12 100010000100
12 100010000100
12 100010000100
12 100010000100
12 100010000100
12 100010000100
12 100010000100
12 100010000100
12 100010000100
12 100010000100
12 100010000100
0 100010000100
0 100010000100
0 100010000100
0 100010000100

2 001001001000
2 001001001000
12 001001001000
12 001001001000
2 001001001000
2 001001001000
12 001001001000
12 001001001000
2 001001001000
2 001001001000
12 001001001000
12 001001001000
12 001001001000
12 001001001000
2 001001001000
2 001001001000

3 001000010001
3 001000010001
12 001000010001
12 001000010001
3 001000010001
3 001000010001
12 001000010001
12 001000010001
2 001000010001
2 001000010001
12 001000010001
12 001000010001
2 001000010001
2 001000010001
2 001000010001
2 001000010001

12 100010010000
12 100010010000
0 100010010000
0 100010010000
12 100010010000
12 100010010000
12 100010010000
12 100010010000
12 100010010000
12 100010010000
12 100010010000
12 100010010000
12 100010010000
12 100010010000
12 100010010000
12 100010010000

12 100010000100
12 100010000100
12 100010000100
12 100010000100
12 100010000100
12 100010000100
12 100010000100
12 100010000100
12 100010000100
12 100010000100
12 100010000100
12 100010000100
0 100010000100
0 100010000100
0 100010000100
0 100010000100

2 001001001000
2 001001001000
12 001001001000
12 001001001000
2 001001001000
2 001001001000
12 001001001000
12 001001001000
2 001001001000
2 001001001000
12 001001001000
12 001001001000
12 001001001000
12 001001001000
2 001001001000
2 001001001000

3 001000010001
12 001000010001
12 001000010001
12 001000010001
3 001000010001
12 001000010001
3 001000010001
2 001000010001
0 001000010001
12 001000010001
2 001000010001
12 001000010001
12 001000010001
12 001000010001
0 001000010001
12 001000010001

0 100010010000
0 100010010000
0 100010010000
0 100010010000
0 100010010000
0 100010010000
0 100010010000
0 100010010000
0 100010010000
0 100010010000
0 100010010000
0 100010010000
0 100010010000
0 100010010000
0 100010010000
0 100010010000

12 100010010000
12 100010010000
12 100010010000
12 100010010000
12 100010010000
12 100010010000
12 100010010000
12 100010010000
12 100010010000
12 100010010000
12 100010010000
12 100010010000
12 100010010000
12 100010010000
12 100010010000
12 100010010000

12 100010000100
12 100010000100
12 100010000100
12 100010000100
12 100010000100
12 100010000100
12 100010000100
12 100010000100
0 100010000100
0 100010000100
0 100010000100
0 100010000100
12 100010000100
12 100010000100
12 100010000100
12 100010000100

11 100010000100
11 100010000100
12 100010000100
12 100010000100
12 100010000100
12 100010000100
9 100010000100
9 100010000100
12 100010000100
12 100010000100
12 100010000100
12 100010000100
12 100010000100
12 100010000100
12 100010000100
12 100010000100

12 100001000100
12 100001000100
12 100001000100
12 100001000100
12 100001000100
12 100001000100
12 100001000100
12 100001000100
0 100001000100
0 100001000100
0 100001000100
0 100001000100
12 100001000100
12 100001000100
12 100001000100
12 100001000100

11 100001000100
11 100001000100
11 100001000100
11 100001000100
12 100001000100
12 100001000100
12 100001000100
12 100001000100
9 100001000100
9 100001000100
9 100001000100
9 100001000100
12 100001000100
12 100001000100
12 100001000100
12 100001000100

9 100010010000
9 100010010000
9 100010010000
9 100010010000
9 100010010000
9 100010010000
9 100010010000
9 100010010000
9 100010010000
9 100010010000
9 100010010000
9 100010010000
9 100010010000
9 100010010000
9 100010010000
9 100010010000

12 100010010000
12 100010010000
12 100010010000
12 100010010000
12 100010010000
12 100010010000
12 100010010000
12 100010010000
12 100010010000
12 100010010000
12 100010010000
12 100010010000
12 100010010000
12 100010010000
12 100010010000
12 100010010000

