12 001000010001
12 001000010001
12 001000010001
12 001000010001
12 001000010001
12 001000010001
12 001000010001
12 001000010001
12 001000010001
12 001000010001
12 001000010001
12 001000010001
12 001000010001
12 001000010001
12 001000010001
12 001000010001

12 001001010001
12 001001010001
12 001001010001
12 001001010001
12 001001010001
12 001001010001
12 001001010001
12 001001010001
12 001001010001
12 001001010001
12 001001010001
12 001001010001
12 001001010001
12 001001010001
12 001001010001
12 001001010001

12 100010000100
12 100010000100
12 100010000100
12 100010000100
12 100010000100
12 100010000100
12 100010000100
12 100010000100
12 001000010001
12 001000010001
12 001000010001
12 001000010001
12 001000010001
12 001000010001
12 001000010001
12 001000010001

12 100001000100
12 100001000100
12 100001000100
12 100001000100
12 100001000100
12 100001000100
12 100001000100
12 100001000100
12 100010010000
12 100010010000
12 100010010000
12 100010010000
12 100010010000
12 100010010000
12 100010010000
12 100010010000

12 100010010000
12 100010010000
12 100010010000
12 100010010000
4 100010010000
4 100010010000
4 100010010000
4 100010010000
5 100010010000
5 100010010000
4 100010010000
4 100010010000
12 100010010000
12 100010010000
0 100010010000
0 100010010000

12 100010010000
12 100010010000
12 100010010000
12 100010010000
7 100010010000
12 100010010000
9 100010010000
12 100010010000
2 100010010000
12 100010010000
0 100010010000
12 100010010000
12 100010010000
12 100010010000
12 100010010000
10 100010010000

12 001000010010
12 001000010010
12 001000010010
12 001000010010
12 001000010010
12 001000010010
12 001000010010
12 001000010010
10 001000010010
12 001000010010
12 001000010010
0 001000010010
12 001000010010
12 001000010010
2 001000010010
12 001000010010

7 001000010010
7 001000010010
7 001000010010
7 001000010010
7 001000010010
7 001000010010
7 001000010010
7 001000010010
7 001000010010
7 001000010010
7 001000010010
7 001000010010
7 001000010010
7 001000010010
7 001000010010
7 001000010010

12 010010010100
12 010010010100
12 010010010100
12 010010010100
12 010010010100
12 010010010100
12 010010010100
12 010010010100
10 010010010100
12 010010010100
12 010010010100
0 010010010100
12 010010010100
12 010010010100
1 010010010100
12 010010010100

7 010010010100
7 010010010100
12 010010010100
12 010010010100
12 010010010100
12 010010010100
12 010010010100
12 010010010100
12 010010010100
12 010010010100
12 010010010100
12 010010010100
12 010010010100
12 010010010100
7 010010010100
7 010010010100

7 100001000100
7 100001000100
7 100001000100
7 100001000100
5 100001000100
5 100001000100
5 100001000100
5 100001000100
4 100001000100
4 100001000100
4 100001000100
4 100001000100
2 100001000100
2 100001000100
2 100001000100
2 100001000100

1 010010000100
2 010010000100
4 010010000100
12 010010000100
12 010010000100
12 010010000100
12 010010000100
12 010010000100
12 010010000100
12 010010000100
12 010010000100
12 010010000100
12 010010000100
12 010010000100
12 010010000100
12 010010000100

4 100001000100
4 100001000100
4 100001000100
0 100001000100
0 100001000100
0 100001000100
9 100001000100
9 100001000100
4 100001000100
4 100001000100
4 100001000100
0 100001000100
0 100001000100
0 100001000100
7 100001000100
7 100001000100

2 100010010000
2 100010010000
0 100010010000
0 100010010000
12 100010010000
12 100010010000
12 100010010000
12 100010010000
12 100010010000
12 100010010000
12 100010010000
12 100010010000
12 100010010000
12 100010010000
12 100010010000
12 100010010000

2 001000010001
12 001000010001
12 001000010001
2 001000010001
12 001000010001
12 001000010001
2 001000010001
12 001000010001
2 001000010001
12 001000010001
12 001000010001
2 001000010001
12 001000010001
12 001000010001
2 001000010001
12 001000010001

2 001001010001
2 001001010001
12 001001010001
12 001001010001
12 001001010001
12 001001010001
2 001001010001
2 001001010001
12 001001010001
12 001001010001
12 001001010001
12 001001010001
12 001001010001
12 001001010001
12 001001010001
12 001001010001

12 100010000100
12 100010000100
0 100010000100
0 100010000100
0 100010000100
0 100010000100
0 100010000100
0 100010000100
4 000010010001
4 000010010001
2 000010010001
2 000010010001
0 000010010001
0 000010010001
11 000010010001
11 000010010001

2 100001000100
0 100001000100
9 100001000100
12 100001000100
12 100001000100
12 100001000100
12 100001000100
12 100001000100
12 100001000100
12 100001000100
12 100001000100
12 100001000100
12 100001000100
12 100001000100
12 100001000100
12 100001000100

12 100001000100
12 100001000100
0 100001000100
12 100001000100
0 100001000100
0 100001000100
12 100001000100
11 100001000100
12 001000010001
12 001000010001
12 001000010001
9 001000010001
7 001000010001
12 001000010001
4 001000010001
12 001000010001

0 100010010000
12 100010010000
0 100010010000
0 100010010000
0 100010010000
2 100010010000
0 100010010000
11 100010010000
9 100010000100
12 100010000100
12 100010000100
12 100010000100
12 100010000100
12 100010000100
12 100010000100
12 100010000100

12 100001000100
12 100001000100
0 100001000100
12 100001000100
0 100001000100
0 100001000100
12 100001000100
12 100001000100
2 001000010001
0 001000010001
12 001000010001
11 001000010001
12 001000010001
12 001000010001
0 001000010001
12 001000010001

0 100001000100
0 100001000100
0 100001000100
0 100001000100
0 100001000100
0 100001000100
0 100001000100
0 100001000100
0 100010010000
0 100010010000
0 100010010000
0 100010010000
0 100010010000
0 100010010000
0 100010010000
0 100010010000

12 100010010000
12 100010010000
12 100010010000
12 100010010000
4 100010010000
4 100010010000
4 100010010000
4 100010010000
5 100010010000
5 100010010000
4 100010010000
4 100010010000
12 100010010000
12 100010010000
0 100010010000
0 100010010000

12 100010010000
12 100010010000
12 100010010000
12 100010010000
7 100010010000
7 100010010000
9 100010010000
9 100010010000
2 100010010000
2 100010010000
0 100010010000
0 100010010000
12 100010010000
12 100010010000
12 100010010000
12 100010010000

10 001000010010
12 001000010010
12 001000010010
12 001000010010
12 001000010010
12 001000010010
12 001000010010
12 001000010010
10 001000010010
12 001000010010
12 001000010010
0 001000010010
12 001000010010
12 001000010010
2 001000010010
12 001000010010

7 001000010010
7 001000010010
7 001000010010
7 001000010010
7 001000010010
7 001000010010
7 001000010010
7 001000010010
7 001000010010
7 001000010010
7 001000010010
7 001000010010
7 001000010010
7 001000010010
7 001000010010
7 001000010010

12 010010010100
12 010010010100
12 010010010100
12 010010010100
12 010010010100
12 010010010100
12 010010010100
12 010010010100
10 010010010100
12 010010010100
12 010010010100
0 010010010100
12 010010010100
12 010010010100
1 010010010100
12 010010010100

12 010010010100
12 010010010100
7 010010010100
7 010010010100
12 010010010100
12 010010010100
12 010010010100
12 010010010100
12 010010010100
12 010010010100
12 010010010100
12 010010010100
12 010010010100
12 010010010100
7 010010010100
7 010010010100

7 100001000100
7 100001000100
7 100001000100
7 100001000100
5 100001000100
5 100001000100
5 100001000100
5 100001000100
4 100001000100
4 100001000100
4 100001000100
4 100001000100
2 100001000100
2 100001000100
2 100001000100
2 100001000100

1 010010000100
2 010010000100
4 010010000100
12 010010000100
12 010010000100
12 010010000100
12 010010000100
12 010010000100
12 010010000100
12 010010000100
12 010010000100
12 010010000100
12 010010000100
12 010010000100
12 010010000100
12 010010000100

4 100001000100
4 100001000100
4 100001000100
0 100001000100
0 100001000100
0 100001000100
9 100001000100
9 100001000100
4 100001000100
4 100001000100
4 100001000100
0 100001000100
0 100001000100
0 100001000100
7 100001000100
7 100001000100

2 100010010000
2 100010010000
0 100010010000
0 100010010000
12 100010010000
12 100010010000
12 100010010000
12 100010010000
12 100010010000
12 100010010000
12 100010010000
12 100010010000
12 100010010000
12 100010010000
12 100010010000
12 100010010000

12 100010010000
12 100010010000
12 100010010000
12 100010010000
12 100010010000
12 100010010000
12 100010010000
12 100010010000
12 100010010000
12 100010010000
12 100010010000
12 100010010000
12 100010010000
12 100010010000
12 100010010000
12 100010010000

2 001000010001
12 001000010001
12 001000010001
2 001000010001
12 001000010001
12 001000010001
2 001000010001
12 001000010001
12 001000010001
2 001000010001
12 001000010001
12 001000010001
2 001000010001
12 001000010001
2 001000010001
12 001000010001

2 001001010001
2 001001010001
12 001001010001
12 001001010001
12 001001010001
12 001001010001
12 001001010001
12 001001010001
2 001001010001
2 001001010001
12 001001010001
12 001001010001
12 001001010001
12 001001010001
12 001001010001
12 001001010001

12 100010000100
12 100010000100
0 100010000100
0 100010000100
0 100010000100
0 100010000100
11 100010000100
11 100010000100
4 000010010001
4 000010010001
2 000010010001
2 000010010001
0 000010010001
0 000010010001
11 000010010001
11 000010010001

2 100001000100
0 100001000100
9 100001000100
12 100001000100
12 100001000100
12 100001000100
12 100001000100
12 100001000100
12 100001000100
12 100001000100
12 100001000100
12 100001000100
12 100001000100
12 100001000100
12 100001000100
12 100001000100

12 100001000100
12 100001000100
12 100001000100
0 100001000100
0 100001000100
12 100001000100
0 100001000100
11 100001000100
12 001000010001
12 001000010001
9 001000010001
7 001000010001
12 001000010001
12 001000010001
4 001000010001
12 001000010001

0 100010010000
12 100010010000
0 100010010000
0 100010010000
0 100010010000
2 100010010000
0 100010010000
11 100010010000
9 100010000100
12 100010000100
12 100010000100
12 100010000100
12 100010000100
12 100010000100
12 100010000100
12 100010000100

12 100001000100
12 100001000100
12 100001000100
0 100001000100
0 100001000100
0 100001000100
12 100001000100
12 100001000100
2 001000010001
12 001000010001
0 001000010001
12 001000010001
11 001000010001
12 001000010001
12 001000010001
0 001000010001

12 100001000100
12 100001000100
0 100001000100
0 100001000100
12 100001000100
12 100001000100
12 100001000100
12 100001000100
12 100010010000
12 100010010000
12 100010010000
12 100010010000
12 100010010000
12 100010010000
12 100010010000
12 100010010000

12 100010010000
12 100010010000
12 100010010000
12 100010010000
4 100010010000
4 100010010000
4 100010010000
4 100010010000
5 100010010000
5 100010010000
4 100010010000
4 100010010000
12 100010010000
12 100010010000
0 100010010000
0 100010010000

12 100010010000
12 100010010000
12 100010010000
12 100010010000
7 100010010000
7 100010010000
9 100010010000
9 100010010000
2 100010010000
2 100010010000
0 100010010000
0 100010010000
12 100010010000
12 100010010000
12 100010010000
12 100010010000

10 001000010010
12 001000010010
12 001000010010
12 001000010010
12 001000010010
12 001000010010
12 001000010010
12 001000010010
10 001000010010
12 001000010010
12 001000010010
0 001000010010
12 001000010010
12 001000010010
2 001000010010
12 001000010010

7 001000010010
7 001000010010
7 001000010010
7 001000010010
7 001000010010
7 001000010010
7 001000010010
7 001000010010
7 001000010010
7 001000010010
7 001000010010
7 001000010010
7 001000010010
7 001000010010
7 001000010010
7 001000010010

12 010010010100
12 010010010100
12 010010010100
12 010010010100
12 010010010100
12 010010010100
12 010010010100
12 010010010100
10 010010010100
12 010010010100
12 010010010100
0 010010010100
12 010010010100
12 010010010100
1 010010010100
12 010010010100

12 010010010100
12 010010010100
7 010010010100
7 010010010100
12 010010010100
12 010010010100
12 010010010100
12 010010010100
12 010010010100
12 010010010100
12 010010010100
12 010010010100
12 010010010100
12 010010010100
7 010010010100
7 010010010100

7 100001000100
7 100001000100
7 100001000100
7 100001000100
5 100001000100
5 100001000100
5 100001000100
5 100001000100
4 100001000100
4 100001000100
4 100001000100
4 100001000100
2 100001000100
2 100001000100
2 100001000100
2 100001000100

1 010010000100
2 010010000100
4 010010000100
12 010010000100
12 010010000100
12 010010000100
12 010010000100
12 010010000100
12 010010000100
12 010010000100
12 010010000100
12 010010000100
12 010010000100
12 010010000100
12 010010000100
12 010010000100

4 100001000100
4 100001000100
4 100001000100
0 100001000100
0 100001000100
0 100001000100
9 100001000100
9 100001000100
4 100001000100
4 100001000100
4 100001000100
0 100001000100
0 100001000100
0 100001000100
7 100001000100
7 100001000100

2 100010010000
2 100010010000
0 100010010000
0 100010010000
12 100010010000
12 100010010000
12 100010010000
12 100010010000
12 100010010000
12 100010010000
12 100010010000
12 100010010000
12 100010010000
12 100010010000
12 100010010000
12 100010010000

12 100010010000
12 100010010000
12 100010010000
12 100010010000
12 100010010000
12 100010010000
12 100010010000
12 100010010000
12 100010010000
12 100010010000
12 100010010000
12 100010010000
12 100010010000
12 100010010000
12 100010010000
12 100010010000

2 001000010001
12 001000010001
12 001000010001
2 001000010001
12 001000010001
12 001000010001
12 001000010001
2 001000010001
12 001000010001
12 001000010001
12 001000010001
2 001000010001
12 001000010001
12 001000010001
2 001000010001
12 001000010001

12 001001010001
12 001001010001
12 001001010001
12 001001010001
2 001001010001
2 001001010001
2 001001010001
2 001001010001
2 001001010001
2 001001010001
12 001001010001
12 001001010001
12 001001010001
12 001001010001
12 001001010001
12 001001010001

12 100010000100
12 100010000100
0 100010000100
0 100010000100
0 100010000100
12 100010000100
11 100010000100
12 100010000100
4 000010010001
12 000010010001
2 000010010001
12 000010010001
0 000010010001
12 000010010001
11 000010010001
2 000010010001

12 100001000100
0 100001000100
9 100001000100
12 100001000100
12 100001000100
12 100001000100
12 100001000100
12 100001000100
12 100001000100
12 100001000100
12 100001000100
12 100001000100
12 100001000100
12 100001000100
12 100001000100
12 100001000100

12 100001000100
12 100001000100
0 100001000100
0 100001000100
0 100001000100
0 100001000100
0 100001000100
0 100001000100
11 001000010001
11 001000010001
9 001000010001
9 001000010001
7 001000010001
7 001000010001
4 001000010001
4 001000010001

0 100010010000
12 100010010000
0 100010010000
0 100010010000
0 100010010000
2 100010010000
0 100010010000
11 100010010000
9 100010000100
12 100010000100
12 100010000100
12 100010000100
12 100010000100
12 100010000100
12 100010000100
12 100010000100

12 100001000100
12 100001000100
12 100001000100
0 100001000100
0 100001000100
0 100001000100
12 100001000100
12 100001000100
2 001000010001
12 001000010001
0 001000010001
12 001000010001
12 001000010001
12 001000010001
11 001000010001
11 001000010001

0 100001000100
0 100001000100
0 100001000100
0 100001000100
0 100001000100
0 100001000100
0 100001000100
0 100001000100
0 100010010000
0 100010010000
0 100010010000
0 100010010000
0 100010010000
0 100010010000
0 100010010000
0 100010010000

12 100010010000
12 100010010000
12 100010010000
12 100010010000
4 100010010000
4 100010010000
4 100010010000
4 100010010000
5 100010010000
5 100010010000
4 100010010000
4 100010010000
12 100010010000
12 100010010000
0 100010010000
0 100010010000

12 100010010000
12 100010010000
12 100010010000
12 100010010000
7 100010010000
7 100010010000
9 100010010000
9 100010010000
2 100010010000
2 100010010000
0 100010010000
0 100010010000
12 100010010000
12 100010010000
12 100010010000
12 100010010000

10 001000010010
12 001000010010
12 001000010010
12 001000010010
12 001000010010
12 001000010010
12 001000010010
12 001000010010
10 001000010010
12 001000010010
12 001000010010
0 001000010010
12 001000010010
12 001000010010
2 001000010010
12 001000010010

7 001000010010
7 001000010010
7 001000010010
7 001000010010
7 001000010010
7 001000010010
7 001000010010
7 001000010010
7 001000010010
7 001000010010
7 001000010010
7 001000010010
7 001000010010
7 001000010010
7 001000010010
7 001000010010

12 010010010100
12 010010010100
12 010010010100
12 010010010100
12 010010010100
12 010010010100
12 010010010100
12 010010010100
10 010010010100
12 010010010100
12 010010010100
0 010010010100
12 010010010100
12 010010010100
1 010010010100
12 010010010100

7 010010010100
7 010010010100
12 010010010100
12 010010010100
12 010010010100
12 010010010100
12 010010010100
12 010010010100
12 010010010100
12 010010010100
12 010010010100
12 010010010100
12 010010010100
12 010010010100
7 010010010100
7 010010010100

7 100001000100
7 100001000100
7 100001000100
7 100001000100
5 100001000100
5 100001000100
5 100001000100
5 100001000100
4 100001000100
4 100001000100
4 100001000100
4 100001000100
2 100001000100
2 100001000100
2 100001000100
2 100001000100

1 010010000100
2 010010000100
4 010010000100
12 010010000100
12 010010000100
12 010010000100
12 010010000100
12 010010000100
12 010010000100
12 010010000100
12 010010000100
12 010010000100
12 010010000100
12 010010000100
12 010010000100
12 010010000100

4 100001000100
4 100001000100
4 100001000100
0 100001000100
0 100001000100
0 100001000100
9 100001000100
9 100001000100
4 100001000100
4 100001000100
4 100001000100
0 100001000100
0 100001000100
0 100001000100
7 100001000100
7 100001000100

2 100010010000
2 100010010000
0 100010010000
0 100010010000
12 100010010000
12 100010010000
12 100010010000
12 100010010000
12 100010010000
12 100010010000
12 100010010000
12 100010010000
12 100010010000
12 100010010000
12 100010010000
12 100010010000

4 100001000100
4 100001000100
4 100001000100
0 100001000100
0 100001000100
0 100001000100
9 100001000100
9 100001000100
4 100001000100
4 100001000100
4 100001000100
0 100001000100
0 100001000100
0 100001000100
7 100001000100
7 100001000100

2 100010010000
2 100010010000
2 100010010000
0 100010010000
0 100010010000
0 100010010000
12 100010010000
12 100010010000
12 100010010000
12 100010010000
12 100010010000
12 100010010000
12 100010010000
12 100010010000
12 100010010000
12 100010010000

4 100001000100
4 100001000100
4 100001000100
0 100001000100
0 100001000100
0 100001000100
9 100001000100
9 100001000100
7 001000010001
7 001000010001
7 001000010001
5 001000010001
5 001000010001
5 001000010001
7 001000010001
7 001000010001

9 100001000100
9 100001000100
0 100001000100
0 100001000100
12 100001000100
12 100001000100
12 100001000100
12 100001000100
12 100001000100
12 100001000100
12 100001000100
12 100001000100
12 100001000100
12 100001000100
12 100001000100
12 100001000100

12 100010010000
12 100010010000
12 100010010000
12 100010010000
12 100010010000
12 100010010000
12 100010010000
12 100010010000
12 100010010000
12 100010010000
12 100010010000
12 100010010000
12 100010010000
12 100010010000
12 100010010000
12 100010010000

12 100010010000
12 100010010000
12 100010010000
12 100010010000
12 100010010000
12 100010010000
12 100010010000
12 100010010000
12 100010010000
12 100010010000
12 100010010000
12 100010010000
12 100010010000
12 100010010000
12 100010010000
12 100010010000

12 100010010000
12 100010010000
12 100010010000
12 100010010000
12 100010010000
12 100010010000
12 100010010000
12 100010010000
12 100010010000
12 100010010000
12 100010010000
12 100010010000
12 100010010000
12 100010010000
12 100010010000
12 100010010000

12 100010010000
12 100010010000
12 100010010000
12 100010010000
12 100010010000
12 100010010000
12 100010010000
12 100010010000
12 100010010000
12 100010010000
12 100010010000
12 100010010000
12 100010010000
12 100010010000
12 100010010000
12 100010010000

12 100010010000
12 100010010000
12 100010010000
12 100010010000
12 100010010000
12 100010010000
12 100010010000
12 100010010000
12 100010010000
12 100010010000
12 100010010000
12 100010010000
12 100010010000
12 100010010000
12 100010010000
12 100010010000

12 100010010000
12 100010010000
12 100010010000
12 100010010000
12 100010010000
12 100010010000
12 100010010000
12 100010010000
12 100010010000
12 100010010000
12 100010010000
12 100010010000
12 100010010000
12 100010010000
12 100010010000
12 100010010000

12 100010010000
12 100010010000
12 100010010000
12 100010010000
12 100010010000
12 100010010000
12 100010010000
12 100010010000
12 100010010000
12 100010010000
12 100010010000
12 100010010000
12 100010010000
12 100010010000
12 100010010000
12 100010010000

12 100010010000
12 100010010000
12 100010010000
12 100010010000
12 100010010000
12 100010010000
12 100010010000
12 100010010000
12 100010010000
12 100010010000
12 100010010000
12 100010010000
12 100010010000
12 100010010000
12 100010010000
12 100010010000

12 100010010000
12 100010010000
12 100010010000
12 100010010000
12 100010010000
12 100010010000
12 100010010000
12 100010010000
12 100010010000
12 100010010000
12 100010010000
12 100010010000
12 100010010000
12 100010010000
12 100010010000
12 100010010000

12 100010010000
12 100010010000
12 100010010000
12 100010010000
12 100010010000
12 100010010000
12 100010010000
12 100010010000
12 100010010000
12 100010010000
12 100010010000
12 100010010000
12 100010010000
12 100010010000
12 100010010000
12 100010010000

12 100010010000
12 100010010000
12 100010010000
12 100010010000
12 100010010000
12 100010010000
12 100010010000
12 100010010000
12 100010010000
12 100010010000
12 100010010000
12 100010010000
12 100010010000
12 100010010000
12 100010010000
12 100010010000

12 100010010000
12 100010010000
12 100010010000
12 100010010000
12 100010010000
12 100010010000
12 100010010000
12 100010010000
12 100010010000
12 100010010000
12 100010010000
12 100010010000
12 100010010000
12 100010010000
12 100010010000
12 100010010000

12 100010010000
12 100010010000
12 100010010000
12 100010010000
12 100010010000
12 100010010000
12 100010010000
12 100010010000
12 100010010000
12 100010010000
12 100010010000
12 100010010000
12 100010010000
12 100010010000
12 100010010000
12 100010010000

12 100010010000
12 100010010000
12 100010010000
12 100010010000
12 100010010000
12 100010010000
12 100010010000
12 100010010000
12 100010010000
12 100010010000
12 100010010000
12 100010010000
12 100010010000
12 100010010000
12 100010010000
12 100010010000

12 100010010000
12 100010010000
12 100010010000
12 100010010000
12 100010010000
12 100010010000
12 100010010000
12 100010010000
12 100010010000
12 100010010000
12 100010010000
12 100010010000
12 100010010000
12 100010010000
12 100010010000
12 100010010000

