12 000000000000
12 000000000000
12 000000000000
12 000000000000
12 000000000000
12 000000000000
12 000000000000
12 000000000000
12 000000000000
12 000000000000
12 000000000000
12 000000000000
12 000000000000
12 000000000000
12 000000000000
12 000000000000

12 000000000000
12 000000000000
12 000000000000
12 000000000000
12 000000000000
12 000000000000
12 000000000000
12 000000000000
12 000000000000
12 000000000000
12 000000000000
12 000000000000
12 000000000000
12 000000000000
12 000000000000
12 000000000000

12 100100010000
12 100100010000
12 100100010000
12 100100010000
12 100100010000
12 100100010000
12 100100010000
12 100100010000
12 100100010000
12 100100010000
12 100100010000
12 100100010000
12 100100010000
12 100100010000
12 100100010000
12 100100010000

12 100100010000
12 100100010000
12 100100010000
12 100100010000
12 100100010000
12 100100010000
12 100100010000
12 100100010000
12 100100010000
12 100100010000
12 100100010000
12 100100010000
12 100100010000
12 100100010000
12 100100010000
12 100100010000

12 100100010000
12 100100010000
12 100100010000
12 100100010000
12 100100010000
12 100100010000
12 100100010000
12 100100010000
12 100100010000
12 100100010000
12 100100010000
12 100100010000
12 100100010000
12 100100010000
12 100100010000
12 100100010000

12 100100010000
12 100100010000
12 100100010000
12 100100010000
12 100100010000
12 100100010000
12 100100010000
12 100100010000
12 100100010000
12 100100010000
12 100100010000
12 100100010000
12 100100010000
12 100100010000
12 100100010000
12 100100010000

12 100100010000
12 100100010000
12 100100010000
12 100100010000
12 100100010000
12 100100010000
12 100100010000
12 100100010000
12 100100010000
12 100100010000
12 100100010000
12 100100010000
12 100100010000
12 100100010000
12 100100010000
12 100100010000

12 100100010000
12 100100010000
12 100100010000
12 100100010000
12 100100010000
12 100100010000
12 100100010000
12 100100010000
12 100100010000
12 100100010000
12 100100010000
12 100100010000
12 100100010000
12 100100010000
12 100100010000
12 100100010000

12 100100010000
12 100100010000
12 100100010000
12 100100010000
12 100100010000
12 100100010000
12 100100010000
12 100100010000
12 100100010000
12 100100010000
12 100100010000
12 100100010000
12 100100010000
12 100100010000
12 100100010000
12 100100010000

12 100100010000
12 100100010000
12 100100010000
12 100100010000
12 100100010000
12 100100010000
12 100100010000
12 100100010000
12 100100010000
12 100100010000
12 100100010000
12 100100010000
12 100100010000
12 100100010000
12 100100010000
12 100100010000

12 100100010000
12 100100010000
12 100100010000
12 100100010000
12 100100010000
12 100100010000
12 100100010000
12 100100010000
12 100100010000
12 100100010000
12 100100010000
12 100100010000
12 100100010000
12 100100010000
12 100100010000
12 100100010000

12 100100010000
12 100100010000
12 100100010000
12 100100010000
12 100100010000
12 100100010000
12 100100010000
12 100100010000
12 100100010000
12 100100010000
12 100100010000
12 100100010000
12 100100010000
12 100100010000
12 100100010000
12 100100010000

12 100100010000
12 100100010000
12 100100010000
12 100100010000
12 100100010000
12 100100010000
12 100100010000
12 100100010000
12 100100010000
12 100100010000
12 100100010000
12 100100010000
12 100100010000
12 100100010000
12 100100010000
12 100100010000

12 100100010000
12 100100010000
12 100100010000
12 100100010000
12 100100010000
12 100100010000
12 100100010000
12 100100010000
12 100100010000
12 100100010000
12 100100010000
12 100100010000
12 100100010000
12 100100010000
12 100100010000
12 100100010000

12 100100010000
12 100100010000
3 100100010000
3 100100010000
3 100100010000
3 100100010000
3 100100010000
3 100100010000
3 100100010000
3 100100010000
12 100100010000
12 100100010000
12 100100010000
12 100100010000
7 100100010000
7 100100010000

10 100100010000
10 100100010000
10 100100010000
12 100100010000
10 100100010000
12 100100010000
0 100100010000
12 100100010000
12 001001000010
12 001001000010
12 001001000010
12 001001000010
12 100001000100
12 100001000100
12 100001000100
12 100001000100

12 100100010000
12 100100010000
10 100100010000
10 100100010000
12 100100010000
12 100100010000
10 100100010000
12 100100010000
10 100100010000
12 100100010000
0 100100010000
12 100100010000
12 100100010000
12 100100010000
0 100100010000
12 100100010000

10 100100010000
10 100100010000
6 100100010000
6 100100010000
5 100100010000
5 100100010000
5 100100010000
5 100100010000
3 001001000010
3 001001000010
12 001001000010
12 001001000010
12 100001000100
12 100001000100
12 100001000100
12 100001000100

12 100100010000
12 100100010000
10 100100010000
10 100100010000
10 100100010000
10 100100010000
10 100100010000
10 100100010000
10 100100010000
10 100100010000
0 100100010000
0 100100010000
12 100100010000
12 100100010000
0 100100010000
0 100100010000

10 100100010000
12 100100010000
7 100100010000
5 100100010000
5 100100010000
12 100100010000
5 100100010000
12 100100010000
3 001001000010
12 001001000010
12 001001000010
12 001001000010
12 100001000100
12 100001000100
12 100001000100
12 100001000100

12 100100010000
12 100100010000
10 100100010000
10 100100010000
10 100100010000
12 100100010000
10 100100010000
12 100100010000
0 100100010000
12 100100010000
12 100100010000
12 100100010000
0 100100010000
12 100100010000
7 100100010000
12 100100010000

10 100100010000
12 100100010000
9 100100010000
12 100100010000
5 100100010000
12 100100010000
5 100100010000
12 100100010000
3 001001000010
12 001001000010
10 001001000010
12 001001000010
0 100001000100
10 100001000100
0 100001000100
12 100001000100

12 100100001000
12 100100001000
12 100100001000
12 100100001000
12 100100001000
12 100100001000
12 100100001000
12 100100001000
12 100100001000
12 100100001000
8 100100001000
8 100100001000
10 100100001000
10 100100001000
0 100100001000
0 100100001000

12 000100010010
12 000100010010
10 000100010010
10 000100010010
5 000100010010
5 000100010010
3 000100010010
3 000100010010
12 000100010010
12 000100010010
12 000100010010
12 000100010010
12 000100010010
12 000100010010
1 000100010010
1 000100010010

12 001001000010
12 001001000010
0 001001000010
1 001001000010
0 001001000010
12 001001000010
12 001001000010
12 001001000010
10 001001000010
12 001001000010
12 001001000010
12 001001000010
0 001001000010
12 001001000010
12 001001000010
12 001001000010

12 100001000100
12 100001000100
12 100001000100
12 100001000100
12 100001000100
12 100001000100
6 100001000100
6 100001000100
5 100001000100
5 100001000100
5 100001000100
5 100001000100
3 100001000100
3 100001000100
12 100001000100
12 100001000100

12 100001000100
12 100001000100
10 100001000100
10 100001000100
0 100001000100
0 100001000100
12 100001000100
12 100001000100
12 100001000100
12 100001000100
3 100001000100
3 100001000100
12 100001000100
12 100001000100
12 100001000100
12 100001000100

3 100001000100
3 100001000100
3 100001000100
3 100001000100
2 100001000100
2 100001000100
2 100001000100
2 100001000100
2 100001000100
2 100001000100
2 100001000100
2 100001000100
0 100001000100
0 100001000100
0 100001000100
0 100001000100

0 100100010000
0 100100010000
10 100100010000
10 100100010000
12 100100010000
12 100100010000
12 100100010000
12 100100010000
12 100100010000
12 100100010000
12 100100010000
12 100100010000
12 100100010000
12 100100010000
12 100100010000
12 100100010000

12 100100010000
12 100100010000
12 100100010000
12 100100010000
12 100100010000
12 100100010000
12 100100010000
12 100100010000
10 100100010000
10 100100010000
10 100100010000
10 100100010000
10 100100010000
10 100100010000
0 100100010000
0 100100010000

12 100100010000
12 100100010000
12 100100010000
12 100100010000
12 100100010000
12 100100010000
12 100100010000
12 100100010000
12 100100010000
12 100100010000
12 100100010000
12 100100010000
12 100100010000
12 100100010000
12 100100010000
12 100100010000

12 100100010000
12 100100010000
10 100100010000
10 100100010000
10 100100010000
10 100100010000
10 100100010000
10 100100010000
9 100100010000
9 100100010000
7 100100010000
7 100100010000
10 100100010000
10 100100010000
0 100100010000
0 100100010000

12 100100010000
12 100100010000
10 100100010000
7 100100010000
9 100100010000
12 100100010000
12 100100010000
12 100100010000
12 100100010000
12 100100010000
12 100100010000
12 100100010000
12 100100010000
12 100100010000
12 100100010000
12 100100010000

12 100100010000
12 100100010000
10 100100010000
10 100100010000
10 100100010000
10 100100010000
10 100100010000
10 100100010000
12 100100010000
12 100100010000
10 100100010000
10 100100010000
10 100100010000
10 100100010000
0 100100010000
0 100100010000

12 100100010000
12 100100010000
12 100100010000
12 100100010000
12 100100010000
12 100100010000
12 100100010000
12 100100010000
12 100100010000
12 100100010000
12 100100010000
12 100100010000
12 100100010000
12 100100010000
12 100100010000
12 100100010000

12 100100010000
12 100100010000
12 100100010000
12 100100010000
12 100100010000
12 100100010000
12 100100010000
12 100100010000
12 100100010000
12 100100010000
12 100100010000
12 100100010000
12 100100010000
12 100100010000
12 100100010000
12 100100010000

12 100100010000
12 100100010000
3 100100010000
3 100100010000
3 100100010000
3 100100010000
3 100100010000
3 100100010000
3 100100010000
3 100100010000
12 100100010000
12 100100010000
12 100100010000
12 100100010000
7 100100010000
7 100100010000

10 100100010000
10 100100010000
10 100100010000
12 100100010000
10 100100010000
12 100100010000
0 100100010000
12 100100010000
12 001001000010
12 001001000010
12 001001000010
12 001001000010
12 100001000100
12 100001000100
12 100001000100
12 100001000100

12 100100010000
12 100100010000
10 100100010000
10 100100010000
12 100100010000
12 100100010000
10 100100010000
12 100100010000
0 100100010000
12 100100010000
12 100100010000
12 100100010000
12 100100010000
12 100100010000
0 100100010000
12 100100010000

10 100100010000
10 100100010000
6 100100010000
6 100100010000
5 100100010000
5 100100010000
5 100100010000
5 100100010000
3 001001000010
3 001001000010
12 001001000010
12 001001000010
12 100001000100
12 100001000100
12 100001000100
12 100001000100

12 100100010000
12 100100010000
10 100100010000
10 100100010000
10 100100010000
10 100100010000
10 100100010000
10 100100010000
10 100100010000
10 100100010000
0 100100010000
0 100100010000
12 100100010000
12 100100010000
0 100100010000
0 100100010000

10 100100010000
12 100100010000
7 100100010000
5 100100010000
5 100100010000
12 100100010000
5 100100010000
12 100100010000
3 001001000010
12 001001000010
12 001001000010
12 001001000010
12 100001000100
12 100001000100
12 100001000100
12 100001000100

12 100100010000
12 100100010000
10 100100010000
10 100100010000
10 100100010000
10 100100010000
10 100100010000
10 100100010000
0 100100010000
0 100100010000
12 100100010000
12 100100010000
0 100100010000
0 100100010000
0 100100010000
0 100100010000

10 100100010000
12 100100010000
9 100100010000
12 100100010000
5 100100010000
12 100100010000
5 100100010000
12 100100010000
3 001001000010
12 001001000010
10 001001000010
12 001001000010
0 100001000100
10 100001000100
0 100001000100
12 100001000100

12 100100001000
12 100100001000
12 100100001000
12 100100001000
12 100100001000
12 100100001000
12 100100001000
12 100100001000
12 100100001000
12 100100001000
8 100100001000
8 100100001000
10 100100001000
10 100100001000
0 100100001000
0 100100001000

12 000100010010
12 000100010010
10 000100010010
10 000100010010
5 000100010010
5 000100010010
3 000100010010
3 000100010010
12 000100010010
12 000100010010
12 000100010010
12 000100010010
12 000100010010
12 000100010010
1 000100010010
1 000100010010

0 001001000010
1 001001000010
0 001001000010
12 001001000010
10 001001000010
12 001001000010
0 001001000010
12 001001000010
12 001001000010
12 001001000010
12 001001000010
12 001001000010
10 001001000010
12 001001000010
5 001001000010
12 001001000010

12 100001000100
12 100001000100
6 100001000100
5 100001000100
12 100001000100
12 100001000100
3 100001000100
12 100001000100
12 100001000100
0 100001000100
12 100001000100
12 100001000100
12 100001000100
12 100001000100
3 100001000100
12 100001000100

12 100001000100
12 100001000100
12 100001000100
12 100001000100
12 100001000100
12 100001000100
12 100001000100
12 100001000100
12 100001000100
12 100001000100
12 100001000100
12 100001000100
0 100001000100
0 100001000100
0 100001000100
0 100001000100

12 100001000100
12 100001000100
12 100001000100
12 100001000100
12 100001000100
12 100001000100
12 100001000100
12 100001000100
12 100001000100
12 100001000100
12 100001000100
12 100001000100
12 100001000100
12 100001000100
12 100001000100
12 100001000100

10 100100010000
10 100100010000
10 100100010000
10 100100010000
12 100100010000
12 100100010000
12 100100010000
12 100100010000
12 100100010000
12 100100010000
12 100100010000
12 100100010000
12 100100010000
12 100100010000
12 100100010000
12 100100010000

12 100100010000
12 100100010000
12 100100010000
12 100100010000
12 100100010000
12 100100010000
12 100100010000
12 100100010000
12 100100010000
12 100100010000
12 100100010000
12 100100010000
12 100100010000
12 100100010000
12 100100010000
12 100100010000

12 100100010000
12 100100010000
12 100100010000
12 100100010000
12 100100010000
12 100100010000
12 100100010000
12 100100010000
12 100100010000
12 100100010000
12 100100010000
12 100100010000
12 100100010000
12 100100010000
12 100100010000
12 100100010000

12 100100010000
12 100100010000
12 100100010000
12 100100010000
12 100100010000
12 100100010000
12 100100010000
12 100100010000
12 100100010000
12 100100010000
12 100100010000
12 100100010000
12 100100010000
12 100100010000
12 100100010000
12 100100010000

12 100100010000
12 100100010000
12 100100010000
12 100100010000
12 100100010000
12 100100010000
12 100100010000
12 100100010000
12 100100010000
12 100100010000
12 100100010000
12 100100010000
12 100100010000
12 100100010000
12 100100010000
12 100100010000

12 100100010000
12 100100010000
12 100100010000
12 100100010000
12 100100010000
12 100100010000
12 100100010000
12 100100010000
12 100100010000
12 100100010000
12 100100010000
12 100100010000
12 100100010000
12 100100010000
12 100100010000
12 100100010000

12 100100010000
12 100100010000
12 100100010000
12 100100010000
12 100100010000
12 100100010000
12 100100010000
12 100100010000
12 100100010000
12 100100010000
12 100100010000
12 100100010000
12 100100010000
12 100100010000
12 100100010000
12 100100010000

12 100100010000
12 100100010000
12 100100010000
12 100100010000
12 100100010000
12 100100010000
12 100100010000
12 100100010000
12 100100010000
12 100100010000
12 100100010000
12 100100010000
12 100100010000
12 100100010000
12 100100010000
12 100100010000

12 100010000100
12 100010000100
12 100010000100
12 100010000100
12 100010000100
12 100010000100
2 100010000100
2 100010000100
12 100010000100
12 100010000100
0 100010000100
0 100010000100
12 100010000100
12 100010000100
12 100010000100
12 100010000100

12 100001000100
12 100001000100
12 100001000100
12 100001000100
12 100001000100
12 100001000100
0 100001000100
0 100001000100
12 100001000100
12 100001000100
0 100001000100
0 100001000100
12 100001000100
12 100001000100
12 100001000100
12 100001000100

12 100010000100
12 100010000100
12 100010000100
12 100010000100
12 100010000100
12 100010000100
3 100010000100
3 100010000100
2 100010000100
2 100010000100
0 100010000100
0 100010000100
12 100010000100
12 100010000100
12 100010000100
12 100010000100

12 100001000100
12 100001000100
12 100001000100
12 100001000100
12 100001000100
12 100001000100
0 100001000100
0 100001000100
12 100001000100
12 100001000100
0 100001000100
0 100001000100
12 100001000100
12 100001000100
12 100001000100
12 100001000100

12 000100010010
12 000100010010
12 000100010010
12 000100010010
12 000100010010
12 000100010010
3 000100010010
3 000100010010
3 000100010010
3 000100010010
2 000100010010
2 000100010010
12 000100010010
12 000100010010
0 000100010010
0 000100010010

2 001000010001
2 001000010001
12 001000010001
12 001000010001
12 001000010001
12 001000010001
12 001000010001
12 001000010001
12 001000010001
12 001000010001
2 001000010001
2 001000010001
3 001000010001
3 001000010001
5 001000010001
5 001000010001

12 001000010001
12 001000010001
12 001000010001
12 001000010001
12 001000010001
12 001000010001
12 001000010001
12 001000010001
12 001000010001
12 001000010001
3 001000010001
3 001000010001
12 001000010001
12 001000010001
12 001000010001
12 001000010001

7 001000010001
7 001000010001
3 001000010001
3 001000010001
12 001000010001
12 001000010001
0 001000010001
0 001000010001
12 001000010001
12 001000010001
7 001000010001
7 001000010001
12 001000010001
12 001000010001
0 001000010001
0 001000010001

12 100100010000
12 100100010000
12 100100010000
12 100100010000
12 100100010000
12 100100010000
12 100100010000
12 100100010000
12 100100010000
12 100100010000
12 100100010000
12 100100010000
12 100100010000
12 100100010000
12 100100010000
12 100100010000

12 100100010000
12 100100010000
12 100100010000
12 100100010000
12 100100010000
12 100100010000
12 100100010000
12 100100010000
3 100100010000
3 100100010000
2 100100010000
2 100100010000
2 100100010000
2 100100010000
0 100100010000
0 100100010000

0 100100010000
0 100100010000
9 100100010000
9 100100010000
12 100100010000
12 100100010000
12 100100010000
12 100100010000
12 100100010000
12 100100010000
12 100100010000
12 100100010000
12 100100010000
12 100100010000
12 100100010000
12 100100010000

12 100100010000
12 100100010000
12 100100010000
12 100100010000
12 100100010000
12 100100010000
12 100100010000
12 100100010000
12 100100010000
12 100100010000
12 100100010000
12 100100010000
12 100100010000
12 100100010000
12 100100010000
12 100100010000

12 100100010000
12 100100010000
12 100100010000
12 100100010000
12 100100010000
12 100100010000
12 100100010000
12 100100010000
12 100100010000
12 100100010000
12 100100010000
12 100100010000
12 100100010000
12 100100010000
12 100100010000
12 100100010000

12 100100010000
12 100100010000
12 100100010000
12 100100010000
12 100100010000
12 100100010000
12 100100010000
12 100100010000
12 100100010000
12 100100010000
12 100100010000
12 100100010000
12 100100010000
12 100100010000
12 100100010000
12 100100010000

12 100100010000
12 100100010000
12 100100010000
12 100100010000
12 100100010000
12 100100010000
12 100100010000
12 100100010000
12 100100010000
12 100100010000
12 100100010000
12 100100010000
12 100100010000
12 100100010000
12 100100010000
12 100100010000

12 100100010000
12 100100010000
12 100100010000
12 100100010000
12 100100010000
12 100100010000
12 100100010000
12 100100010000
12 100100010000
12 100100010000
12 100100010000
12 100100010000
12 100100010000
12 100100010000
12 100100010000
12 100100010000

12 100100010000
12 100100010000
3 100100010000
3 100100010000
3 100100010000
3 100100010000
3 100100010000
3 100100010000
3 100100010000
3 100100010000
12 100100010000
12 100100010000
12 100100010000
12 100100010000
7 100100010000
7 100100010000

10 100100010000
12 100100010000
10 100100010000
10 100100010000
10 100100010000
12 100100010000
0 100100010000
12 100100010000
12 001001000010
12 001001000010
12 001001000010
12 001001000010
12 100001000100
12 100001000100
12 100001000100
12 100001000100

12 100100010000
12 100100010000
10 100100010000
10 100100010000
12 100100010000
12 100100010000
10 100100010000
12 100100010000
0 100100010000
12 100100010000
12 100100010000
12 100100010000
12 100100010000
12 100100010000
0 100100010000
12 100100010000

10 100100010000
10 100100010000
6 100100010000
6 100100010000
5 100100010000
5 100100010000
5 100100010000
5 100100010000
3 001001000010
3 001001000010
12 001001000010
12 001001000010
12 100001000100
12 100001000100
12 100001000100
12 100001000100

12 100100010000
12 100100010000
10 100100010000
10 100100010000
10 100100010000
10 100100010000
10 100100010000
10 100100010000
10 100100010000
10 100100010000
0 100100010000
0 100100010000
12 100100010000
12 100100010000
0 100100010000
0 100100010000

10 100100010000
12 100100010000
7 100100010000
5 100100010000
5 100100010000
12 100100010000
5 100100010000
12 100100010000
3 001001000010
12 001001000010
12 001001000010
12 001001000010
12 100001000100
12 100001000100
12 100001000100
12 100001000100

12 100100010000
12 100100010000
10 100100010000
10 100100010000
12 100100010000
12 100100010000
10 100100010000
12 100100010000
10 100100010000
12 100100010000
0 100100010000
12 100100010000
12 100100010000
12 100100010000
0 100100010000
12 100100010000

10 100100010000
12 100100010000
9 100100010000
12 100100010000
5 100100010000
12 100100010000
5 100100010000
12 100100010000
3 001001000010
12 001001000010
10 001001000010
12 001001000010
0 100001000100
10 100001000100
0 100001000100
12 100001000100

12 100100001000
12 100100001000
12 100100001000
12 100100001000
12 100100001000
12 100100001000
12 100100001000
12 100100001000
12 100100001000
12 100100001000
8 100100001000
8 100100001000
10 100100001000
10 100100001000
0 100100001000
0 100100001000

12 000100010010
12 000100010010
10 000100010010
10 000100010010
10 000100010010
10 000100010010
12 000100010010
12 000100010010
12 000100010010
12 000100010010
12 000100010010
12 000100010010
12 000100010010
12 000100010010
1 000100010010
1 000100010010

12 001001000010
12 001001000010
0 001001000010
1 001001000010
0 001001000010
12 001001000010
12 001001000010
12 001001000010
10 001001000010
12 001001000010
12 001001000010
12 001001000010
0 001001000010
12 001001000010
12 001001000010
12 001001000010

10 100001000100
10 100001000100
0 100001000100
0 100001000100
12 100001000100
12 100001000100
3 100001000100
3 100001000100
12 100001000100
12 100001000100
12 100001000100
12 100001000100
12 100001000100
12 100001000100
5 100001000100
5 100001000100

12 100001000100
12 100001000100
12 100001000100
12 100001000100
12 100001000100
12 100001000100
3 100001000100
3 100001000100
12 100001000100
12 100001000100
12 100001000100
12 100001000100
0 100001000100
0 100001000100
12 100001000100
12 100001000100

12 100001000100
12 100001000100
12 100001000100
12 100001000100
12 100001000100
12 100001000100
12 100001000100
12 100001000100
12 100001000100
12 100001000100
12 100001000100
12 100001000100
12 100001000100
12 100001000100
12 100001000100
12 100001000100

12 100100010000
12 100100010000
3 100100010000
3 100100010000
12 100100010000
12 100100010000
12 100100010000
12 100100010000
12 100100010000
12 100100010000
12 100100010000
12 100100010000
12 100100010000
12 100100010000
12 100100010000
12 100100010000

12 100100010000
12 100100010000
12 100100010000
12 100100010000
12 100100010000
12 100100010000
12 100100010000
12 100100010000
12 100100010000
12 100100010000
10 100100010000
12 100100010000
0 100100010000
10 100100010000
0 100100010000
12 100100010000

12 100100010000
12 100100010000
12 100100010000
12 100100010000
12 100100010000
12 100100010000
12 100100010000
12 100100010000
12 100100010000
12 100100010000
12 100100010000
12 100100010000
12 100100010000
12 100100010000
12 100100010000
12 100100010000

12 100100010000
12 100100010000
12 100100010000
12 100100010000
12 100100010000
12 100100010000
12 100100010000
12 100100010000
3 100100010000
3 100100010000
2 100100010000
2 100100010000
2 100100010000
2 100100010000
0 100100010000
0 100100010000

0 100100010000
0 100100010000
10 100100010000
10 100100010000
12 100100010000
12 100100010000
12 100100010000
12 100100010000
12 100100010000
12 100100010000
12 100100010000
12 100100010000
12 100100010000
12 100100010000
12 100100010000
12 100100010000

12 100100010000
12 100100010000
12 100100010000
12 100100010000
12 100100010000
12 100100010000
12 100100010000
12 100100010000
12 100100010000
12 100100010000
10 100100010000
12 100100010000
0 100100010000
10 100100010000
0 100100010000
12 100100010000

12 100100010000
12 100100010000
12 100100010000
12 100100010000
12 100100010000
12 100100010000
12 100100010000
12 100100010000
12 100100010000
12 100100010000
12 100100010000
12 100100010000
12 100100010000
12 100100010000
12 100100010000
12 100100010000

12 100100010000
12 100100010000
10 100100010000
10 100100010000
0 100100010000
0 100100010000
0 100100010000
0 100100010000
3 100100010000
3 100100010000
2 100100010000
2 100100010000
3 100100010000
3 100100010000
0 100100010000
0 100100010000

0 100100010000
0 100100010000
9 100100010000
9 100100010000
12 100100010000
12 100100010000
12 100100010000
12 100100010000
12 100100010000
12 100100010000
12 100100010000
12 100100010000
12 100100010000
12 100100010000
12 100100010000
12 100100010000

12 100100010000
12 100100010000
12 100100010000
12 100100010000
12 100100010000
12 100100010000
12 100100010000
12 100100010000
12 100100010000
12 100100010000
10 100100010000
12 100100010000
0 100100010000
10 100100010000
0 100100010000
12 100100010000

12 100100010000
12 100100010000
10 100100010000
7 100100010000
9 100100010000
12 100100010000
12 100100010000
12 100100010000
12 100100010000
12 100100010000
12 100100010000
12 100100010000
12 100100010000
12 100100010000
12 100100010000
12 100100010000

12 100100010000
12 100100010000
10 100100010000
10 100100010000
0 100100010000
0 100100010000
0 100100010000
0 100100010000
7 100100010000
7 100100010000
5 100100010000
5 100100010000
5 100100010000
5 100100010000
3 100100010000
3 100100010000

5 100100010000
5 100100010000
0 100100010000
0 100100010000
0 100100010000
0 100100010000
9 100100010000
9 100100010000
12 100100010000
12 100100010000
12 100100010000
12 100100010000
12 100100010000
12 100100010000
12 100100010000
12 100100010000

12 100100010000
12 100100010000
12 100100010000
12 100100010000
12 100100010000
12 100100010000
12 100100010000
12 100100010000
7 100100010000
7 100100010000
5 100100010000
5 100100010000
5 100100010000
5 100100010000
3 100100010000
3 100100010000

5 100100010000
5 100100010000
0 100100010000
0 100100010000
0 100100010000
0 100100010000
5 100100010000
5 100100010000
12 100100010000
12 100100010000
12 100100010000
12 100100010000
12 100100010000
12 100100010000
12 100100010000
12 100100010000

12 100100010000
12 100100010000
12 100100010000
12 100100010000
12 100100010000
12 100100010000
12 100100010000
12 100100010000
7 100100010000
7 100100010000
5 100100010000
5 100100010000
5 100100010000
5 100100010000
3 100100010000
3 100100010000

5 100100010000
5 100100010000
0 100100010000
0 100100010000
0 100100010000
0 100100010000
7 100100010000
7 100100010000
12 100100010000
12 100100010000
12 100100010000
12 100100010000
12 100100010000
12 100100010000
12 100100010000
12 100100010000

12 100100010000
12 100100010000
10 100100010000
10 100100010000
0 100100010000
0 100100010000
0 100100010000
0 100100010000
7 100100010000
7 100100010000
5 100100010000
5 100100010000
5 100100010000
5 100100010000
3 100100010000
3 100100010000

5 100100010000
5 100100010000
0 100100010000
0 100100010000
0 100100010000
0 100100010000
7 100100010000
7 100100010000
12 100100010000
12 100100010000
12 100100010000
12 100100010000
0 100100010000
0 100100010000
12 100100010000
12 100100010000

12 100100010000
12 100100010000
0 100100010000
0 100100010000
12 100100010000
12 100100010000
12 100100010000
12 100100010000
12 100100010000
12 100100010000
12 100100010000
12 100100010000
12 100100010000
12 100100010000
12 100100010000
12 100100010000

12 100100010000
12 100100010000
12 100100010000
12 100100010000
12 100100010000
12 100100010000
12 100100010000
12 100100010000
12 100100010000
12 100100010000
12 100100010000
12 100100010000
12 100100010000
12 100100010000
12 100100010000
12 100100010000

12 100100010000
12 100100010000
12 100100010000
12 100100010000
12 100100010000
12 100100010000
12 100100010000
12 100100010000
12 100100010000
12 100100010000
12 100100010000
12 100100010000
12 100100010000
12 100100010000
0 100100010000
0 100100010000

10 100100010000
0 100100010000
12 100100010000
12 100100010000
12 100100010000
12 100100010000
12 100100010000
12 100100010000
12 100100010000
12 100100010000
12 100100010000
12 100100010000
12 100100010000
12 100100010000
12 100100010000
12 100100010000

12 100100010000
12 100100010000
12 100100010000
12 100100010000
12 100100010000
12 100100010000
12 100100010000
12 100100010000
12 100100010000
12 100100010000
12 100100010000
12 100100010000
12 100100010000
12 100100010000
12 100100010000
12 100100010000

