12 100010010000
12 100010010000
12 100010010000
12 100010010000
12 100010010000
12 100010010000
12 100010010000
12 100010010000
12 001000010001
12 001000010001
12 001000010001
12 001000010001
12 001000010001
12 001000010001
12 001000010001
12 001000010001

12 100010000100
12 100010000100
12 100010000100
12 100010000100
12 100010000100
12 100010000100
12 100010000100
12 100010000100
12 001010010001
12 001010010001
12 001010010001
12 001010010001
12 001010010001
12 001010010001
12 001010010001
12 001010010001

12 100001000100
12 100001000100
12 100001000100
12 100001000100
12 100001000100
12 100001000100
12 100001000100
12 100001000100
12 001000010001
12 001000010001
12 001000010001
12 001000010001
12 001000010001
12 001000010001
12 001000010001
12 001000010001

12 100010010000
12 100010010000
12 100010010000
12 100010010000
12 100010010000
12 100010010000
12 100010010000
12 100010010000
12 100010010000
12 100010010000
12 100010010000
12 100010010000
12 100010010000
12 100010010000
12 100010010000
12 100010010000

12 100010010000
12 100010010000
12 100010010000
12 100010010000
4 100010010000
4 100010010000
0 100010010000
0 100010010000
7 001000010001
7 001000010001
12 001000010001
12 001000010001
7 001000010001
7 001000010001
4 001000010001
4 001000010001

12 100010000100
2 100010000100
0 100010000100
12 100010000100
12 100010000100
12 100010000100
12 100010000100
12 100010000100
12 001010010001
12 001010010001
12 001010010001
12 001010010001
12 001010010001
12 001010010001
12 001010010001
12 001010010001

12 100001000100
12 100001000100
12 100001000100
12 100001000100
5 100001000100
5 100001000100
5 100001000100
5 100001000100
4 100010010000
4 100010010000
2 100010010000
2 100010010000
0 100010010000
0 100010010000
4 100010010000
4 100010010000

2 001000010001
2 001000010001
2 001000010001
2 001000010001
2 001000010001
2 001000010001
2 001000010001
2 001000010001
2 001000010001
2 001000010001
2 001000010001
2 001000010001
2 001000010001
2 001000010001
2 001000010001
2 001000010001

12 100010010000
12 100010010000
12 100010010000
12 100010010000
4 100010010000
4 100010010000
0 100010010000
0 100010010000
7 001000010001
7 001000010001
12 001000010001
12 001000010001
2 001000010001
2 001000010001
4 001000010001
4 001000010001

12 100010000100
2 100010000100
0 100010000100
12 100010000100
12 100010000100
12 100010000100
12 100010000100
12 100010000100
12 001010010001
12 001010010001
12 001010010001
12 001010010001
12 001010010001
12 001010010001
12 001010010001
12 001010010001

12 100001000100
12 100001000100
12 100001000100
12 100001000100
5 100001000100
5 100001000100
5 100001000100
5 100001000100
4 100010010000
4 100010010000
2 100010010000
2 100010010000
0 100010010000
0 100010010000
4 100010010000
4 100010010000

2 001000010001
2 001000010001
2 001000010001
2 001000010001
2 001000010001
2 001000010001
2 001000010001
2 001000010001
2 001000010001
2 001000010001
2 001000010001
2 001000010001
2 001000010001
2 001000010001
2 001000010001
2 001000010001

12 100010000100
12 100010000100
12 100010000100
12 100010000100
12 100010000100
12 100010000100
0 100010000100
0 100010000100
0 100010000100
0 100010000100
12 100010000100
12 100010000100
2 100010000100
2 100010000100
11 100010000100
11 100010000100

12 000010001001
12 000010001001
12 000010001001
12 000010001001
12 000010001001
12 000010001001
12 000010001001
12 000010001001
12 000010001001
12 000010001001
12 000010001001
12 000010001001
12 000010001001
12 000010001001
12 000010001001
12 000010001001

12 000010010010
12 000010010010
12 000010010010
12 000010010010
12 000010010010
12 000010010010
10 000010010010
10 000010010010
10 000010010010
10 000010010010
12 000010010010
12 000010010010
0 000010010010
0 000010010010
9 000010010010
9 000010010010

12 010010000100
12 010010000100
12 010010000100
12 010010000100
12 010010000100
12 010010000100
12 010010000100
12 010010000100
2 010010000100
2 010010000100
12 010010000100
12 010010000100
4 010010000100
4 010010000100
5 010010000100
5 010010000100

12 001001000100
12 001001000100
12 001001000100
12 001001000100
12 001001000100
12 001001000100
2 001001000100
2 001001000100
2 001001000100
2 001001000100
12 001001000100
12 001001000100
0 001001000100
0 001001000100
9 001001000100
9 001001000100

7 101001010101
7 101001010101
12 101001010101
12 101001010101
12 101001010101
12 101001010101
12 101001010101
12 101001010101
12 101001010101
12 101001010101
4 101001010101
4 101001010101
2 101001010101
2 101001010101
2 101001010101
2 101001010101

0 100010010000
0 100010010000
0 100010010000
0 100010010000
0 100010010000
0 100010010000
0 100010010000
0 100010010000
0 001000010001
0 001000010001
0 001000010001
0 001000010001
0 001000010001
0 001000010001
0 001000010001
0 001000010001

12 100010000100
12 100010000100
12 100010000100
12 100010000100
12 100010000100
12 100010000100
12 100010000100
12 100010000100
12 001010010001
12 001010010001
12 001010010001
12 001010010001
12 001010010001
12 001010010001
12 001010010001
12 001010010001

12 100001000100
12 100001000100
12 100001000100
12 100001000100
12 100001000100
12 100001000100
12 100001000100
12 100001000100
12 001000010001
12 001000010001
12 001000010001
12 001000010001
12 001000010001
12 001000010001
12 001000010001
12 001000010001

12 100010010000
12 100010010000
12 100010010000
12 100010010000
12 100010010000
12 100010010000
12 100010010000
12 100010010000
12 100010010000
12 100010010000
12 100010010000
12 100010010000
12 100010010000
12 100010010000
12 100010010000
12 100010010000

12 100010010000
12 100010010000
12 100010010000
12 100010010000
4 100010010000
4 100010010000
0 100010010000
0 100010010000
7 001000010001
7 001000010001
12 001000010001
12 001000010001
7 001000010001
7 001000010001
4 001000010001
4 001000010001

12 100010000100
2 100010000100
0 100010000100
12 100010000100
12 100010000100
12 100010000100
12 100010000100
12 100010000100
12 001010010001
12 001010010001
12 001010010001
12 001010010001
12 001010010001
12 001010010001
12 001010010001
12 001010010001

12 100001000100
12 100001000100
12 100001000100
12 100001000100
5 100001000100
5 100001000100
5 100001000100
5 100001000100
4 100010010000
4 100010010000
2 100010010000
2 100010010000
0 100010010000
0 100010010000
4 100010010000
4 100010010000

2 001000010001
2 001000010001
2 001000010001
2 001000010001
2 001000010001
2 001000010001
2 001000010001
2 001000010001
2 001000010001
2 001000010001
2 001000010001
2 001000010001
2 001000010001
2 001000010001
2 001000010001
2 001000010001

12 100010010000
12 100010010000
12 100010010000
12 100010010000
4 100010010000
4 100010010000
0 100010010000
0 100010010000
7 001000010001
7 001000010001
12 001000010001
12 001000010001
9 001000010001
9 001000010001
4 001000010001
4 001000010001

12 100010000100
12 100010000100
12 100010000100
12 100010000100
12 100010000100
12 100010000100
12 100010000100
12 100010000100
12 001010010001
12 001010010001
12 001010010001
12 001010010001
12 001010010001
12 001010010001
12 001010010001
12 001010010001

12 100001000100
12 100001000100
12 100001000100
12 100001000100
5 100001000100
5 100001000100
5 100001000100
5 100001000100
4 100010010000
4 100010010000
2 100010010000
2 100010010000
0 100010010000
0 100010010000
4 100010010000
4 100010010000

2 001000010001
2 001000010001
2 001000010001
2 001000010001
2 001000010001
2 001000010001
2 001000010001
2 001000010001
2 001000010001
2 001000010001
2 001000010001
2 001000010001
2 001000010001
2 001000010001
2 001000010001
2 001000010001

12 100010000100
12 100010000100
12 100010000100
12 100010000100
12 100010000100
12 100010000100
0 100010000100
0 100010000100
0 100010000100
0 100010000100
12 100010000100
12 100010000100
2 100010000100
2 100010000100
11 100010000100
11 100010000100

12 000010001001
12 000010001001
12 000010001001
12 000010001001
12 000010001001
12 000010001001
12 000010001001
12 000010001001
12 000010001001
12 000010001001
12 000010001001
12 000010001001
12 000010001001
12 000010001001
12 000010001001
12 000010001001

12 000010010010
12 000010010010
12 000010010010
12 000010010010
12 000010010010
12 000010010010
10 000010010010
10 000010010010
10 000010010010
10 000010010010
12 000010010010
12 000010010010
0 000010010010
0 000010010010
9 000010010010
9 000010010010

12 010010000100
12 010010000100
12 010010000100
12 010010000100
12 010010000100
12 010010000100
12 010010000100
12 010010000100
2 010010000100
2 010010000100
12 010010000100
12 010010000100
4 010010000100
4 010010000100
5 010010000100
5 010010000100

12 001001000100
12 001001000100
12 001001000100
12 001001000100
12 001001000100
12 001001000100
2 001001000100
12 001001000100
2 001001000100
12 001001000100
12 001001000100
12 001001000100
0 001001000100
12 001001000100
11 001001000100
9 001001000100

7 101001010101
7 101001010101
12 101001010101
12 101001010101
12 101001010101
12 101001010101
12 101001010101
12 101001010101
12 101001010101
12 101001010101
4 101001010101
4 101001010101
2 101001010101
2 101001010101
2 101001010101
2 101001010101

0 100010010000
0 100010010000
0 100010010000
0 100010010000
0 100010010000
0 100010010000
0 100010010000
0 100010010000
0 001000010001
0 001000010001
0 001000010001
0 001000010001
0 001000010001
0 001000010001
0 001000010001
0 001000010001

12 100010000100
12 100010000100
12 100010000100
12 100010000100
12 100010000100
12 100010000100
12 100010000100
12 100010000100
12 001010010001
12 001010010001
12 001010010001
12 001010010001
12 001010010001
12 001010010001
12 001010010001
12 001010010001

12 100001000100
12 100001000100
12 100001000100
12 100001000100
12 100001000100
12 100001000100
12 100001000100
12 100001000100
12 001000010001
12 001000010001
12 001000010001
12 001000010001
12 001000010001
12 001000010001
12 001000010001
12 001000010001

12 100010010000
12 100010010000
12 100010010000
12 100010010000
12 100010010000
12 100010010000
12 100010010000
12 100010010000
12 100010010000
12 100010010000
12 100010010000
12 100010010000
12 100010010000
12 100010010000
12 100010010000
12 100010010000

12 100001000100
12 100001000100
12 100001000100
12 100001000100
9 100001000100
12 100001000100
9 100001000100
12 100001000100
7 100010010000
12 100010010000
12 100010010000
12 100010010000
7 100010010000
12 100010010000
5 100010010000
4 100010010000

2 001001000100
12 001001000100
12 001001000100
12 001001000100
5 001001000100
12 001001000100
2 001001000100
12 001001000100
7 001000010001
12 001000010001
12 001000010001
12 001000010001
2 001000010001
12 001000010001
4 001000010001
2 001000010001

4 100010010000
4 100010010000
4 100010010000
4 100010010000
4 100010010000
4 100010010000
4 100010010000
4 100010010000
4 001000010001
4 001000010001
4 001000010001
4 001000010001
4 001000010001
4 001000010001
4 001000010001
4 001000010001

12 100010000100
12 100010000100
12 100010000100
12 100010000100
12 100010000100
12 100010000100
12 100010000100
12 100010000100
12 001000010001
12 001000010001
12 001000010001
12 001000010001
12 100010010000
12 100010010000
12 100010010000
12 100010010000

12 100001000100
12 100001000100
12 100001000100
12 100001000100
9 100001000100
12 100001000100
9 100001000100
12 100001000100
7 100010010000
12 100010010000
12 100010010000
12 100010010000
7 100010010000
12 100010010000
5 100010010000
4 100010010000

2 001001000100
2 001001000100
12 001001000100
12 001001000100
5 001001000100
5 001001000100
2 001001000100
2 001001000100
7 001000010001
7 001000010001
12 001000010001
12 001000010001
7 001000010001
7 001000010001
4 001000010001
4 001000010001

12 100010010000
12 100010010000
12 100010010000
12 100010010000
12 100010010000
12 100010010000
12 100010010000
12 100010010000
12 001000010001
12 001000010001
4 001000010001
4 001000010001
7 001000010001
7 001000010001
9 001000010001
9 001000010001

12 001000010001
12 001000010001
12 001000010001
12 001000010001
12 001000010001
12 001000010001
12 001000010001
12 001000010001
12 001000010001
12 001000010001
12 001000010001
12 001000010001
12 001000010001
12 001000010001
12 001000010001
12 001000010001

12 100010010000
12 100010010000
12 100010010000
12 100010010000
12 100010010000
12 100010010000
12 100010010000
12 100010010000
12 001000010001
12 001000010001
12 001000010001
12 001000010001
5 001000010001
5 001000010001
4 001000010001
4 001000010001

12 100010000100
12 100010000100
12 100010000100
12 100010000100
12 100010000100
12 100010000100
12 100010000100
12 100010000100
12 001010010001
12 001010010001
12 001010010001
12 001010010001
12 001010010001
12 001010010001
12 001010010001
12 001010010001

12 100001000100
12 100001000100
12 100001000100
12 100001000100
12 100001000100
12 100001000100
12 100001000100
12 100001000100
12 100010010000
12 100010010000
12 100010010000
12 100010010000
12 100010010000
12 100010010000
12 100010010000
12 100010010000

12 001000010001
12 001000010001
12 001000010001
12 001000010001
12 001000010001
12 001000010001
12 001000010001
12 001000010001
12 001000010001
12 001000010001
12 001000010001
12 001000010001
12 001000010001
12 001000010001
12 001000010001
12 001000010001

12 100010010000
12 100010010000
12 100010010000
12 100010010000
12 100010010000
12 100010010000
12 100010010000
12 100010010000
12 001000010001
12 001000010001
12 001000010001
12 001000010001
12 001000010001
12 001000010001
12 001000010001
12 001000010001

12 100010000100
12 100010000100
12 100010000100
12 100010000100
12 100010000100
12 100010000100
12 100010000100
12 100010000100
12 001010010001
12 001010010001
12 001010010001
12 001010010001
12 001010010001
12 001010010001
12 001010010001
12 001010010001

12 100001000100
12 100001000100
12 100001000100
12 100001000100
12 100001000100
12 100001000100
12 100001000100
12 100001000100
12 100010010000
12 100010010000
12 100010010000
12 100010010000
12 100010010000
12 100010010000
12 100010010000
12 100010010000

12 001000010001
12 001000010001
12 001000010001
12 001000010001
12 001000010001
12 001000010001
12 001000010001
12 001000010001
12 001000010001
12 001000010001
12 001000010001
12 001000010001
12 001000010001
12 001000010001
12 001000010001
12 001000010001

12 100010000100
12 100010000100
12 100010000100
12 100010000100
12 100010000100
12 100010000100
0 100010000100
0 100010000100
0 100010000100
0 100010000100
12 100010000100
12 100010000100
2 100010000100
2 100010000100
11 100010000100
11 100010000100

12 000010001001
12 000010001001
12 000010001001
12 000010001001
12 000010001001
12 000010001001
12 000010001001
12 000010001001
12 000010001001
12 000010001001
12 000010001001
12 000010001001
12 000010001001
12 000010001001
12 000010001001
12 000010001001

12 000010010010
12 000010010010
12 000010010010
12 000010010010
12 000010010010
12 000010010010
10 000010010010
10 000010010010
10 000010010010
10 000010010010
12 000010010010
12 000010010010
0 000010010010
0 000010010010
9 000010010010
9 000010010010

12 010010000100
12 010010000100
12 010010000100
12 010010000100
12 010010000100
12 010010000100
12 010010000100
12 010010000100
2 010010000100
2 010010000100
12 010010000100
12 010010000100
4 010010000100
4 010010000100
5 010010000100
5 010010000100

12 001001000100
12 001001000100
12 001001000100
12 001001000100
12 001001000100
12 001001000100
2 001001000100
12 001001000100
2 001001000100
12 001001000100
12 001001000100
12 001001000100
0 001001000100
12 001001000100
11 001001000100
9 001001000100

7 101001010101
7 101001010101
12 101001010101
12 101001010101
12 101001010101
12 101001010101
12 101001010101
12 101001010101
12 101001010101
12 101001010101
4 101001010101
4 101001010101
2 101001010101
2 101001010101
2 101001010101
2 101001010101

0 100010010000
0 100010010000
0 100010010000
0 100010010000
0 100010010000
0 100010010000
0 100010010000
0 100010010000
0 001000010001
0 001000010001
0 001000010001
0 001000010001
0 001000010001
0 001000010001
0 001000010001
0 001000010001

12 100010000100
12 100010000100
12 100010000100
12 100010000100
12 100010000100
12 100010000100
12 100010000100
12 100010000100
12 001010010001
12 001010010001
12 001010010001
12 001010010001
12 001010010001
12 001010010001
12 001010010001
12 001010010001

12 100001000100
12 100001000100
12 100001000100
12 100001000100
12 100001000100
12 100001000100
12 100001000100
12 100001000100
12 001000010001
12 001000010001
12 001000010001
12 001000010001
12 001000010001
12 001000010001
12 001000010001
12 001000010001

12 100010010000
12 100010010000
12 100010010000
12 100010010000
12 100010010000
12 100010010000
12 100010010000
12 100010010000
12 100010010000
12 100010010000
12 100010010000
12 100010010000
12 100010010000
12 100010010000
12 100010010000
12 100010010000

12 100010010000
12 100010010000
12 100010010000
12 100010010000
4 100010010000
4 100010010000
0 100010010000
0 100010010000
7 001000010001
7 001000010001
12 001000010001
12 001000010001
7 001000010001
7 001000010001
4 001000010001
4 001000010001

12 100010000100
2 100010000100
0 100010000100
12 100010000100
12 100010000100
12 100010000100
12 100010000100
12 100010000100
12 001010010001
12 001010010001
12 001010010001
12 001010010001
12 001010010001
12 001010010001
12 001010010001
12 001010010001

12 100001000100
12 100001000100
12 100001000100
12 100001000100
5 100001000100
5 100001000100
5 100001000100
5 100001000100
4 100010010000
4 100010010000
2 100010010000
2 100010010000
0 100010010000
0 100010010000
4 100010010000
4 100010010000

2 001000010001
2 001000010001
2 001000010001
2 001000010001
4 001000010001
4 001000010001
4 001000010001
4 001000010001
12 001000010001
12 001000010001
12 001000010001
12 001000010001
12 001000010001
12 001000010001
12 001000010001
12 001000010001

12 100010010000
12 100010010000
12 100010010000
12 100010010000
4 100010010000
4 100010010000
0 100010010000
0 100010010000
7 001000010001
7 001000010001
12 001000010001
12 001000010001
2 001000010001
2 001000010001
4 001000010001
4 001000010001

12 100010000100
5 100010000100
4 100010000100
12 100010000100
2 100010000100
0 100010000100
12 100010000100
12 100010000100
12 001010010001
12 001010010001
12 001010010001
12 001010010001
12 001010010001
12 001010010001
12 001010010001
12 001010010001

12 100001000100
12 100001000100
12 100001000100
12 100001000100
5 100001000100
5 100001000100
5 100001000100
5 100001000100
4 100010010000
4 100010010000
2 100010010000
2 100010010000
0 100010010000
0 100010010000
4 100010010000
4 100010010000

2 001000010001
2 001000010001
2 001000010001
2 001000010001
2 001000010001
2 001000010001
2 001000010001
2 001000010001
2 001000010001
2 001000010001
2 001000010001
2 001000010001
2 001000010001
2 001000010001
2 001000010001
2 001000010001

12 100010000100
12 100010000100
12 100010000100
12 100010000100
12 100010000100
12 100010000100
0 100010000100
0 100010000100
0 100010000100
0 100010000100
12 100010000100
12 100010000100
2 100010000100
2 100010000100
11 100010000100
11 100010000100

12 000010001001
12 000010001001
12 000010001001
12 000010001001
12 000010001001
12 000010001001
12 000010001001
12 000010001001
12 000010001001
12 000010001001
12 000010001001
12 000010001001
12 000010001001
12 000010001001
12 000010001001
12 000010001001

12 000010010010
12 000010010010
12 000010010010
12 000010010010
12 000010010010
12 000010010010
10 000010010010
10 000010010010
12 000010010010
12 000010010010
10 000010010010
10 000010010010
0 000010010010
0 000010010010
9 000010010010
9 000010010010

12 010010000100
12 010010000100
12 010010000100
12 010010000100
12 010010000100
12 010010000100
12 010010000100
12 010010000100
2 010010000100
2 010010000100
12 010010000100
12 010010000100
4 010010000100
4 010010000100
5 010010000100
5 010010000100

12 001001000100
12 001001000100
12 001001000100
12 001001000100
12 001001000100
12 001001000100
2 001001000100
12 001001000100
2 001001000100
12 001001000100
12 001001000100
12 001001000100
0 001001000100
12 001001000100
11 001001000100
9 001001000100

7 101001010101
7 101001010101
12 101001010101
12 101001010101
12 101001010101
12 101001010101
12 101001010101
12 101001010101
12 101001010101
12 101001010101
4 101001010101
4 101001010101
2 101001010101
2 101001010101
2 101001010101
2 101001010101

0 100010010000
0 100010010000
0 100010010000
0 100010010000
0 100010010000
0 100010010000
0 100010010000
0 100010010000
0 001000010001
0 001000010001
0 001000010001
0 001000010001
0 001000010001
0 001000010001
0 001000010001
0 001000010001

12 100010000100
12 100010000100
12 100010000100
12 100010000100
12 100010000100
12 100010000100
12 100010000100
12 100010000100
12 001010010001
12 001010010001
12 001010010001
12 001010010001
12 001010010001
12 001010010001
12 001010010001
12 001010010001

12 100001000100
12 100001000100
12 100001000100
12 100001000100
12 100001000100
12 100001000100
12 100001000100
12 100001000100
12 001000010001
12 001000010001
12 001000010001
12 001000010001
12 001000010001
12 001000010001
12 001000010001
12 001000010001

12 100010010000
12 100010010000
12 100010010000
12 100010010000
12 100010010000
12 100010010000
12 100010010000
12 100010010000
12 100010010000
12 100010010000
12 100010010000
12 100010010000
12 100010010000
12 100010010000
12 100010010000
12 100010010000

