12 100010010000
12 100010010000
12 100010010000
12 100010010000
12 100010010000
12 100010010000
12 100010010000
12 100010010000
12 100010010000
12 100010010000
12 100010010000
12 100010010000
12 100010010000
12 100010010000
12 100010010000
12 100010010000

12 100010010000
12 100010010000
12 100010010000
12 100010010000
12 100010010000
12 100010010000
12 100010010000
12 100010010000
12 100010010000
12 100010010000
12 100010010000
12 100010010000
12 100010010000
12 100010010000
12 100010010000
12 100010010000

12 100010010000
12 100010010000
12 100010010000
12 100010010000
12 100010010000
12 100010010000
12 100010010000
12 100010010000
12 100010010000
12 100010010000
12 100010010000
12 100010010000
12 100010010000
12 100010010000
12 100010010000
12 100010010000

12 100010010000
12 100010010000
12 100010010000
12 100010010000
12 100010010000
12 100010010000
12 100010010000
12 100010010000
12 100010010000
12 100010010000
12 100010010000
12 100010010000
12 100010010000
12 100010010000
12 100010010000
12 100010010000

9 100010010000
9 100010010000
0 100010010000
0 100010010000
0 100010010000
0 100010010000
0 100010010000
0 100010010000
2 100010010000
2 100010010000
12 100010010000
12 100010010000
0 100010010000
0 100010010000
4 100010010000
4 100010010000

12 000010001001
12 000010001001
12 000010001001
12 000010001001
12 000010001001
12 000010001001
12 000010001001
12 000010001001
12 000010001001
12 000010001001
12 000010001001
12 000010001001
2 000010001001
2 000010001001
4 000010001001
4 000010001001

5 100001000100
5 100001000100
5 100001000100
5 100001000100
5 100001000100
5 100001000100
5 100001000100
5 100001000100
5 100001000100
5 100001000100
4 100001000100
4 100001000100
3 100001000100
3 100001000100
4 100001000100
4 100001000100

2 001000100100
2 001000100100
2 001000100100
2 001000100100
2 001000100100
2 001000100100
2 001000100100
2 001000100100
2 001000100100
2 001000100100
2 001000100100
2 001000100100
2 001000100100
2 001000100100
2 001000100100
2 001000100100

9 100010010000
9 100010010000
0 100010010000
0 100010010000
12 100010010000
12 100010010000
0 100010010000
0 100010010000
2 100010010000
2 100010010000
12 100010010000
12 100010010000
0 100010010000
0 100010010000
4 100010010000
4 100010010000

12 000010001001
12 000010001001
12 000010001001
12 000010001001
12 000010001001
12 000010001001
12 000010001001
12 000010001001
12 000010001001
12 000010001001
12 000010001001
12 000010001001
4 000010001001
4 000010001001
4 000010001001
4 000010001001

5 100001000100
5 100001000100
5 100001000100
5 100001000100
5 100001000100
5 100001000100
5 100001000100
5 100001000100
7 100001000100
7 100001000100
12 100001000100
12 100001000100
4 100001000100
4 100001000100
4 100001000100
4 100001000100

12 001000100100
12 001000100100
12 001000100100
12 001000100100
12 001000100100
12 001000100100
4 001000100100
4 001000100100
12 001000100100
12 001000100100
12 001000100100
12 001000100100
12 001000100100
12 001000100100
9 001000100100
9 001000100100

0 100010010000
0 100010010000
0 100010010000
0 100010010000
0 100010010000
0 100010010000
0 100010010000
0 100010010000
0 100010010000
0 100010010000
0 100010010000
0 100010010000
0 100010010000
0 100010010000
2 100010010000
2 100010010000

12 100010000100
12 100010000100
12 100010000100
12 100010000100
12 100010000100
12 100010000100
12 100010000100
12 100010000100
2 100010000100
2 100010000100
4 100010000100
4 100010000100
4 100010000100
4 100010000100
9 100010000100
9 100010000100

7 100010010000
12 100010010000
4 100010010000
2 100010010000
0 100010010000
12 100010010000
12 100010010000
12 100010010000
4 100010010000
12 100010010000
2 100010010000
12 100010010000
0 100010010000
12 100010010000
2 100010010000
12 100010010000

12 100010000100
12 100010000100
12 100010000100
12 100010000100
12 100010000100
12 100010000100
9 100010000100
9 100010000100
7 100010000100
7 100010000100
2 100010000100
2 100010000100
2 100010000100
2 100010000100
12 100010000100
12 100010000100

9 100010010000
9 100010010000
0 100010010000
0 100010010000
0 100010010000
0 100010010000
9 100010010000
9 100010010000
0 100010010000
0 100010010000
0 100010010000
0 100010010000
0 100010010000
0 100010010000
2 100010010000
2 100010010000

12 001000100100
12 001000100100
12 001000100100
12 001000100100
12 001000100100
12 001000100100
12 001000100100
12 001000100100
2 001000100100
2 001000100100
0 001000100100
0 001000100100
9 001000100100
9 001000100100
0 001000100100
0 001000100100

12 100010010000
12 100010010000
12 100010010000
12 100010010000
12 100010010000
12 100010010000
12 100010010000
4 100010010000
12 100010010000
2 100010010000
0 100010010000
12 100010010000
12 100010010000
12 100010010000
12 100010010000
12 100010010000

9 010010000100
9 010010000100
12 010010000100
12 010010000100
12 010010000100
12 010010000100
12 010010000100
12 010010000100
12 010010000100
12 010010000100
12 010010000100
12 010010000100
12 010010000100
12 010010000100
9 010010000100
9 010010000100

0 100010010000
12 100010010000
0 100010010000
12 100010010000
12 100010010000
12 100010010000
12 100010010000
4 100010010000
2 100010010000
0 100010010000
9 100010010000
12 100010010000
0 100010010000
12 100010010000
4 100010010000
12 100010010000

12 000010001001
12 000010001001
4 000010001001
4 000010001001
12 000010001001
12 000010001001
12 000010001001
12 000010001001
12 000010001001
12 000010001001
12 000010001001
12 000010001001
12 000010001001
12 000010001001
5 000010001001
5 000010001001

12 100001000100
12 100001000100
5 100001000100
5 100001000100
5 100001000100
5 100001000100
3 100001000100
3 100001000100
5 100001000100
5 100001000100
4 100001000100
4 100001000100
12 100001000100
12 100001000100
4 100001000100
4 100001000100

12 001000100100
12 001000100100
12 001000100100
12 001000100100
12 001000100100
12 001000100100
12 001000100100
12 001000100100
12 001000100100
12 001000100100
12 001000100100
12 001000100100
12 001000100100
12 001000100100
9 001000100100
9 001000100100

0 100010010000
0 100010010000
0 100010010000
0 100010010000
12 100010010000
12 100010010000
12 100010010000
12 100010010000
2 100010010000
2 100010010000
0 100010010000
0 100010010000
0 100010010000
0 100010010000
4 100010010000
4 100010010000

12 000010001001
12 000010001001
4 000010001001
4 000010001001
12 000010001001
12 000010001001
12 000010001001
12 000010001001
12 000010001001
12 000010001001
0 000010001001
0 000010001001
4 000010001001
4 000010001001
4 000010001001
4 000010001001

5 100001000100
5 100001000100
5 100001000100
5 100001000100
5 100001000100
5 100001000100
5 100001000100
5 100001000100
5 100001000100
5 100001000100
4 100001000100
4 100001000100
3 100001000100
3 100001000100
2 100001000100
2 100001000100

12 001000100100
12 001000100100
12 001000100100
12 001000100100
12 001000100100
12 001000100100
4 001000100100
4 001000100100
12 001000100100
12 001000100100
0 001000100100
0 001000100100
0 001000100100
0 001000100100
9 001000100100
9 001000100100

0 100010010000
0 100010010000
12 100010010000
12 100010010000
0 100010010000
0 100010010000
9 100010010000
9 100010010000
0 100010010000
0 100010010000
0 100010010000
0 100010010000
0 100010010000
0 100010010000
2 100010010000
2 100010010000

12 100010000100
12 100010000100
12 100010000100
12 100010000100
12 100010000100
12 100010000100
12 100010000100
12 100010000100
2 100010000100
2 100010000100
4 100010000100
4 100010000100
4 100010000100
4 100010000100
9 100010000100
9 100010000100

7 100010010000
12 100010010000
4 100010010000
2 100010010000
0 100010010000
12 100010010000
12 100010010000
12 100010010000
4 100010010000
12 100010010000
2 100010010000
12 100010010000
0 100010010000
12 100010010000
2 100010010000
12 100010010000

12 100010000100
12 100010000100
12 100010000100
12 100010000100
12 100010000100
12 100010000100
9 100010000100
9 100010000100
7 100010000100
7 100010000100
2 100010000100
2 100010000100
12 100010000100
12 100010000100
9 100010000100
9 100010000100

0 100010010000
0 100010010000
0 100010010000
0 100010010000
0 100010010000
0 100010010000
9 100010010000
9 100010010000
0 100010010000
0 100010010000
0 100010010000
0 100010010000
0 100010010000
0 100010010000
2 100010010000
2 100010010000

12 001000100100
12 001000100100
12 001000100100
12 001000100100
12 001000100100
12 001000100100
12 001000100100
12 001000100100
2 001000100100
2 001000100100
0 001000100100
0 001000100100
9 001000100100
9 001000100100
0 001000100100
0 001000100100

12 100010010000
12 100010010000
12 100010010000
12 100010010000
12 100010010000
12 100010010000
4 100010010000
2 100010010000
0 100010010000
12 100010010000
12 100010010000
12 100010010000
12 100010010000
12 100010010000
9 100010010000
12 100010010000

12 010010000100
12 010010000100
12 010010000100
12 010010000100
12 010010000100
12 010010000100
12 010010000100
12 010010000100
12 010010000100
12 010010000100
12 010010000100
12 010010000100
12 010010000100
12 010010000100
12 010010000100
12 010010000100

12 100010010000
12 100010010000
12 100010010000
12 100010010000
12 100010010000
12 100010010000
0 100010010000
0 100010010000
9 001000010001
9 001000010001
12 001000010001
12 001000010001
12 001000010001
12 001000010001
0 001000010001
0 001000010001

9 100001000100
12 100001000100
9 100001000100
12 100001000100
7 100001000100
12 100001000100
3 100001000100
2 100001000100
0 100001000100
12 100001000100
12 100001000100
12 100001000100
12 100001000100
12 100001000100
12 100001000100
12 100001000100

12 100010010000
12 100010010000
12 100010010000
12 100010010000
12 100010010000
12 100010010000
9 100010010000
12 100010010000
12 001000010001
7 001000010001
12 001000010001
12 001000010001
7 001000010001
12 001000010001
12 001000010001
12 001000010001

12 100001000100
4 100001000100
2 100001000100
0 100001000100
12 100001000100
0 100001000100
4 100001000100
12 100001000100
12 100001000100
2 100001000100
2 100001000100
12 100001000100
0 100001000100
12 100001000100
12 100001000100
12 100001000100

12 100010010000
12 100010010000
12 100010010000
12 100010010000
12 100010010000
12 100010010000
0 100010010000
12 100010010000
9 001000010001
12 001000010001
9 001000010001
12 001000010001
12 001000010001
7 001000010001
12 001000010001
12 001000010001

0 100001000100
0 100001000100
9 100001000100
9 100001000100
7 100001000100
7 100001000100
9 100001000100
9 100001000100
7 100010010000
7 100010010000
4 100010010000
4 100010010000
2 100010010000
2 100010010000
0 100010010000
0 100010010000

12 001001000010
12 001001000010
12 001001000010
12 001001000010
9 001001000010
12 001001000010
9 001001000010
12 001001000010
9 001001000010
12 001001000010
9 001001000010
12 001001000010
7 001001000010
12 001001000010
10 001001000010
9 001001000010

7 001000010001
12 001000010001
4 001000010001
12 001000010001
10 001000010001
9 001000010001
7 001000010001
12 001000010001
12 001000010001
12 001000010001
12 001000010001
12 001000010001
12 001000010001
12 001000010001
12 001000010001
12 001000010001

10 100010010000
10 100010010000
0 100010010000
0 100010010000
0 100010010000
0 100010010000
12 100010010000
12 100010010000
2 100010010000
2 100010010000
0 100010010000
0 100010010000
0 100010010000
0 100010010000
4 100010010000
4 100010010000

12 000010001001
12 000010001001
12 000010001001
12 000010001001
12 000010001001
12 000010001001
12 000010001001
12 000010001001
12 000010001001
12 000010001001
0 000010001001
0 000010001001
4 000010001001
4 000010001001
5 000010001001
5 000010001001

12 100001000100
12 100001000100
5 100001000100
5 100001000100
5 100001000100
5 100001000100
5 100001000100
5 100001000100
5 100001000100
5 100001000100
4 100001000100
4 100001000100
4 100001000100
4 100001000100
4 100001000100
4 100001000100

2 001000100100
2 001000100100
2 001000100100
2 001000100100
2 001000100100
2 001000100100
2 001000100100
2 001000100100
2 001000100100
2 001000100100
2 001000100100
2 001000100100
2 001000100100
2 001000100100
2 001000100100
2 001000100100

0 100010010000
12 100010010000
0 100010010000
12 100010010000
12 100010010000
12 100010010000
0 100010010000
12 100010010000
2 100010010000
0 100010010000
9 100010010000
12 100010010000
0 100010010000
12 100010010000
4 100010010000
12 100010010000

12 000010001001
12 000010001001
12 000010001001
12 000010001001
12 000010001001
12 000010001001
12 000010001001
12 000010001001
12 000010001001
12 000010001001
12 000010001001
12 000010001001
4 000010001001
4 000010001001
4 000010001001
4 000010001001

5 100001000100
5 100001000100
12 100001000100
12 100001000100
5 100001000100
5 100001000100
12 100001000100
12 100001000100
5 100001000100
5 100001000100
4 100001000100
4 100001000100
12 100001000100
12 100001000100
2 100001000100
2 100001000100

12 001000100100
12 001000100100
12 001000100100
12 001000100100
12 001000100100
12 001000100100
2 001000100100
2 001000100100
12 001000100100
12 001000100100
0 001000100100
0 001000100100
0 001000100100
0 001000100100
9 001000100100
9 001000100100

0 100010010000
0 100010010000
12 100010010000
12 100010010000
0 100010010000
0 100010010000
9 100010010000
9 100010010000
0 100010010000
0 100010010000
0 100010010000
0 100010010000
0 100010010000
0 100010010000
2 100010010000
2 100010010000

12 100010000100
12 100010000100
12 100010000100
12 100010000100
12 100010000100
12 100010000100
12 100010000100
12 100010000100
2 100010000100
2 100010000100
4 100010000100
4 100010000100
4 100010000100
4 100010000100
9 100010000100
9 100010000100

7 100010010000
12 100010010000
4 100010010000
2 100010010000
0 100010010000
12 100010010000
12 100010010000
12 100010010000
4 100010010000
12 100010010000
2 100010010000
12 100010010000
0 100010010000
12 100010010000
2 100010010000
12 100010010000

12 100010000100
12 100010000100
12 100010000100
12 100010000100
12 100010000100
12 100010000100
9 100010000100
9 100010000100
12 100010000100
12 100010000100
4 100010000100
4 100010000100
12 100010000100
12 100010000100
12 100010000100
12 100010000100

0 100010010000
0 100010010000
0 100010010000
0 100010010000
0 100010010000
0 100010010000
9 100010010000
9 100010010000
0 100010010000
0 100010010000
0 100010010000
0 100010010000
0 100010010000
0 100010010000
2 100010010000
2 100010010000

12 001000100100
12 001000100100
12 001000100100
12 001000100100
12 001000100100
12 001000100100
12 001000100100
12 001000100100
2 001000100100
2 001000100100
0 001000100100
0 001000100100
9 001000100100
9 001000100100
0 001000100100
0 001000100100

12 100010010000
12 100010010000
12 100010010000
12 100010010000
12 100010010000
12 100010010000
4 100010010000
2 100010010000
0 100010010000
12 100010010000
12 100010010000
12 100010010000
12 100010010000
12 100010010000
9 100010010000
12 100010010000

12 010010000100
12 010010000100
12 010010000100
12 010010000100
12 010010000100
12 010010000100
12 010010000100
12 010010000100
12 010010000100
12 010010000100
12 010010000100
12 010010000100
12 010010000100
12 010010000100
12 010010000100
12 010010000100

12 100010010000
12 100010010000
12 100010010000
12 100010010000
12 100010010000
12 100010010000
12 100010010000
12 100010010000
12 100010010000
12 100010010000
12 100010010000
12 100010010000
12 100010010000
12 100010010000
12 100010010000
12 100010010000

12 100010010000
12 100010010000
12 100010010000
12 100010010000
12 100010010000
12 100010010000
12 100010010000
12 100010010000
12 100010010000
12 100010010000
12 100010010000
12 100010010000
12 100010010000
12 100010010000
12 100010010000
12 100010010000

12 100010010000
12 100010010000
12 100010010000
12 100010010000
12 100010010000
12 100010010000
12 100010010000
12 100010010000
12 100010010000
12 100010010000
12 100010010000
12 100010010000
12 100010010000
12 100010010000
12 100010010000
12 100010010000

12 100010000100
12 100010000100
12 100010000100
12 100010000100
12 100010000100
12 100010000100
12 100010000100
12 100010000100
12 100010000100
12 100010000100
12 100010000100
12 100010000100
12 100010000100
12 100010000100
12 100010000100
12 100010000100

