12 100100010000
12 100100010000
12 100100010000
12 100100010000
12 100100010000
12 100100010000
12 100100010000
12 100100010000
12 100100010000
12 100100010000
12 100100010000
12 100100010000
12 100100010000
12 100100010000
12 100100010000
12 100100010000

12 100100010000
12 100100010000
12 100100010000
12 100100010000
12 100100010000
12 100100010000
12 100100010000
12 100100010000
12 100100010000
12 100100010000
12 100100010000
12 100100010000
12 100100010000
12 100100010000
12 100100010000
12 100100010000

7 100100010000
7 100100010000
7 100100010000
7 100100010000
7 100100010000
7 100100010000
7 100100010000
7 100100010000
7 100100010000
7 100100010000
5 100100010000
5 100100010000
3 100100010000
3 100100010000
5 100100010000
5 100100010000

7 100100010000
7 100100010000
12 100100010000
12 100100010000
12 100100010000
12 100100010000
3 100100010000
3 100100010000
5 100001000100
5 100001000100
3 100001000100
3 100001000100
5 100001000100
5 100001000100
3 100001000100
3 100001000100

12 100100010000
12 100100010000
12 100100010000
12 100100010000
12 100100010000
12 100100010000
12 100100010000
12 100100010000
2 100001000100
2 100001000100
3 100001000100
3 100001000100
2 100001000100
2 100001000100
0 100001000100
0 100001000100

12 100100010000
12 100100010000
12 100100010000
12 100100010000
12 100100010000
12 100100010000
12 100100010000
12 100100010000
4 100001000100
4 100001000100
4 100001000100
4 100001000100
12 100001000100
12 100001000100
2 100001000100
2 100001000100

12 101001000100
12 101001000100
12 101001000100
12 101001000100
12 101001000100
12 101001000100
12 101001000100
12 101001000100
12 101001000100
12 101001000100
12 101001000100
12 101001000100
12 101001000100
12 101001000100
12 101001000100
12 101001000100

12 001010010001
12 001010010001
12 001010010001
12 001010010001
12 001010010001
12 001010010001
12 001010010001
12 001010010001
4 001010010001
4 001010010001
5 001010010001
5 001010010001
4 001010010001
4 001010010001
2 001010010001
2 001010010001

12 101001000100
12 101001000100
12 101001000100
0 101001000100
9 101001000100
12 101001000100
12 101001000100
12 101001000100
12 101001000100
12 101001000100
12 101001000100
12 101001000100
12 101001000100
12 101001000100
12 101001000100
12 101001000100

9 001010010001
9 001010010001
9 001010010001
9 001010010001
12 001010010001
12 001010010001
7 001010010001
7 001010010001
12 001010010001
12 001010010001
9 001010010001
9 001010010001
12 001010010001
12 001010010001
7 001010010001
7 001010010001

0 100010000100
0 100010000100
2 100010000100
2 100010000100
4 100010000100
4 100010000100
5 100010000100
5 100010000100
4 100010000100
4 100010000100
12 100010000100
12 100010000100
7 100010000100
7 100010000100
12 100010000100
12 100010000100

9 001010010001
9 001010010001
9 001010010001
9 001010010001
12 001010010001
12 001010010001
7 001010010001
7 001010010001
12 001010010001
12 001010010001
9 001010010001
9 001010010001
12 001010010001
12 001010010001
0 001010010001
0 001010010001

4 100001000100
12 100001000100
12 100001000100
2 100001000100
12 100001000100
12 100001000100
5 100001000100
12 100001000100
4 100001000100
12 100001000100
12 100001000100
2 100001000100
12 100001000100
12 100001000100
5 100001000100
12 100001000100

4 001000010001
4 001000010001
2 001000010001
2 001000010001
12 001000010001
12 001000010001
12 001000010001
12 001000010001
4 001000010001
4 001000010001
2 001000010001
2 001000010001
0 001000010001
0 001000010001
2 001000010001
2 001000010001

4 100010010001
4 100010010001
4 100010010001
4 100010010001
4 100010010001
4 100010010001
4 100010010001
4 100010010001
4 100010010001
4 100010010001
4 100010010001
4 100010010001
4 100010010001
4 100010010001
4 100010010001
4 100010010001

12 100001000100
12 100001000100
12 100001000100
12 100001000100
12 100001000100
12 100001000100
7 100001000100
7 100001000100
9 100001000100
9 100001000100
0 100001000100
0 100001000100
12 100001000100
12 100001000100
2 100001000100
2 100001000100

4 100010010001
4 100010010001
4 100010010001
4 100010010001
4 100010010001
4 100010010001
4 100010010001
4 100010010001
4 100010010001
4 100010010001
4 100010010001
4 100010010001
4 100010010001
4 100010010001
4 100010010001
4 100010010001

12 100001000100
12 100001000100
12 100001000100
12 100001000100
12 100001000100
12 100001000100
7 100001000100
7 100001000100
9 100001000100
9 100001000100
0 100001000100
0 100001000100
12 100001000100
12 100001000100
7 100001000100
7 100001000100

4 100010010001
4 100010010001
4 100010010001
4 100010010001
4 100010010001
4 100010010001
4 100010010001
4 100010010001
4 100010010001
4 100010010001
4 100010010001
4 100010010001
4 100010010001
4 100010010001
4 100010010001
4 100010010001

12 100001000100
12 100001000100
12 100001000100
12 100001000100
12 100001000100
12 100001000100
7 100001000100
7 100001000100
9 100001000100
9 100001000100
0 100001000100
0 100001000100
12 100001000100
12 100001000100
2 100001000100
2 100001000100

4 100010010001
12 100010010001
12 100010010001
12 100010010001
12 100010010001
12 100010010001
12 100010010001
12 100010010001
12 100010010001
12 100010010001
12 100010010001
12 100010010001
12 100010010001
12 100010010001
12 100010010001
12 100010010001

4 100010010001
2 100010010001
0 100010010001
12 100010010001
12 100010010001
12 100010010001
7 100010010001
12 100010010001
9 100010010001
12 100010010001
0 100010010001
12 100010010001
12 100010010001
12 100010010001
12 100010010001
12 100010010001

7 100100010000
7 100100010000
7 100100010000
7 100100010000
7 100100010000
7 100100010000
7 100100010000
7 100100010000
7 100100010000
7 100100010000
3 100100010000
3 100100010000
3 100100010000
3 100100010000
5 100100010000
5 100100010000

7 100100010000
7 100100010000
12 100100010000
12 100100010000
12 100100010000
12 100100010000
3 100100010000
3 100100010000
5 100001000100
5 100001000100
3 100001000100
3 100001000100
5 100001000100
5 100001000100
3 100001000100
3 100001000100

12 100100010000
12 100100010000
12 100100010000
12 100100010000
12 100100010000
12 100100010000
7 100100010000
7 100100010000
2 100001000100
2 100001000100
3 100001000100
3 100001000100
2 100001000100
2 100001000100
0 100001000100
0 100001000100

12 100100010000
12 100100010000
12 100100010000
12 100100010000
12 100100010000
12 100100010000
12 100100010000
12 100100010000
4 100001000100
4 100001000100
4 100001000100
4 100001000100
12 100001000100
12 100001000100
2 100001000100
2 100001000100

12 101001000100
12 101001000100
12 101001000100
0 101001000100
9 101001000100
12 101001000100
12 101001000100
12 101001000100
12 101001000100
12 101001000100
12 101001000100
12 101001000100
12 101001000100
12 101001000100
12 101001000100
12 101001000100

12 001010010001
12 001010010001
12 001010010001
12 001010010001
12 001010010001
12 001010010001
12 001010010001
12 001010010001
9 001010010001
12 001010010001
7 001010010001
12 001010010001
4 001010010001
12 001010010001
5 001010010001
4 001010010001

2 101001000100
2 101001000100
2 101001000100
2 101001000100
2 101001000100
2 101001000100
2 101001000100
2 101001000100
2 101001000100
2 101001000100
2 101001000100
2 101001000100
2 101001000100
2 101001000100
2 101001000100
2 101001000100

9 001010010001
9 001010010001
9 001010010001
9 001010010001
12 001010010001
12 001010010001
7 001010010001
7 001010010001
12 001010010001
12 001010010001
9 001010010001
9 001010010001
12 001010010001
12 001010010001
7 001010010001
7 001010010001

0 100010000100
0 100010000100
2 100010000100
2 100010000100
4 100010000100
4 100010000100
5 100010000100
5 100010000100
4 100010000100
4 100010000100
12 100010000100
12 100010000100
7 100010000100
7 100010000100
12 100010000100
12 100010000100

9 001010010001
9 001010010001
9 001010010001
9 001010010001
12 001010010001
12 001010010001
7 001010010001
7 001010010001
12 001010010001
12 001010010001
9 001010010001
9 001010010001
12 001010010001
12 001010010001
0 001010010001
0 001010010001

4 100001000100
12 100001000100
12 100001000100
2 100001000100
12 100001000100
12 100001000100
5 100001000100
12 100001000100
4 100001000100
12 100001000100
12 100001000100
2 100001000100
12 100001000100
12 100001000100
5 100001000100
12 100001000100

4 001000010001
12 001000010001
12 001000010001
2 001000010001
12 001000010001
12 001000010001
12 001000010001
12 001000010001
4 001000010001
12 001000010001
2 001000010001
12 001000010001
0 001000010001
12 001000010001
2 001000010001
12 001000010001

4 100010010001
12 100010010001
12 100010010001
12 100010010001
12 100010010001
12 100010010001
12 100010010001
12 100010010001
12 100010010001
12 100010010001
12 100010010001
12 100010010001
12 100010010001
12 100010010001
2 100010010001
4 100010010001

4 100001000100
2 100001000100
0 100001000100
12 100001000100
12 100001000100
12 100001000100
7 100001000100
12 100001000100
9 100001000100
12 100001000100
0 100001000100
12 100001000100
12 100001000100
12 100001000100
2 100001000100
12 100001000100

4 100010010001
4 100010010001
4 100010010001
4 100010010001
4 100010010001
4 100010010001
4 100010010001
4 100010010001
4 100010010001
4 100010010001
4 100010010001
4 100010010001
4 100010010001
4 100010010001
4 100010010001
4 100010010001

12 100001000100
12 100001000100
12 100001000100
12 100001000100
12 100001000100
12 100001000100
7 100001000100
7 100001000100
9 100001000100
9 100001000100
0 100001000100
0 100001000100
12 100001000100
12 100001000100
7 100001000100
7 100001000100

4 100010010001
4 100010010001
4 100010010001
4 100010010001
4 100010010001
4 100010010001
4 100010010001
4 100010010001
4 100010010001
4 100010010001
4 100010010001
4 100010010001
4 100010010001
4 100010010001
4 100010010001
4 100010010001

12 100001000100
12 100001000100
12 100001000100
12 100001000100
12 100001000100
12 100001000100
7 100001000100
7 100001000100
9 100001000100
9 100001000100
0 100001000100
0 100001000100
12 100001000100
12 100001000100
2 100001000100
2 100001000100

4 100010010001
4 100010010001
4 100010010001
4 100010010001
4 100010010001
4 100010010001
4 100010010001
4 100010010001
4 100010010001
4 100010010001
4 100010010001
4 100010010001
4 100010010001
4 100010010001
4 100010010001
4 100010010001

12 100001000100
12 100001000100
12 100001000100
12 100001000100
12 100001000100
12 100001000100
7 100001000100
7 100001000100
9 100001000100
9 100001000100
0 100001000100
0 100001000100
12 100001000100
12 100001000100
12 100001000100
12 100001000100

10 100100010000
10 100100010000
10 100100010000
10 100100010000
10 100100010000
10 100100010000
10 100100010000
10 100100010000
10 100100010000
10 100100010000
10 100100010000
10 100100010000
10 100100010000
10 100100010000
10 100100010000
10 100100010000

12 100100010000
12 100100010000
12 100100010000
12 100100010000
12 100100010000
12 100100010000
12 100100010000
12 100100010000
9 100001000100
9 100001000100
9 100001000100
9 100001000100
12 100001000100
12 100001000100
12 100001000100
12 100001000100

7 100100010000
7 100100010000
7 100100010000
7 100100010000
12 100100010000
12 100100010000
12 100100010000
12 100100010000
5 100001000100
5 100001000100
5 100001000100
5 100001000100
12 100001000100
12 100001000100
12 100001000100
12 100001000100

7 100100010000
7 100100010000
7 100100010000
7 100100010000
12 100100010000
12 100100010000
12 100100010000
12 100100010000
5 100001000100
5 100001000100
5 100001000100
5 100001000100
12 100001000100
12 100001000100
12 100001000100
12 100001000100

7 100100010000
7 100100010000
7 100100010000
7 100100010000
12 100100010000
12 100100010000
12 100100010000
12 100100010000
5 100001000100
5 100001000100
5 100001000100
5 100001000100
12 100001000100
12 100001000100
12 100001000100
12 100001000100

7 100100010000
12 100100010000
12 100100010000
12 100100010000
12 100100010000
12 100100010000
12 100100010000
12 100100010000
4 100100010000
12 100100010000
4 100100010000
12 100100010000
12 100100010000
12 100100010000
5 100100010000
4 100100010000

2 101001000100
12 101001000100
12 101001000100
12 101001000100
12 101001000100
12 101001000100
12 101001000100
12 101001000100
12 101001000100
12 101001000100
12 101001000100
12 101001000100
0 101001000100
2 101001000100
0 101001000100
12 101001000100

12 001010010001
12 001010010001
12 001010010001
12 001010010001
12 001010010001
12 001010010001
12 001010010001
12 001010010001
9 001010010001
9 001010010001
7 001010010001
7 001010010001
4 001010010001
4 001010010001
4 001010010001
4 001010010001

2 101001000100
2 101001000100
2 101001000100
2 101001000100
2 101001000100
2 101001000100
2 101001000100
2 101001000100
2 101001000100
2 101001000100
2 101001000100
2 101001000100
2 101001000100
2 101001000100
2 101001000100
2 101001000100

9 001010010001
9 001010010001
9 001010010001
9 001010010001
12 001010010001
12 001010010001
7 001010010001
7 001010010001
12 001010010001
12 001010010001
9 001010010001
9 001010010001
12 001010010001
12 001010010001
7 001010010001
7 001010010001

0 100010000100
12 100010000100
12 100010000100
2 100010000100
4 100010000100
12 100010000100
5 100010000100
12 100010000100
4 100010000100
12 100010000100
12 100010000100
12 100010000100
7 100010000100
12 100010000100
12 100010000100
12 100010000100

9 001010010001
9 001010010001
9 001010010001
9 001010010001
12 001010010001
12 001010010001
7 001010010001
7 001010010001
12 001010010001
12 001010010001
9 001010010001
9 001010010001
12 001010010001
12 001010010001
0 001010010001
0 001010010001

4 100001000100
12 100001000100
12 100001000100
2 100001000100
12 100001000100
12 100001000100
5 100001000100
12 100001000100
4 100001000100
12 100001000100
12 100001000100
2 100001000100
12 100001000100
12 100001000100
5 100001000100
12 100001000100

4 001000010001
4 001000010001
2 001000010001
2 001000010001
12 001000010001
12 001000010001
12 001000010001
12 001000010001
4 001000010001
4 001000010001
2 001000010001
2 001000010001
0 001000010001
0 001000010001
2 001000010001
2 001000010001

4 100010010001
12 100010010001
12 100010010001
12 100010010001
12 100010010001
12 100010010001
12 100010010001
12 100010010001
12 100010010001
12 100010010001
12 100010010001
12 100010010001
12 100010010001
12 100010010001
2 100010010001
4 100010010001

4 100001000100
2 100001000100
0 100001000100
12 100001000100
12 100001000100
12 100001000100
7 100001000100
12 100001000100
9 100001000100
12 100001000100
0 100001000100
12 100001000100
12 100001000100
12 100001000100
2 100001000100
12 100001000100

4 100010010001
4 100010010001
4 100010010001
4 100010010001
4 100010010001
4 100010010001
4 100010010001
4 100010010001
4 100010010001
4 100010010001
4 100010010001
4 100010010001
4 100010010001
4 100010010001
4 100010010001
4 100010010001

12 100001000100
12 100001000100
12 100001000100
12 100001000100
12 100001000100
12 100001000100
7 100001000100
7 100001000100
9 100001000100
9 100001000100
0 100001000100
0 100001000100
12 100001000100
12 100001000100
7 100001000100
7 100001000100

4 100010010001
4 100010010001
4 100010010001
4 100010010001
4 100010010001
4 100010010001
4 100010010001
4 100010010001
4 100010010001
4 100010010001
4 100010010001
4 100010010001
4 100010010001
4 100010010001
4 100010010001
4 100010010001

12 100001000100
12 100001000100
9 100001000100
9 100001000100
0 100001000100
0 100001000100
0 100001000100
0 100001000100
9 100001000100
7 100001000100
12 100001000100
4 100001000100
12 100001000100
0 100001000100
4 100001000100
12 100001000100

12 100010010001
12 100010010001
12 100010010001
12 100010010001
12 100010010001
12 100010010001
12 100010010001
12 100010010001
12 100010010001
12 100010010001
12 100010010001
12 100010010001
12 100010010001
12 100010010001
12 100010010001
12 100010010001

12 100001000100
12 100001000100
9 100001000100
9 100001000100
0 100001000100
0 100001000100
0 100001000100
0 100001000100
9 100001000100
7 100001000100
12 100001000100
4 100001000100
12 100001000100
0 100001000100
4 100001000100
12 100001000100

12 100010010001
12 100010010001
12 100010010001
12 100010010001
12 100010010001
12 100010010001
12 100010010001
12 100010010001
12 100010010001
12 100010010001
12 100010010001
12 100010010001
12 100010010001
12 100010010001
12 100010010001
12 100010010001

12 100001000100
12 100001000100
9 100001000100
9 100001000100
0 100001000100
0 100001000100
0 100001000100
0 100001000100
9 100001000100
7 100001000100
12 100001000100
4 100001000100
12 100001000100
0 100001000100
4 100001000100
12 100001000100

12 100010010001
12 100010010001
12 100010010001
12 100010010001
12 100010010001
12 100010010001
12 100010010001
12 100010010001
12 100010010001
12 100010010001
7 100010010001
7 100010010001
9 100010010001
9 100010010001
0 100010010001
0 100010010001

12 100001000100
12 100001000100
9 100001000100
9 100001000100
0 100001000100
0 100001000100
0 100001000100
0 100001000100
9 100001000100
7 100001000100
12 100001000100
4 100001000100
12 100001000100
0 100001000100
4 100001000100
12 100001000100

12 100010010001
12 100010010001
12 100010010001
12 100010010001
12 100010010001
12 100010010001
12 100010010001
12 100010010001
12 100010010001
12 100010010001
12 100010010001
12 100010010001
12 100010010001
12 100010010001
12 100010010001
12 100010010001

12 100001000100
12 100001000100
12 100001000100
12 100001000100
12 100001000100
12 100001000100
12 100001000100
12 100001000100
12 100001000100
12 100001000100
12 100001000100
12 100001000100
12 100001000100
12 100001000100
12 100001000100
12 100001000100

