12 100010010001
12 100010010001
12 100010010001
12 100010010001
12 100010010001
12 100010010001
12 100010010001
12 100010010001
12 100010010001
12 100010010001
12 100010010001
12 100010010001
12 100010010001
12 100010010001
12 100010010001
12 100010010001

12 100010010001
12 100010010001
12 100010010001
12 100010010001
12 100010010001
12 100010010001
12 100010010001
12 100010010001
12 100010010001
12 100010010001
12 100010010001
12 100010010001
12 100010010001
12 100010010001
12 100010010001
12 100010010001

12 100010010001
12 100010010001
12 100010010001
12 100010010001
12 100010010001
12 100010010001
12 100010010001
12 100010010001
12 100010010001
12 100010010001
12 100010010001
12 100010010001
12 100010010001
12 100010010001
12 100010010001
12 100010010001

12 100010010001
12 100010010001
12 100010010001
12 100010010001
12 100010010001
12 100010010001
12 100010010001
12 100010010001
12 100010010001
12 100010010001
12 100010010001
12 100010010001
12 100010010001
12 100010010001
12 100010010001
12 100010010001

9 100010010001
12 100010010001
12 100010010001
12 100010010001
4 100010010001
12 100010010001
7 100010010001
12 100010010001
7 100010010001
9 100010010001
12 100010010001
12 100010010001
12 100010010001
12 100010010001
12 100010010001
12 100010010001

12 100010010001
12 100010010001
12 100010010001
12 100010010001
12 100010010001
12 100010010001
12 100010010001
9 100010010001
12 100010010001
12 100010010001
7 100010010001
12 100010010001
12 100010010001
7 100010010001
9 100010010001
12 100010010001

4 100010010100
12 100010010100
4 100010010100
12 100010010100
12 100010010100
2 100010010100
12 100010010100
12 100010010100
12 100010010100
0 100010010100
12 100010010100
12 100010010100
12 100010010100
12 100010010100
12 100010010100
12 100010010100

12 100010010100
12 100010010100
12 100010010100
12 100010010100
12 100010010100
12 100010010100
12 100010010100
12 100010010100
12 100010010100
12 100010010100
12 100010010100
12 100010010100
12 100010010100
12 100010010100
12 100010010100
12 100010010100

0 100010010001
12 100010010001
7 100010010001
9 100010010001
12 100010010001
4 100010010001
7 100010010001
12 100010010001
12 100010010001
7 100010010001
9 100010010001
12 100010010001
12 100010010001
12 100010010001
12 100010010001
12 100010010001

12 100010010001
12 100010010001
12 100010010001
12 100010010001
12 100010010001
7 100010010001
12 100010010001
12 100010010001
9 100010010001
12 100010010001
7 100010010001
12 100010010001
7 100010010001
9 100010010001
12 100010010001
12 100010010001

4 100010010100
12 100010010100
4 100010010100
12 100010010100
12 100010010100
2 100010010100
12 100010010100
0 100010010100
12 100010010100
0 100010010100
12 100010010100
12 100010010100
12 100010010100
12 100010010100
12 100010010100
12 100010010100

12 100010010100
12 100010010100
12 100010010100
12 100010010100
12 100010010100
12 100010010100
12 100010010100
9 100010010100
4 100010010100
12 100010010100
4 100010010100
12 100010010100
12 100010010100
2 100010010100
12 100010010100
12 100010010100

0 001001000100
12 001001000100
2 001001000100
4 001001000100
12 001001000100
12 001001000100
0 001001000100
12 001001000100
0 001001000100
12 001001000100
12 001001000100
12 001001000100
12 001001000100
12 001001000100
12 001001000100
12 001001000100

12 001001000100
12 001001000100
12 001001000100
12 001001000100
12 001001000100
12 001001000100
12 001001000100
12 001001000100
9 001001000100
12 001001000100
12 001001000100
0 001001000100
12 001001000100
2 001001000100
12 001001000100
12 001001000100

4 101001010101
12 101001010101
4 101001010101
12 101001010101
12 101001010101
12 101001010101
4 101001010101
12 101001010101
2 101001010101
12 101001010101
2 101001010101
9 101001010101
12 101001010101
12 101001010101
12 101001010101
12 101001010101

12 001001010001
12 001001010001
11 001001010001
11 001001010001
12 001001010001
12 001001010001
9 001001010001
9 001001010001
12 001001010001
12 001001010001
7 001001010001
7 001001010001
12 001001010001
12 001001010001
12 001001010001
12 001001010001

9 100010010001
12 100010010001
12 100010010001
12 100010010001
4 100010010001
12 100010010001
7 100010010001
12 100010010001
12 100010010001
7 100010010001
9 100010010001
12 100010010001
12 100010010001
12 100010010001
12 100010010001
12 100010010001

12 100010010001
12 100010010001
12 100010010001
12 100010010001
12 100010010001
12 100010010001
12 100010010001
9 100010010001
12 100010010001
7 100010010001
12 100010010001
12 100010010001
9 100010010001
12 100010010001
4 100010010001
12 100010010001

12 100010010100
12 100010010100
2 100010010100
12 100010010100
4 100010010100
12 100010010100
2 100010010100
12 100010010100
12 100010010100
0 100010010100
12 100010010100
12 100010010100
12 100010010100
12 100010010100
12 100010010100
12 100010010100

12 100010010100
12 100010010100
12 100010010100
12 100010010100
12 100010010100
12 100010010100
12 100010010100
12 100010010100
12 100010010100
0 100010010100
0 100010010100
12 100010010100
12 100010010100
12 100010010100
12 100010010100
12 100010010100

0 100010010001
12 100010010001
7 100010010001
12 100010010001
9 100010010001
12 100010010001
4 100010010001
7 100010010001
12 100010010001
12 100010010001
12 100010010001
7 100010010001
9 100010010001
12 100010010001
12 100010010001
12 100010010001

12 100010010001
12 100010010001
12 100010010001
12 100010010001
12 100010010001
12 100010010001
7 100010010001
9 100010010001
12 100010010001
7 100010010001
12 100010010001
9 100010010001
4 100010010001
12 100010010001
4 100010010001
12 100010010001

12 100010010100
12 100010010100
2 100010010100
12 100010010100
4 100010010100
12 100010010100
2 100010010100
12 100010010100
12 100010010100
0 100010010100
12 100010010100
12 100010010100
12 100010010100
12 100010010100
12 100010010100
12 100010010100

12 100010010100
12 100010010100
12 100010010100
12 100010010100
12 100010010100
12 100010010100
12 100010010100
9 100010010100
12 100010010100
4 100010010100
12 100010010100
2 100010010100
12 100010010100
2 100010010100
12 100010010100
12 100010010100

0 001001000100
12 001001000100
2 001001000100
4 001001000100
12 001001000100
12 001001000100
12 001001000100
12 001001000100
12 001001000100
0 001001000100
12 001001000100
0 001001000100
12 001001000100
12 001001000100
12 001001000100
12 001001000100

12 001001000100
12 001001000100
12 001001000100
12 001001000100
12 001001000100
12 001001000100
12 001001000100
12 001001000100
9 001001000100
12 001001000100
0 001001000100
12 001001000100
12 001001000100
4 001001000100
12 001001000100
12 001001000100

4 101001010101
12 101001010101
4 101001010101
12 101001010101
12 101001010101
12 101001010101
4 101001010101
12 101001010101
2 101001010101
2 101001010101
12 101001010101
9 101001010101
12 101001010101
12 101001010101
11 101001010101
12 101001010101

12 001001010001
9 001001010001
12 001001010001
12 001001010001
12 001001010001
12 001001010001
7 001001010001
12 001001010001
12 001001010001
12 001001010001
9 001001010001
12 001001010001
12 001001010001
12 001001010001
12 001001010001
12 001001010001

4 101001000100
7 101001000100
12 101001000100
7 101001000100
9 101001000100
12 101001000100
12 101001000100
12 101001000100
12 101001000100
12 101001000100
12 101001000100
12 101001000100
12 101001000100
12 101001000100
0 101001000100
12 101001000100

4 101001010101
7 101001010101
12 101001010101
7 101001010101
9 101001010101
12 101001010101
12 101001010101
12 101001010101
12 101001010101
12 101001010101
12 101001010101
12 101001010101
12 101001010101
12 101001010101
0 101001010101
12 101001010101

4 101001000100
12 101001000100
7 101001000100
12 101001000100
9 101001000100
12 101001000100
12 101001000100
12 101001000100
12 101001000100
12 101001000100
9 101001000100
12 101001000100
12 101001000100
0 101001000100
12 101001000100
12 101001000100

9 101001010101
12 101001010101
7 101001010101
12 101001010101
7 101001010101
9 101001010101
12 101001010101
12 101001010101
12 101001010101
12 101001010101
12 101001010101
12 101001010101
12 101001010101
12 101001010101
12 101001010101
12 101001010101

4 101001000100
4 101001000100
7 101001000100
7 101001000100
9 101001000100
9 101001000100
12 101001000100
12 101001000100
12 101001000100
12 101001000100
12 101001000100
12 101001000100
12 101001000100
12 101001000100
0 101001000100
0 101001000100

4 101001010101
12 101001010101
7 101001010101
12 101001010101
7 101001010101
9 101001010101
12 101001010101
12 101001010101
12 101001010101
12 101001010101
4 101001010101
12 101001010101
12 101001010101
12 101001010101
4 101001010101
12 101001010101

2 100010010001
12 100010010001
0 100010010001
0 100010010001
7 100010010001
9 100010010001
12 100010010001
12 100010010001
12 100010010001
12 100010010001
12 100010010001
12 100010010001
12 100010010001
12 100010010001
4 100010010001
12 100010010001

2 100010010100
12 100010010100
0 100010010100
0 100010010100
7 100010010100
9 100010010100
12 100010010100
12 100010010100
12 100010010100
12 100010010100
0 100010010100
2 100010010100
12 100010010100
12 100010010100
4 100010010100
12 100010010100

2 100010010001
12 100010010001
0 100010010001
0 100010010001
7 100010010001
9 100010010001
12 100010010001
12 100010010001
12 100010010001
12 100010010001
4 100010010001
12 100010010001
12 100010010001
12 100010010001
4 100010010001
12 100010010001

2 100010010100
12 100010010100
0 100010010100
0 100010010100
7 100010010100
9 100010010100
12 100010010100
12 100010010100
12 100010010100
7 100010010100
12 100010010100
12 100010010100
12 100010010100
12 100010010100
0 100010010100
3 100010010100

12 100011001000
5 100011001000
12 100011001000
5 100011001000
7 100011001000
12 100011001000
12 100011001000
12 100011001000
12 100011001000
12 100011001000
12 100011001000
12 100011001000
12 100011001000
12 100011001000
12 100011001000
12 100011001000

12 100011001000
12 100011001000
12 100011001000
12 100011001000
12 100011001000
12 100011001000
12 100011001000
12 100011001000
12 100011001000
12 100011001000
12 100011001000
12 100011001000
12 100011001000
12 100011001000
12 100011001000
12 100011001000

12 100011001000
12 100011001000
7 100011001000
12 100011001000
12 100011001000
3 100011001000
0 100011001000
3 100011001000
12 100011001000
0 100011001000
12 100011001000
0 100011001000
12 100011001000
3 100011001000
12 100011001000
7 100011001000

12 100011001000
12 100011001000
7 100011001000
12 100011001000
12 100011001000
12 100011001000
3 100011001000
5 100011001000
3 100011001000
12 100011001000
12 100011001000
12 100011001000
0 100011001000
12 100011001000
12 100011001000
12 100011001000

12 100011001000
12 100011001000
12 100011001000
12 100011001000
12 100011001000
12 100011001000
12 100011001000
12 100011001000
12 100011001000
12 100011001000
12 100011001000
12 100011001000
12 100011001000
12 100011001000
12 100011001000
12 100011001000

12 100011001000
12 100011001000
12 100011001000
12 100011001000
12 100011001000
12 100011001000
12 100011001000
12 100011001000
12 100011001000
12 100011001000
12 100011001000
12 100011001000
12 100011001000
12 100011001000
12 100011001000
12 100011001000

12 100011001000
12 100011001000
7 100011001000
12 100011001000
12 100011001000
8 100011001000
12 100011001000
8 100011001000
7 100011001000
7 100011001000
12 100011001000
7 100011001000
0 100011001000
0 100011001000
12 100011001000
0 100011001000

7 100011001000
7 100011001000
12 100011001000
7 100011001000
12 100011001000
3 100011001000
12 100011001000
2 100011001000
12 100011001000
0 100011001000
12 100011001000
12 100011001000
12 100011001000
12 100011001000
12 100011001000
12 100011001000

12 101001010101
12 101001010101
12 101001010101
12 101001010101
12 101001010101
12 101001010101
9 101001010101
0 101001010101
12 101001010101
9 101001010101
12 101001010101
12 101001010101
12 101001010101
12 101001010101
12 101001010101
9 101001010101

12 101001010101
3 101001010101
12 101001010101
0 101001010101
12 101001010101
9 101001010101
12 101001010101
9 101001010101
12 101001010101
3 101001010101
12 101001010101
0 101001010101
12 101001010101
12 101001010101
12 101001010101
12 101001010101

12 101001010101
12 101001010101
12 101001010101
12 101001010101
12 101001010101
7 101001010101
9 101001010101
9 101001010101
12 101001010101
3 101001010101
12 101001010101
0 101001010101
12 101001010101
9 101001010101
12 101001010101
4 101001010101

12 101001010101
12 101001010101
5 101001010101
12 101001010101
12 101001010101
12 101001010101
7 101001010101
12 101001010101
12 101001010101
12 101001010101
4 101001010101
12 101001010101
12 101001010101
12 101001010101
0 101001010101
2 101001010101

9 100010010001
12 100010010001
12 100010010001
12 100010010001
4 100010010001
12 100010010001
7 100010010001
12 100010010001
12 100010010001
7 100010010001
9 100010010001
12 100010010001
12 100010010001
12 100010010001
12 100010010001
12 100010010001

12 100010010001
12 100010010001
12 100010010001
12 100010010001
12 100010010001
12 100010010001
12 100010010001
12 100010010001
9 100010010001
12 100010010001
7 100010010001
9 100010010001
12 100010010001
12 100010010001
4 100010010001
12 100010010001

7 100010010100
12 100010010100
12 100010010100
4 100010010100
12 100010010100
12 100010010100
2 100010010100
0 100010010100
12 100010010100
12 100010010100
12 100010010100
12 100010010100
12 100010010100
12 100010010100
12 100010010100
12 100010010100

12 100010010100
12 100010010100
12 100010010100
12 100010010100
12 100010010100
12 100010010100
12 100010010100
12 100010010100
12 100010010100
12 100010010100
9 100010010100
9 100010010100
12 100010010100
12 100010010100
9 100010010100
9 100010010100

0 100010010001
12 100010010001
7 100010010001
9 100010010001
12 100010010001
4 100010010001
7 100010010001
12 100010010001
12 100010010001
7 100010010001
9 100010010001
12 100010010001
12 100010010001
12 100010010001
12 100010010001
12 100010010001

12 100010010001
12 100010010001
12 100010010001
12 100010010001
12 100010010001
12 100010010001
12 100010010001
12 100010010001
9 100010010001
12 100010010001
7 100010010001
9 100010010001
12 100010010001
12 100010010001
4 100010010001
12 100010010001

4 100010010100
12 100010010100
12 100010010100
2 100010010100
4 100010010100
12 100010010100
2 100010010100
12 100010010100
12 100010010100
0 100010010100
12 100010010100
12 100010010100
12 100010010100
12 100010010100
12 100010010100
12 100010010100

12 100010010100
12 100010010100
2 100010010100
4 100010010100
12 100010010100
12 100010010100
12 100010010100
4 100010010100
12 100010010100
2 100010010100
0 100010010100
12 100010010100
0 100010010100
12 100010010100
12 100010010100
12 100010010100

0 001001000100
12 001001000100
2 001001000100
4 001001000100
12 001001000100
12 001001000100
12 001001000100
12 001001000100
12 001001000100
0 001001000100
12 001001000100
0 001001000100
12 001001000100
12 001001000100
12 001001000100
12 001001000100

12 001001000100
12 001001000100
12 001001000100
12 001001000100
12 001001000100
12 001001000100
12 001001000100
9 001001000100
12 001001000100
0 001001000100
12 001001000100
0 001001000100
12 001001000100
2 001001000100
4 001001000100
12 001001000100

4 101001010101
12 101001010101
4 101001010101
12 101001010101
4 101001010101
12 101001010101
2 101001010101
2 101001010101
9 101001010101
12 101001010101
12 101001010101
12 101001010101
12 101001010101
12 101001010101
11 101001010101
12 101001010101

12 001001010001
12 001001010001
12 001001010001
9 001001010001
11 001001010001
12 001001010001
9 001001010001
12 001001010001
12 001001010001
12 001001010001
7 001001010001
12 001001010001
12 001001010001
12 001001010001
12 001001010001
12 001001010001

4 101001000100
7 101001000100
12 101001000100
9 101001000100
12 101001000100
12 101001000100
12 101001000100
12 101001000100
12 101001000100
12 101001000100
12 101001000100
12 101001000100
12 101001000100
12 101001000100
0 101001000100
12 101001000100

4 101001010101
7 101001010101
12 101001010101
7 101001010101
9 101001010101
12 101001010101
12 101001010101
12 101001010101
12 101001010101
12 101001010101
12 101001010101
12 101001010101
12 101001010101
12 101001010101
0 101001010101
12 101001010101

4 101001000100
12 101001000100
7 101001000100
12 101001000100
9 101001000100
12 101001000100
12 101001000100
12 101001000100
12 101001000100
12 101001000100
9 101001000100
12 101001000100
12 101001000100
9 101001000100
0 101001000100
12 101001000100

9 101001010101
12 101001010101
7 101001010101
12 101001010101
7 101001010101
9 101001010101
12 101001010101
12 101001010101
12 101001010101
12 101001010101
12 101001010101
12 101001010101
7 101001010101
9 101001010101
0 101001010101
12 101001010101

12 101001000100
0 101001000100
2 101001000100
12 101001000100
9 101001000100
12 101001000100
12 101001000100
12 101001000100
12 101001000100
12 101001000100
12 101001000100
12 101001000100
12 101001000100
12 101001000100
12 101001000100
9 101001000100

12 101001010101
7 101001010101
12 101001010101
12 101001010101
7 101001010101
9 101001010101
12 101001010101
12 101001010101
4 101001010101
12 101001010101
12 101001010101
12 101001010101
7 101001010101
12 101001010101
4 101001010101
12 101001010101

2 100010010001
12 100010010001
0 100010010001
0 100010010001
7 100010010001
9 100010010001
12 100010010001
12 100010010001
12 100010010001
12 100010010001
4 100010010001
12 100010010001
12 100010010001
12 100010010001
4 100010010001
12 100010010001

2 100010010100
12 100010010100
0 100010010100
0 100010010100
7 100010010100
9 100010010100
12 100010010100
12 100010010100
12 100010010100
12 100010010100
0 100010010100
2 100010010100
12 100010010100
2 100010010100
4 100010010100
12 100010010100

2 100010010001
12 100010010001
0 100010010001
0 100010010001
7 100010010001
9 100010010001
12 100010010001
4 100010010001
12 100010010001
4 100010010001
12 100010010001
4 100010010001
12 100010010001
4 100010010001
12 100010010001
12 100010010001

2 100010010100
12 100010010100
0 100010010100
0 100010010100
7 100010010100
9 100010010100
12 100010010100
12 100010010100
12 100010010100
7 100010010100
12 100010010100
12 100010010100
12 100010010100
12 100010010100
0 100010010100
12 100010010100

0 100011001000
12 100011001000
12 100011001000
3 100011001000
12 100011001000
5 100011001000
12 100011001000
7 100011001000
12 100011001000
12 100011001000
12 100011001000
12 100011001000
12 100011001000
12 100011001000
12 100011001000
12 100011001000

12 100011001000
12 100011001000
12 100011001000
12 100011001000
12 100011001000
12 100011001000
12 100011001000
12 100011001000
12 100011001000
12 100011001000
12 100011001000
12 100011001000
12 100011001000
12 100011001000
12 100011001000
12 100011001000

12 100011001000
12 100011001000
7 100011001000
12 100011001000
12 100011001000
3 100011001000
0 100011001000
3 100011001000
12 100011001000
0 100011001000
12 100011001000
0 100011001000
12 100011001000
3 100011001000
12 100011001000
7 100011001000

12 100011001000
8 100011001000
12 100011001000
7 100011001000
12 100011001000
3 100011001000
12 100011001000
0 100011001000
12 100011001000
0 100011001000
12 100011001000
12 100011001000
12 100011001000
12 100011001000
12 100011001000
12 100011001000

12 100011001000
12 100011001000
12 100011001000
12 100011001000
12 100011001000
12 100011001000
12 100011001000
12 100011001000
12 100011001000
12 100011001000
12 100011001000
12 100011001000
12 100011001000
12 100011001000
12 100011001000
12 100011001000

12 100011001000
12 100011001000
12 100011001000
12 100011001000
12 100011001000
12 100011001000
12 100011001000
12 100011001000
12 100011001000
12 100011001000
12 100011001000
12 100011001000
12 100011001000
12 100011001000
12 100011001000
12 100011001000

12 100011001000
7 100011001000
12 100011001000
8 100011001000
12 100011001000
8 100011001000
12 100011001000
8 100011001000
7 100011001000
7 100011001000
12 100011001000
7 100011001000
0 100011001000
0 100011001000
12 100011001000
0 100011001000

7 100011001000
7 100011001000
12 100011001000
7 100011001000
12 100011001000
3 100011001000
12 100011001000
2 100011001000
12 100011001000
0 100011001000
12 100011001000
12 100011001000
12 100011001000
12 100011001000
12 100011001000
12 100011001000

12 101001010101
12 101001010101
12 101001010101
12 101001010101
12 101001010101
7 101001010101
9 101001010101
0 101001010101
12 101001010101
9 101001010101
12 101001010101
12 101001010101
12 101001010101
12 101001010101
12 101001010101
9 101001010101

12 101001010101
3 101001010101
12 101001010101
0 101001010101
12 101001010101
9 101001010101
12 101001010101
12 101001010101
12 101001010101
12 101001010101
12 101001010101
12 101001010101
12 101001010101
12 101001010101
12 101001010101
12 101001010101

12 101001010101
12 101001010101
12 101001010101
12 101001010101
12 101001010101
7 101001010101
9 101001010101
9 101001010101
12 101001010101
3 101001010101
12 101001010101
0 101001010101
12 101001010101
9 101001010101
12 101001010101
4 101001010101

12 101001010101
12 101001010101
12 101001010101
12 101001010101
12 101001010101
12 101001010101
12 101001010101
12 101001010101
12 101001010101
12 101001010101
12 101001010101
12 101001010101
12 101001010101
12 101001010101
12 101001010101
12 101001010101

