12 100100010000
12 100100010000
12 100100010000
12 100100010000
12 100100010000
12 100100010000
12 100100010000
12 100100010000
12 100100010000
12 100100010000
12 100100010000
12 100100010000
12 100100010000
12 100100010000
12 100100010000
12 100100010000

12 100100010001
12 100100010001
12 100100010001
12 100100010001
12 100100010001
12 100100010001
12 100100010001
12 100100010001
12 100100010001
12 100100010001
12 100100010001
12 100100010001
12 100100010001
12 100100010001
12 100100010001
12 100100010001

12 100001000100
12 100001000100
12 100001000100
12 100001000100
12 100001000100
12 100001000100
12 100001000100
12 100001000100
12 100001000100
12 100001000100
12 100001000100
12 100001000100
12 100001000100
12 100001000100
12 100001000100
12 100001000100

12 100100001000
12 100100001000
12 100100001000
12 100100001000
12 100100001000
12 100100001000
12 100100001000
12 100100001000
12 100100001000
12 100100001000
12 100100001000
12 100100001000
12 100100001000
12 100100001000
12 100100001000
12 100100001000

12 100100010000
12 100100010000
12 100100010000
12 100100010000
12 100100010000
12 100100010000
12 100100010000
12 100100010000
12 100100010000
12 100100010000
12 100100010000
12 100100010000
12 100100010000
12 100100010000
12 100100010000
12 100100010000

12 001001000010
12 001001000010
12 001001000010
12 001001000010
12 001001000010
12 001001000010
12 001001000010
12 001001000010
12 001001000010
12 001001000010
12 001001000010
12 001001000010
12 001001000010
12 001001000010
12 001001000010
12 001001000010

12 100001000100
12 100001000100
12 100001000100
12 100001000100
12 100001000100
12 100001000100
12 100001000100
12 100001000100
12 100001000100
12 100001000100
12 100001000100
12 100001000100
12 100001000100
12 100001000100
12 100001000100
12 100001000100

12 001000010001
12 001000010001
12 001000010001
12 001000010001
12 001000010001
12 001000010001
12 001000010001
12 001000010001
12 001000010001
12 001000010001
12 001000010001
12 001000010001
7 001000010001
7 001000010001
0 001000010001
0 001000010001

12 100100010000
12 100100010000
12 100100010000
12 100100010000
12 100100010000
12 100100010000
2 100100010000
2 100100010000
12 100100010000
12 100100010000
3 100100010000
3 100100010000
12 100100010000
12 100100010000
0 100100010000
0 100100010000

12 100100010001
12 100100010001
12 100100010001
12 100100010001
12 100100010001
12 100100010001
12 100100010001
12 100100010001
2 100100010001
2 100100010001
3 100100010001
3 100100010001
12 100100010001
12 100100010001
0 100100010001
0 100100010001

12 100001000100
12 100001000100
12 100001000100
12 100001000100
12 100001000100
12 100001000100
2 100001000100
2 100001000100
12 100001000100
12 100001000100
3 100001000100
3 100001000100
12 100001000100
12 100001000100
5 100001000100
5 100001000100

12 100100001000
12 100100001000
3 100100001000
3 100100001000
12 100100001000
12 100100001000
12 100100001000
12 100100001000
12 100100001000
12 100100001000
12 100100001000
12 100100001000
12 100100001000
12 100100001000
12 100100001000
12 100100001000

12 100100010000
12 100100010000
12 100100010000
12 100100010000
7 100100010000
7 100100010000
12 100100010000
12 100100010000
3 100100010000
3 100100010000
12 100100010000
12 100100010000
0 100100010000
0 100100010000
2 100100010000
2 100100010000

12 001001000010
12 001001000010
12 001001000010
12 001001000010
12 001001000010
12 001001000010
0 001001000010
0 001001000010
12 001001000010
12 001001000010
10 001001000010
10 001001000010
12 001001000010
12 001001000010
0 001001000010
0 001001000010

12 100001000100
12 100001000100
12 100001000100
12 100001000100
12 100001000100
12 100001000100
12 100001000100
12 100001000100
12 100001000100
12 100001000100
12 100001000100
12 100001000100
12 100001000100
12 100001000100
12 100001000100
12 100001000100

12 001000010001
12 001000010001
12 001000010001
12 001000010001
12 001000010001
12 001000010001
12 001000010001
12 001000010001
12 001000010001
12 001000010001
12 001000010001
12 001000010001
7 001000010001
7 001000010001
0 001000010001
0 001000010001

12 100100010000
12 100100010000
12 100100010000
12 100100010000
12 100100010000
12 100100010000
2 100100010000
2 100100010000
12 100100010000
12 100100010000
3 100100010000
3 100100010000
12 100100010000
12 100100010000
0 100100010000
0 100100010000

12 100100010001
12 100100010001
12 100100010001
12 100100010001
12 100100010001
12 100100010001
12 100100010001
12 100100010001
2 100100010001
2 100100010001
3 100100010001
3 100100010001
12 100100010001
12 100100010001
0 100100010001
0 100100010001

12 100001000100
12 100001000100
12 100001000100
12 100001000100
12 100001000100
12 100001000100
2 100001000100
2 100001000100
12 100001000100
12 100001000100
3 100001000100
3 100001000100
12 100001000100
12 100001000100
5 100001000100
5 100001000100

12 100100001000
12 100100001000
3 100100001000
3 100100001000
12 100100001000
12 100100001000
12 100100001000
12 100100001000
12 100100001000
12 100100001000
12 100100001000
12 100100001000
12 100100001000
12 100100001000
12 100100001000
12 100100001000

12 100100010000
12 100100010000
12 100100010000
12 100100010000
7 100100010000
7 100100010000
12 100100010000
12 100100010000
3 100100010000
3 100100010000
12 100100010000
12 100100010000
0 100100010000
0 100100010000
2 100100010000
2 100100010000

12 001001000010
12 001001000010
12 001001000010
12 001001000010
12 001001000010
12 001001000010
0 001001000010
0 001001000010
12 001001000010
12 001001000010
10 001001000010
10 001001000010
12 001001000010
12 001001000010
3 001001000010
3 001001000010

12 000100010010
12 000100010010
12 000100010010
12 000100010010
12 000100010010
12 000100010010
12 000100010010
12 000100010010
12 000100010010
12 000100010010
12 000100010010
12 000100010010
12 000100010010
12 000100010010
12 000100010010
12 000100010010

12 001000010001
12 001000010001
12 001000010001
12 001000010001
12 001000010001
12 001000010001
12 001000010001
12 001000010001
12 001000010001
12 001000010001
12 001000010001
12 001000010001
12 001000010001
12 001000010001
12 001000010001
12 001000010001

12 100010010000
12 100010010000
12 100010010000
12 100010010000
12 100010010000
12 100010010000
4 100010010000
4 100010010000
2 100010010000
2 100010010000
12 100010010000
12 100010010000
4 100010010000
4 100010010000
12 100010010000
12 100010010000

11 000010010001
11 000010010001
12 000010010001
12 000010010001
12 000010010001
12 000010010001
9 000010010001
9 000010010001
12 000010010001
12 000010010001
7 000010010001
7 000010010001
12 000010010001
12 000010010001
12 000010010001
12 000010010001

12 100010000100
12 100010000100
12 100010000100
12 100010000100
12 100010000100
12 100010000100
4 100010000100
4 100010000100
12 100010000100
12 100010000100
2 100010000100
2 100010000100
4 100010000100
4 100010000100
7 100010000100
7 100010000100

12 000010010001
12 000010010001
4 000010010001
4 000010010001
12 000010010001
12 000010010001
12 000010010001
12 000010010001
12 000010010001
12 000010010001
12 000010010001
12 000010010001
12 000010010001
12 000010010001
12 000010010001
12 000010010001

12 001001000100
12 001001000100
12 001001000100
12 001001000100
12 001001000100
12 001001000100
2 001001000100
2 001001000100
12 001001000100
12 001001000100
0 001001000100
0 001001000100
12 001001000100
12 001001000100
2 001001000100
2 001001000100

7 001001000100
7 001001000100
12 001001000100
12 001001000100
12 001001000100
12 001001000100
12 001001000100
12 001001000100
12 001001000100
12 001001000100
4 001001000100
4 001001000100
12 001001000100
12 001001000100
12 001001000100
12 001001000100

2 001000010001
2 001000010001
2 001000010001
2 001000010001
2 001000010001
2 001000010001
2 001000010001
2 001000010001
2 001000010001
2 001000010001
2 001000010001
2 001000010001
2 001000010001
2 001000010001
2 001000010001
2 001000010001

12 001000010001
12 001000010001
12 001000010001
12 001000010001
12 001000010001
12 001000010001
12 001000010001
12 001000010001
12 001000010001
12 001000010001
12 001000010001
12 001000010001
12 001000010001
12 001000010001
12 001000010001
12 001000010001

12 100010010000
12 100010010000
12 100010010000
12 100010010000
12 100010010000
12 100010010000
4 100010010000
4 100010010000
2 100010010000
2 100010010000
4 100010010000
4 100010010000
12 100010010000
12 100010010000
11 100010010000
11 100010010000

12 000010010001
12 000010010001
12 000010010001
12 000010010001
12 000010010001
12 000010010001
9 000010010001
9 000010010001
12 000010010001
12 000010010001
7 000010010001
7 000010010001
12 000010010001
12 000010010001
12 000010010001
12 000010010001

12 100010000100
12 100010000100
12 100010000100
12 100010000100
12 100010000100
12 100010000100
4 100010000100
4 100010000100
12 100010000100
12 100010000100
2 100010000100
2 100010000100
12 100010000100
12 100010000100
4 100010000100
4 100010000100

7 000010010001
7 000010010001
12 000010010001
12 000010010001
4 000010010001
4 000010010001
12 000010010001
12 000010010001
12 000010010001
12 000010010001
12 000010010001
12 000010010001
12 000010010001
12 000010010001
12 000010010001
12 000010010001

12 001001000100
12 001001000100
12 001001000100
12 001001000100
12 001001000100
12 001001000100
2 001001000100
2 001001000100
12 001001000100
12 001001000100
0 001001000100
0 001001000100
12 001001000100
12 001001000100
2 001001000100
2 001001000100

7 001001000100
7 001001000100
12 001001000100
12 001001000100
12 001001000100
12 001001000100
12 001001000100
12 001001000100
12 001001000100
12 001001000100
4 001001000100
4 001001000100
12 001001000100
12 001001000100
12 001001000100
12 001001000100

2 001000010001
2 001000010001
2 001000010001
2 001000010001
2 001000010001
2 001000010001
2 001000010001
2 001000010001
2 001000010001
2 001000010001
2 001000010001
2 001000010001
2 001000010001
2 001000010001
2 001000010001
2 001000010001

12 001000010001
12 001000010001
12 001000010001
12 001000010001
12 001000010001
12 001000010001
12 001000010001
12 001000010001
12 001000010001
12 001000010001
7 001000010001
7 001000010001
12 001000010001
12 001000010001
0 001000010001
0 001000010001

12 100100010000
12 100100010000
12 100100010000
12 100100010000
12 100100010000
12 100100010000
2 100100010000
2 100100010000
12 100100010000
12 100100010000
3 100100010000
3 100100010000
12 100100010000
12 100100010000
0 100100010000
0 100100010000

12 100100010001
12 100100010001
12 100100010001
12 100100010001
12 100100010001
12 100100010001
2 100100010001
2 100100010001
12 100100010001
12 100100010001
3 100100010001
3 100100010001
12 100100010001
12 100100010001
0 100100010001
0 100100010001

12 100001000100
12 100001000100
12 100001000100
12 100001000100
12 100001000100
12 100001000100
2 100001000100
2 100001000100
12 100001000100
12 100001000100
3 100001000100
3 100001000100
12 100001000100
12 100001000100
5 100001000100
5 100001000100

12 100100001000
12 100100001000
3 100100001000
3 100100001000
12 100100001000
12 100100001000
12 100100001000
12 100100001000
12 100100001000
12 100100001000
12 100100001000
12 100100001000
12 100100001000
12 100100001000
12 100100001000
12 100100001000

12 100100010000
12 100100010000
12 100100010000
12 100100010000
7 100100010000
7 100100010000
12 100100010000
12 100100010000
3 100100010000
3 100100010000
12 100100010000
12 100100010000
0 100100010000
0 100100010000
2 100100010000
2 100100010000

12 001001000010
12 001001000010
12 001001000010
12 001001000010
12 001001000010
12 001001000010
0 001001000010
0 001001000010
12 001001000010
12 001001000010
10 001001000010
10 001001000010
12 001001000010
12 001001000010
0 001001000010
0 001001000010

12 100001000100
12 100001000100
12 100001000100
12 100001000100
12 100001000100
12 100001000100
12 100001000100
12 100001000100
12 100001000100
12 100001000100
12 100001000100
12 100001000100
12 100001000100
12 100001000100
12 100001000100
12 100001000100

12 001000010001
12 001000010001
12 001000010001
12 001000010001
12 001000010001
12 001000010001
12 001000010001
12 001000010001
12 001000010001
12 001000010001
12 001000010001
12 001000010001
12 001000010001
12 001000010001
0 001000010001
0 001000010001

12 100100010000
12 100100010000
12 100100010000
12 100100010000
12 100100010000
12 100100010000
2 100100010000
2 100100010000
12 100100010000
12 100100010000
3 100100010000
3 100100010000
12 100100010000
12 100100010000
0 100100010000
0 100100010000

12 100100010001
12 100100010001
12 100100010001
12 100100010001
12 100100010001
12 100100010001
12 100100010001
12 100100010001
2 100100010001
2 100100010001
3 100100010001
3 100100010001
12 100100010001
12 100100010001
0 100100010001
0 100100010001

12 100001000100
12 100001000100
12 100001000100
12 100001000100
12 100001000100
12 100001000100
2 100001000100
2 100001000100
12 100001000100
12 100001000100
3 100001000100
3 100001000100
12 100001000100
12 100001000100
5 100001000100
5 100001000100

12 100100001000
12 100100001000
3 100100001000
3 100100001000
12 100100001000
12 100100001000
12 100100001000
12 100100001000
12 100100001000
12 100100001000
12 100100001000
12 100100001000
12 100100001000
12 100100001000
12 100100001000
12 100100001000

12 100100010000
12 100100010000
12 100100010000
12 100100010000
7 100100010000
7 100100010000
12 100100010000
12 100100010000
3 100100010000
3 100100010000
12 100100010000
12 100100010000
0 100100010000
0 100100010000
2 100100010000
2 100100010000

12 001001000010
12 001001000010
12 001001000010
12 001001000010
12 001001000010
12 001001000010
0 001001000010
0 001001000010
12 001001000010
12 001001000010
10 001001000010
10 001001000010
12 001001000010
12 001001000010
3 001001000010
3 001001000010

12 000100010010
12 000100010010
12 000100010010
12 000100010010
12 000100010010
12 000100010010
12 000100010010
12 000100010010
12 000100010010
12 000100010010
12 000100010010
12 000100010010
12 000100010010
12 000100010010
7 000100010010
7 000100010010

12 001000010001
12 001000010001
12 001000010001
12 001000010001
12 001000010001
12 001000010001
5 001000010001
5 001000010001
12 001000010001
12 001000010001
3 001000010001
3 001000010001
12 001000010001
12 001000010001
12 001000010001
12 001000010001

12 100100010000
12 100100010000
12 100100010000
12 100100010000
12 100100010000
12 100100010000
12 100100010000
12 100100010000
12 100100010000
12 100100010000
12 100100010000
12 100100010000
12 100100010000
12 100100010000
12 100100010000
12 100100010000

12 100100010001
12 100100010001
12 100100010001
12 100100010001
12 100100010001
12 100100010001
12 100100010001
12 100100010001
12 100100010001
12 100100010001
12 100100010001
12 100100010001
12 100100010001
12 100100010001
12 100100010001
12 100100010001

12 100001000100
12 100001000100
12 100001000100
12 100001000100
12 100001000100
12 100001000100
12 100001000100
12 100001000100
12 100001000100
12 100001000100
12 100001000100
12 100001000100
12 100001000100
12 100001000100
12 100001000100
12 100001000100

12 100100001000
12 100100001000
12 100100001000
12 100100001000
12 100100001000
12 100100001000
12 100100001000
12 100100001000
12 100100001000
12 100100001000
12 100100001000
12 100100001000
12 100100001000
12 100100001000
12 100100001000
12 100100001000

12 100100010000
12 100100010000
12 100100010000
12 100100010000
12 100100010000
12 100100010000
12 100100010000
12 100100010000
12 100100010000
12 100100010000
12 100100010000
12 100100010000
12 100100010000
12 100100010000
12 100100010000
12 100100010000

12 001001000010
12 001001000010
12 001001000010
12 001001000010
12 001001000010
12 001001000010
12 001001000010
12 001001000010
12 001001000010
12 001001000010
12 001001000010
12 001001000010
12 001001000010
12 001001000010
12 001001000010
12 001001000010

12 100001000100
12 100001000100
12 100001000100
12 100001000100
12 100001000100
12 100001000100
12 100001000100
12 100001000100
12 100001000100
12 100001000100
12 100001000100
12 100001000100
12 100001000100
12 100001000100
12 100001000100
12 100001000100

12 001000010001
12 001000010001
12 001000010001
12 001000010001
12 001000010001
12 001000010001
12 001000010001
12 001000010001
12 001000010001
12 001000010001
12 001000010001
12 001000010001
12 001000010001
12 001000010001
12 001000010001
12 001000010001

12 100100010000
12 100100010000
12 100100010000
12 100100010000
12 100100010000
12 100100010000
12 100100010000
12 100100010000
12 100100010000
12 100100010000
12 100100010000
12 100100010000
12 100100010000
12 100100010000
12 100100010000
12 100100010000

12 100100010001
12 100100010001
12 100100010001
12 100100010001
12 100100010001
12 100100010001
12 100100010001
12 100100010001
12 100100010001
12 100100010001
12 100100010001
12 100100010001
12 100100010001
12 100100010001
12 100100010001
12 100100010001

12 100001000100
12 100001000100
12 100001000100
12 100001000100
12 100001000100
12 100001000100
12 100001000100
12 100001000100
12 100001000100
12 100001000100
12 100001000100
12 100001000100
12 100001000100
12 100001000100
12 100001000100
12 100001000100

12 100100001000
12 100100001000
12 100100001000
12 100100001000
12 100100001000
12 100100001000
12 100100001000
12 100100001000
12 100100001000
12 100100001000
12 100100001000
12 100100001000
12 100100001000
12 100100001000
12 100100001000
12 100100001000

12 100100010000
12 100100010000
12 100100010000
12 100100010000
12 100100010000
12 100100010000
12 100100010000
12 100100010000
12 100100010000
12 100100010000
12 100100010000
12 100100010000
12 100100010000
12 100100010000
12 100100010000
12 100100010000

12 001001000010
12 001001000010
12 001001000010
12 001001000010
12 001001000010
12 001001000010
12 001001000010
12 001001000010
12 001001000010
12 001001000010
12 001001000010
12 001001000010
12 001001000010
12 001001000010
12 001001000010
12 001001000010

12 000100010010
12 000100010010
12 000100010010
12 000100010010
12 000100010010
12 000100010010
12 000100010010
12 000100010010
12 000100010010
12 000100010010
12 000100010010
12 000100010010
12 000100010010
12 000100010010
12 000100010010
12 000100010010

12 001000010001
12 001000010001
12 001000010001
12 001000010001
12 001000010001
12 001000010001
12 001000010001
12 001000010001
12 001000010001
12 001000010001
12 001000010001
12 001000010001
12 001000010001
12 001000010001
12 001000010001
12 001000010001

12 100010010000
12 100010010000
12 100010010000
12 100010010000
12 100010010000
12 100010010000
4 100010010000
4 100010010000
12 100010010000
12 100010010000
2 100010010000
2 100010010000
12 100010010000
12 100010010000
4 100010010000
4 100010010000

11 000010010001
11 000010010001
12 000010010001
12 000010010001
12 000010010001
12 000010010001
9 000010010001
9 000010010001
12 000010010001
12 000010010001
7 000010010001
7 000010010001
12 000010010001
12 000010010001
12 000010010001
12 000010010001

12 100010000100
12 100010000100
12 100010000100
12 100010000100
12 100010000100
12 100010000100
4 100010000100
4 100010000100
12 100010000100
12 100010000100
2 100010000100
2 100010000100
12 100010000100
12 100010000100
4 100010000100
4 100010000100

7 000010010001
7 000010010001
12 000010010001
12 000010010001
4 000010010001
4 000010010001
12 000010010001
12 000010010001
12 000010010001
12 000010010001
12 000010010001
12 000010010001
12 000010010001
12 000010010001
12 000010010001
12 000010010001

12 001001000100
12 001001000100
12 001001000100
12 001001000100
12 001001000100
12 001001000100
2 001001000100
2 001001000100
12 001001000100
12 001001000100
0 001001000100
0 001001000100
12 001001000100
12 001001000100
2 001001000100
2 001001000100

7 001001000100
7 001001000100
5 001001000100
5 001001000100
12 001001000100
12 001001000100
4 001001000100
4 001001000100
12 001001000100
12 001001000100
12 001001000100
12 001001000100
2 001001000100
2 001001000100
12 001001000100
12 001001000100

12 001000010001
12 001000010001
12 001000010001
12 001000010001
12 001000010001
12 001000010001
12 001000010001
12 001000010001
12 001000010001
12 001000010001
12 001000010001
12 001000010001
12 001000010001
12 001000010001
12 001000010001
12 001000010001

12 001000010001
12 001000010001
12 001000010001
12 001000010001
12 001000010001
12 001000010001
12 001000010001
12 001000010001
12 001000010001
12 001000010001
12 001000010001
12 001000010001
12 001000010001
12 001000010001
12 001000010001
12 001000010001

12 100010010000
12 100010010000
12 100010010000
12 100010010000
12 100010010000
12 100010010000
4 100010010000
4 100010010000
2 100010010000
2 100010010000
4 100010010000
4 100010010000
12 100010010000
12 100010010000
11 100010010000
11 100010010000

12 000010010001
12 000010010001
12 000010010001
12 000010010001
12 000010010001
12 000010010001
9 000010010001
9 000010010001
12 000010010001
12 000010010001
7 000010010001
7 000010010001
12 000010010001
12 000010010001
12 000010010001
12 000010010001

12 100010000100
12 100010000100
12 100010000100
12 100010000100
12 100010000100
12 100010000100
4 100010000100
4 100010000100
12 100010000100
12 100010000100
2 100010000100
2 100010000100
4 100010000100
4 100010000100
7 100010000100
7 100010000100

12 000010010001
12 000010010001
4 000010010001
4 000010010001
12 000010010001
12 000010010001
12 000010010001
12 000010010001
12 000010010001
12 000010010001
12 000010010001
12 000010010001
12 000010010001
12 000010010001
12 000010010001
12 000010010001

12 001001000100
12 001001000100
12 001001000100
12 001001000100
12 001001000100
12 001001000100
2 001001000100
2 001001000100
12 001001000100
12 001001000100
0 001001000100
0 001001000100
12 001001000100
12 001001000100
2 001001000100
2 001001000100

7 001001000100
7 001001000100
12 001001000100
12 001001000100
12 001001000100
12 001001000100
4 001001000100
4 001001000100
12 001001000100
12 001001000100
12 001001000100
12 001001000100
2 001001000100
2 001001000100
12 001001000100
12 001001000100

12 001000010001
12 001000010001
12 001000010001
12 001000010001
12 001000010001
12 001000010001
12 001000010001
12 001000010001
12 001000010001
12 001000010001
12 001000010001
12 001000010001
12 001000010001
12 001000010001
12 001000010001
12 001000010001

12 001000010001
12 001000010001
12 001000010001
12 001000010001
12 001000010001
12 001000010001
12 001000010001
12 001000010001
12 001000010001
12 001000010001
12 001000010001
12 001000010001
7 001000010001
7 001000010001
0 001000010001
0 001000010001

12 100100010000
12 100100010000
12 100100010000
12 100100010000
12 100100010000
12 100100010000
2 100100010000
2 100100010000
12 100100010000
12 100100010000
3 100100010000
3 100100010000
12 100100010000
12 100100010000
0 100100010000
0 100100010000

12 100100010001
12 100100010001
12 100100010001
12 100100010001
12 100100010001
12 100100010001
2 100100010001
2 100100010001
12 100100010001
12 100100010001
3 100100010001
3 100100010001
12 100100010001
12 100100010001
0 100100010001
0 100100010001

12 100001000100
12 100001000100
12 100001000100
12 100001000100
12 100001000100
12 100001000100
2 100001000100
2 100001000100
12 100001000100
12 100001000100
3 100001000100
3 100001000100
12 100001000100
12 100001000100
5 100001000100
5 100001000100

12 100100001000
12 100100001000
3 100100001000
3 100100001000
12 100100001000
12 100100001000
12 100100001000
12 100100001000
12 100100001000
12 100100001000
12 100100001000
12 100100001000
12 100100001000
12 100100001000
12 100100001000
12 100100001000

12 100100010000
12 100100010000
12 100100010000
12 100100010000
7 100100010000
7 100100010000
12 100100010000
12 100100010000
3 100100010000
3 100100010000
12 100100010000
12 100100010000
0 100100010000
0 100100010000
2 100100010000
2 100100010000

12 001001000010
12 001001000010
12 001001000010
12 001001000010
12 001001000010
12 001001000010
0 001001000010
0 001001000010
12 001001000010
12 001001000010
10 001001000010
10 001001000010
0 001001000010
0 001001000010
12 001001000010
12 001001000010

12 100001000100
12 100001000100
12 100001000100
12 100001000100
12 100001000100
12 100001000100
12 100001000100
12 100001000100
12 100001000100
12 100001000100
12 100001000100
12 100001000100
12 100001000100
12 100001000100
12 100001000100
12 100001000100

12 001000010001
12 001000010001
12 001000010001
12 001000010001
12 001000010001
12 001000010001
12 001000010001
12 001000010001
12 001000010001
12 001000010001
12 001000010001
12 001000010001
12 001000010001
12 001000010001
12 001000010001
12 001000010001

12 100100010000
12 100100010000
12 100100010000
12 100100010000
0 100100010000
0 100100010000
2 100100010000
2 100100010000
12 100100010000
12 100100010000
3 100100010000
3 100100010000
12 100100010000
12 100100010000
0 100100010000
0 100100010000

12 100100010001
12 100100010001
12 100100010001
12 100100010001
12 100100010001
12 100100010001
12 100100010001
12 100100010001
12 100100010001
12 100100010001
12 100100010001
12 100100010001
12 100100010001
12 100100010001
12 100100010001
12 100100010001

12 100001000100
12 100001000100
12 100001000100
12 100001000100
12 100001000100
12 100001000100
12 100001000100
12 100001000100
12 100001000100
12 100001000100
12 100001000100
12 100001000100
12 100001000100
12 100001000100
12 100001000100
12 100001000100

12 100100001000
12 100100001000
12 100100001000
12 100100001000
12 100100001000
12 100100001000
12 100100001000
12 100100001000
12 100100001000
12 100100001000
12 100100001000
12 100100001000
12 100100001000
12 100100001000
12 100100001000
12 100100001000

12 100100010000
12 100100010000
12 100100010000
12 100100010000
7 100100010000
7 100100010000
12 100100010000
12 100100010000
3 100100010000
3 100100010000
12 100100010000
12 100100010000
0 100100010000
0 100100010000
2 100100010000
2 100100010000

12 001001000010
12 001001000010
12 001001000010
12 001001000010
12 001001000010
12 001001000010
0 001001000010
0 001001000010
12 001001000010
12 001001000010
10 001001000010
10 001001000010
12 001001000010
12 001001000010
3 001001000010
3 001001000010

12 000100010010
12 000100010010
12 000100010010
12 000100010010
12 000100010010
12 000100010010
12 000100010010
12 000100010010
12 000100010010
12 000100010010
12 000100010010
12 000100010010
12 000100010010
12 000100010010
7 000100010010
7 000100010010

12 001000010001
12 001000010001
12 001000010001
12 001000010001
12 001000010001
12 001000010001
12 001000010001
12 001000010001
12 001000010001
12 001000010001
12 001000010001
12 001000010001
12 001000010001
12 001000010001
0 001000010001
0 001000010001

12 100100010000
12 100100010000
12 100100010000
12 100100010000
12 100100010000
12 100100010000
12 100100010000
12 100100010000
12 100100010000
12 100100010000
12 100100010000
12 100100010000
12 100100010000
12 100100010000
12 100100010000
12 100100010000

12 100100010001
12 100100010001
12 100100010001
12 100100010001
12 100100010001
12 100100010001
12 100100010001
12 100100010001
12 100100010001
12 100100010001
12 100100010001
12 100100010001
12 100100010001
12 100100010001
12 100100010001
12 100100010001

12 100001000100
12 100001000100
12 100001000100
12 100001000100
12 100001000100
12 100001000100
12 100001000100
12 100001000100
12 100001000100
12 100001000100
12 100001000100
12 100001000100
12 100001000100
12 100001000100
12 100001000100
12 100001000100

12 100100001000
12 100100001000
12 100100001000
12 100100001000
12 100100001000
12 100100001000
12 100100001000
12 100100001000
12 100100001000
12 100100001000
12 100100001000
12 100100001000
12 100100001000
12 100100001000
12 100100001000
12 100100001000

12 100100010000
12 100100010000
12 100100010000
12 100100010000
12 100100010000
12 100100010000
12 100100010000
12 100100010000
12 100100010000
12 100100010000
12 100100010000
12 100100010000
12 100100010000
12 100100010000
12 100100010000
12 100100010000

12 001001000010
12 001001000010
12 001001000010
12 001001000010
12 001001000010
12 001001000010
12 001001000010
12 001001000010
12 001001000010
12 001001000010
12 001001000010
12 001001000010
12 001001000010
12 001001000010
12 001001000010
12 001001000010

12 100001000100
12 100001000100
12 100001000100
12 100001000100
12 100001000100
12 100001000100
12 100001000100
12 100001000100
12 100001000100
12 100001000100
12 100001000100
12 100001000100
12 100001000100
12 100001000100
12 100001000100
12 100001000100

12 001000010001
12 001000010001
12 001000010001
12 001000010001
12 001000010001
12 001000010001
12 001000010001
12 001000010001
12 001000010001
12 001000010001
12 001000010001
12 001000010001
12 001000010001
12 001000010001
12 001000010001
12 001000010001

12 100100010000
12 100100010000
12 100100010000
12 100100010000
12 100100010000
12 100100010000
12 100100010000
12 100100010000
12 100100010000
12 100100010000
12 100100010000
12 100100010000
12 100100010000
12 100100010000
12 100100010000
12 100100010000

12 100100010001
12 100100010001
12 100100010001
12 100100010001
12 100100010001
12 100100010001
12 100100010001
12 100100010001
12 100100010001
12 100100010001
12 100100010001
12 100100010001
12 100100010001
12 100100010001
12 100100010001
12 100100010001

12 100001000100
12 100001000100
12 100001000100
12 100001000100
12 100001000100
12 100001000100
12 100001000100
12 100001000100
12 100001000100
12 100001000100
12 100001000100
12 100001000100
12 100001000100
12 100001000100
12 100001000100
12 100001000100

12 100100001000
12 100100001000
12 100100001000
12 100100001000
12 100100001000
12 100100001000
12 100100001000
12 100100001000
12 100100001000
12 100100001000
12 100100001000
12 100100001000
12 100100001000
12 100100001000
12 100100001000
12 100100001000

12 100100010000
12 100100010000
12 100100010000
12 100100010000
12 100100010000
12 100100010000
12 100100010000
12 100100010000
12 100100010000
12 100100010000
12 100100010000
12 100100010000
12 100100010000
12 100100010000
12 100100010000
12 100100010000

12 001001000010
12 001001000010
12 001001000010
12 001001000010
12 001001000010
12 001001000010
12 001001000010
12 001001000010
12 001001000010
12 001001000010
12 001001000010
12 001001000010
12 001001000010
12 001001000010
12 001001000010
12 001001000010

12 000100010010
12 000100010010
12 000100010010
12 000100010010
12 000100010010
12 000100010010
12 000100010010
12 000100010010
12 000100010010
12 000100010010
12 000100010010
12 000100010010
12 000100010010
12 000100010010
12 000100010010
12 000100010010

12 001000010001
12 001000010001
12 001000010001
12 001000010001
12 001000010001
12 001000010001
12 001000010001
12 001000010001
12 001000010001
12 001000010001
12 001000010001
12 001000010001
12 001000010001
12 001000010001
12 001000010001
12 001000010001

12 100100010000
12 100100010000
12 100100010000
12 100100010000
12 100100010000
12 100100010000
12 100100010000
12 100100010000
12 100100010000
12 100100010000
12 100100010000
12 100100010000
12 100100010000
12 100100010000
12 100100010000
12 100100010000

12 100100010001
12 100100010001
12 100100010001
12 100100010001
12 100100010001
12 100100010001
12 100100010001
12 100100010001
12 100100010001
12 100100010001
12 100100010001
12 100100010001
12 100100010001
12 100100010001
12 100100010001
12 100100010001

12 100001000100
12 100001000100
12 100001000100
12 100001000100
12 100001000100
12 100001000100
12 100001000100
12 100001000100
12 100001000100
12 100001000100
12 100001000100
12 100001000100
12 100001000100
12 100001000100
12 100001000100
12 100001000100

12 100100001000
12 100100001000
12 100100001000
12 100100001000
12 100100001000
12 100100001000
12 100100001000
12 100100001000
12 100100001000
12 100100001000
12 100100001000
12 100100001000
12 100100001000
12 100100001000
12 100100001000
12 100100001000

12 100100010000
12 100100010000
12 100100010000
12 100100010000
12 100100010000
12 100100010000
12 100100010000
12 100100010000
12 100100010000
12 100100010000
12 100100010000
12 100100010000
12 100100010000
12 100100010000
12 100100010000
12 100100010000

12 001001000010
12 001001000010
12 001001000010
12 001001000010
12 001001000010
12 001001000010
12 001001000010
12 001001000010
12 001001000010
12 001001000010
12 001001000010
12 001001000010
12 001001000010
12 001001000010
12 001001000010
12 001001000010

12 100001000100
12 100001000100
12 100001000100
12 100001000100
12 100001000100
12 100001000100
12 100001000100
12 100001000100
12 100001000100
12 100001000100
12 100001000100
12 100001000100
12 100001000100
12 100001000100
12 100001000100
12 100001000100

12 001000010001
12 001000010001
12 001000010001
12 001000010001
12 001000010001
12 001000010001
12 001000010001
12 001000010001
12 001000010001
12 001000010001
12 001000010001
12 001000010001
12 001000010001
12 001000010001
12 001000010001
12 001000010001

12 100100010000
12 100100010000
12 100100010000
12 100100010000
12 100100010000
12 100100010000
12 100100010000
12 100100010000
12 100100010000
12 100100010000
12 100100010000
12 100100010000
12 100100010000
12 100100010000
12 100100010000
12 100100010000

12 100100010001
12 100100010001
12 100100010001
12 100100010001
12 100100010001
12 100100010001
12 100100010001
12 100100010001
12 100100010001
12 100100010001
12 100100010001
12 100100010001
12 100100010001
12 100100010001
12 100100010001
12 100100010001

12 100001000100
12 100001000100
12 100001000100
12 100001000100
12 100001000100
12 100001000100
12 100001000100
12 100001000100
12 100001000100
12 100001000100
12 100001000100
12 100001000100
12 100001000100
12 100001000100
12 100001000100
12 100001000100

12 100100001000
12 100100001000
12 100100001000
12 100100001000
12 100100001000
12 100100001000
12 100100001000
12 100100001000
12 100100001000
12 100100001000
12 100100001000
12 100100001000
12 100100001000
12 100100001000
12 100100001000
12 100100001000

12 100100010000
12 100100010000
12 100100010000
12 100100010000
12 100100010000
12 100100010000
12 100100010000
12 100100010000
12 100100010000
12 100100010000
12 100100010000
12 100100010000
12 100100010000
12 100100010000
12 100100010000
12 100100010000

12 001001000010
12 001001000010
12 001001000010
12 001001000010
12 001001000010
12 001001000010
12 001001000010
12 001001000010
12 001001000010
12 001001000010
12 001001000010
12 001001000010
12 001001000010
12 001001000010
12 001001000010
12 001001000010

12 000100010010
12 000100010010
12 000100010010
12 000100010010
12 000100010010
12 000100010010
12 000100010010
12 000100010010
12 000100010010
12 000100010010
12 000100010010
12 000100010010
12 000100010010
12 000100010010
12 000100010010
12 000100010010

12 001000010001
12 001000010001
12 001000010001
12 001000010001
12 001000010001
12 001000010001
12 001000010001
12 001000010001
12 001000010001
12 001000010001
12 001000010001
12 001000010001
12 001000010001
12 001000010001
12 001000010001
12 001000010001

