12 100010010000
12 100010010000
12 100010010000
12 100010010000
12 100010010000
12 100010010000
12 100010010000
12 100010010000
12 100010010000
12 100010010000
12 100010010000
12 100010010000
12 100010010000
12 100010010000
12 100010010000
12 100010010000

12 100010010000
12 100010010000
12 100010010000
12 100010010000
12 100010010000
12 100010010000
12 100010010000
12 100010010000
12 100010010000
12 100010010000
12 100010010000
12 100010010000
12 100010010000
12 100010010000
12 100010010000
12 100010010000

2 100010010000
12 100010010000
0 100010010000
0 100010010000
12 100010010000
12 100010010000
12 100010010000
12 100010010000
12 100010010000
12 100010010000
12 100010010000
12 100010010000
12 100010010000
12 100010010000
12 100010010000
12 100010010000

12 001001000101
12 001001000101
12 001001000101
12 001001000101
4 001001000101
12 001001000101
6 001001000101
12 001001000101
8 001010001001
9 001010001001
12 001010001001
12 001010001001
11 001010001001
12 001010001001
0 001010001001
12 001010001001

11 100010000100
12 100010000100
12 100010000100
12 100010000100
12 100010000100
12 100010000100
9 100010000100
9 100010000100
12 100010000100
12 100010000100
12 100010000100
12 100010000100
12 100010000100
12 100010000100
12 100010000100
12 100010000100

12 100011000100
12 100011000100
12 100011000100
12 100011000100
9 100011000100
12 100011000100
9 100011000100
7 100011000100
12 001000010001
12 001000010001
5 001000010001
4 001000010001
2 001000010001
12 001000010001
2 001000010001
12 001000010001

5 100010010000
12 100010010000
12 100010010000
12 100010010000
4 100010010000
12 100010010000
4 100010010000
12 100010010000
12 100010010000
12 100010010000
12 100010010000
12 100010010000
12 100010010000
2 100010010000
12 100010010000
12 100010010000

0 100010010100
0 100010010100
12 100010010100
12 100010010100
4 100010010100
4 100010010100
2 100010010100
2 100010010100
12 001000100100
12 001000100100
12 001000100100
12 001000100100
12 001000100100
12 001000100100
9 001000100100
9 001000100100

0 100001000100
0 100001000100
12 100001000100
12 100001000100
4 100001000100
4 100001000100
4 100001000100
4 100001000100
12 100010010000
12 100010010000
12 100010010000
12 100010010000
12 100010010000
12 100010010000
12 100010010000
12 100010010000

2 100010010000
0 100010010000
12 100010010000
0 100010010000
12 100010010000
12 100010010000
12 100010010000
12 100010010000
12 100010010000
12 100010010000
12 100010010000
12 100010010000
12 100010010000
12 100010010000
12 100010010000
12 100010010000

12 001001000101
12 001001000101
12 001001000101
12 001001000101
4 001001000101
12 001001000101
6 001001000101
12 001001000101
8 001010001001
12 001010001001
9 001010001001
11 001010001001
12 001010001001
12 001010001001
0 001010001001
12 001010001001

11 100010000100
12 100010000100
12 100010000100
9 100010000100
9 100010000100
12 100010000100
12 100010000100
12 100010000100
12 100010000100
12 100010000100
12 100010000100
12 100010000100
12 100010000100
12 100010000100
12 100010000100
12 100010000100

12 100011000100
12 100011000100
12 100011000100
12 100011000100
9 100011000100
9 100011000100
12 100011000100
7 100011000100
5 001000010001
12 001000010001
12 001000010001
12 001000010001
4 001000010001
12 001000010001
2 001000010001
5 001000010001

12 100010010000
12 100010010000
12 100010010000
12 100010010000
4 100010010000
4 100010010000
4 100010010000
4 100010010000
12 100010010000
12 100010010000
12 100010010000
12 100010010000
12 100010010000
12 100010010000
2 100010010000
2 100010010000

0 100010010100
0 100010010100
12 100010010100
12 100010010100
4 100010010100
4 100010010100
2 100010010100
2 100010010100
12 001000100100
12 001000100100
12 001000100100
12 001000100100
12 001000100100
12 001000100100
9 001000100100
9 001000100100

0 100001000100
0 100001000100
12 100001000100
12 100001000100
4 100001000100
4 100001000100
4 100001000100
4 100001000100
12 100010010000
12 100010010000
12 100010010000
12 100010010000
12 100010010000
12 100010010000
12 100010010000
12 100010010000

4 001000100101
4 001000100101
4 001000100101
4 001000100101
12 001000100101
12 001000100101
12 001000100101
12 001000100101
4 000010001001
4 000010001001
4 000010001001
4 000010001001
12 000010001001
12 000010001001
12 000010001001
12 000010001001

9 100010000100
9 100010000100
12 100010000100
12 100010000100
11 100010000100
11 100010000100
12 100010000100
12 100010000100
0 100010000100
0 100010000100
12 100010000100
12 100010000100
11 100010000100
11 100010000100
9 100010000100
9 100010000100

12 001001000100
12 001001000100
11 001001000100
11 001001000100
12 001001000100
12 001001000100
9 001001000100
9 001001000100
7 001000010001
7 001000010001
12 001000010001
12 001000010001
9 001000010001
9 001000010001
4 001000010001
4 001000010001

12 100010010000
12 100010010000
12 100010010000
12 100010010000
12 100010010000
12 100010010000
12 100010010000
12 100010010000
12 100010010000
12 100010010000
12 100010010000
12 100010010000
12 100010010000
12 100010010000
12 100010010000
12 100010010000

4 001000100101
4 001000100101
4 001000100101
4 001000100101
12 001000100101
12 001000100101
12 001000100101
12 001000100101
4 000010001001
4 000010001001
4 000010001001
4 000010001001
12 000010001001
12 000010001001
12 000010001001
12 000010001001

9 100010000100
9 100010000100
12 100010000100
12 100010000100
11 100010000100
11 100010000100
12 100010000100
12 100010000100
0 100010000100
0 100010000100
12 100010000100
12 100010000100
11 100010000100
11 100010000100
9 100010000100
9 100010000100

12 001001000100
11 001001000100
12 001001000100
12 001001000100
12 001001000100
12 001001000100
9 001001000100
12 001001000100
7 001000010001
12 001000010001
12 001000010001
12 001000010001
11 001000010001
12 001000010001
12 001000010001
12 001000010001

0 100010010000
0 100010010000
0 100010010000
0 100010010000
0 100010010000
0 100010010000
0 100010010000
0 100010010000
0 100010010000
0 100010010000
0 100010010000
0 100010010000
0 100010010000
0 100010010000
0 100010010000
0 100010010000

4 100010010000
12 100010010000
0 100010010000
0 100010010000
12 100010010000
12 100010010000
12 100010010000
12 100010010000
12 100010010000
12 100010010000
12 100010010000
12 100010010000
12 100010010000
12 100010010000
12 100010010000
12 100010010000

12 001001000101
12 001001000101
12 001001000101
12 001001000101
4 001001000101
12 001001000101
6 001001000101
12 001001000101
8 001010001001
12 001010001001
9 001010001001
11 001010001001
12 001010001001
12 001010001001
0 001010001001
12 001010001001

11 100010000100
12 100010000100
12 100010000100
12 100010000100
12 100010000100
9 100010000100
12 100010000100
12 100010000100
9 100010000100
12 100010000100
12 100010000100
12 100010000100
12 100010000100
12 100010000100
12 100010000100
12 100010000100

12 100011000100
12 100011000100
12 100011000100
12 100011000100
9 100011000100
9 100011000100
12 100011000100
7 100011000100
12 001000010001
12 001000010001
5 001000010001
4 001000010001
2 001000010001
12 001000010001
2 001000010001
12 001000010001

5 100010010000
5 100010010000
12 100010010000
12 100010010000
4 100010010000
4 100010010000
4 100010010000
4 100010010000
12 100010010000
12 100010010000
12 100010010000
12 100010010000
2 100010010000
2 100010010000
0 100010010000
0 100010010000

0 100010010100
12 100010010100
12 100010010100
12 100010010100
4 100010010100
12 100010010100
12 100010010100
2 100010010100
12 001000100100
12 001000100100
12 001000100100
12 001000100100
12 001000100100
12 001000100100
9 001000100100
12 001000100100

0 100001000100
0 100001000100
12 100001000100
12 100001000100
4 100001000100
4 100001000100
4 100001000100
4 100001000100
12 100010010000
12 100010010000
12 100010010000
12 100010010000
12 100010010000
12 100010010000
12 100010010000
12 100010010000

4 001000100101
4 001000100101
4 001000100101
4 001000100101
12 001000100101
12 001000100101
12 001000100101
12 001000100101
4 000010001001
4 000010001001
4 000010001001
4 000010001001
12 000010001001
12 000010001001
12 000010001001
12 000010001001

9 100010000100
9 100010000100
12 100010000100
12 100010000100
11 100010000100
11 100010000100
12 100010000100
12 100010000100
0 100010000100
0 100010000100
12 100010000100
12 100010000100
11 100010000100
11 100010000100
9 100010000100
9 100010000100

12 001001000100
12 001001000100
11 001001000100
11 001001000100
12 001001000100
12 001001000100
9 001001000100
9 001001000100
7 001000010001
7 001000010001
12 001000010001
12 001000010001
9 001000010001
9 001000010001
4 001000010001
4 001000010001

12 100010010000
12 100010010000
12 100010010000
12 100010010000
12 100010010000
12 100010010000
12 100010010000
12 100010010000
12 100010010000
12 100010010000
12 100010010000
12 100010010000
12 100010010000
12 100010010000
12 100010010000
12 100010010000

4 001000100101
4 001000100101
4 001000100101
4 001000100101
12 001000100101
12 001000100101
12 001000100101
12 001000100101
4 000010001001
4 000010001001
4 000010001001
4 000010001001
12 000010001001
12 000010001001
12 000010001001
12 000010001001

9 100010000100
9 100010000100
12 100010000100
12 100010000100
11 100010000100
11 100010000100
12 100010000100
12 100010000100
0 100010000100
0 100010000100
12 100010000100
12 100010000100
11 100010000100
11 100010000100
9 100010000100
9 100010000100

11 001001000100
12 001001000100
12 001001000100
12 001001000100
12 001001000100
12 001001000100
9 001001000100
7 001001000100
7 001000010001
12 001000010001
12 001000010001
12 001000010001
11 001000010001
12 001000010001
12 001000010001
12 001000010001

0 100010010000
0 100010010000
0 100010010000
0 100010010000
7 100010010000
7 100010010000
7 100010010000
7 100010010000
5 100010010000
5 100010010000
5 100010010000
5 100010010000
4 100010010000
4 100010010000
4 100010010000
4 100010010000

2 100010010000
12 100010010000
0 100010010000
0 100010010000
12 100010010000
12 100010010000
12 100010010000
12 100010010000
12 100010010000
12 100010010000
12 100010010000
12 100010010000
12 100010010000
12 100010010000
12 100010010000
12 100010010000

12 001001000101
12 001001000101
12 001001000101
12 001001000101
4 001001000101
12 001001000101
6 001001000101
12 001001000101
8 001010001001
12 001010001001
9 001010001001
11 001010001001
12 001010001001
12 001010001001
0 001010001001
12 001010001001

11 100010000100
11 100010000100
12 100010000100
12 100010000100
9 100010000100
9 100010000100
9 100010000100
9 100010000100
12 100010000100
12 100010000100
12 100010000100
12 100010000100
12 100010000100
12 100010000100
12 100010000100
12 100010000100

12 100011000100
12 100011000100
12 100011000100
12 100011000100
9 100011000100
9 100011000100
12 100011000100
7 100011000100
12 001000010001
12 001000010001
5 001000010001
4 001000010001
2 001000010001
12 001000010001
2 001000010001
12 001000010001

5 100010010000
5 100010010000
12 100010010000
12 100010010000
4 100010010000
4 100010010000
4 100010010000
4 100010010000
2 100010010000
2 100010010000
12 100010010000
12 100010010000
12 100010010000
12 100010010000
2 100010010000
2 100010010000

0 100010010100
0 100010010100
12 100010010100
12 100010010100
4 100010010100
4 100010010100
2 100010010100
2 100010010100
12 001000100100
12 001000100100
12 001000100100
12 001000100100
12 001000100100
12 001000100100
9 001000100100
9 001000100100

0 100001000100
0 100001000100
12 100001000100
12 100001000100
4 100001000100
4 100001000100
4 100001000100
4 100001000100
12 100010010000
12 100010010000
12 100010010000
12 100010010000
12 100010010000
12 100010010000
12 100010010000
12 100010010000

0 100010010000
0 100010010000
0 100010010000
0 100010010000
4 100010010000
4 100010010000
4 100010010000
4 100010010000
2 001000100100
2 001000100100
2 001000100100
2 001000100100
9 001000100100
9 001000100100
9 001000100100
9 001000100100

12 100001000100
12 100001000100
12 100001000100
12 100001000100
12 100001000100
12 100001000100
12 100001000100
12 100001000100
12 100010010000
12 100010010000
12 100010010000
12 100010010000
12 100010010000
12 100010010000
12 100010010000
12 100010010000

