12 000000000000
12 000000000000
12 000000000000
12 000000000000
12 000000000000
12 000000000000
12 000000000000
12 000000000000
12 000000000000
12 000000000000
12 000000000000
12 000000000000
4 000000000000
4 000000000000
12 000000000000
7 000000000000

9 100010010000
9 100010010000
12 100010010000
12 100010010000
12 100010010000
12 100010010000
7 100010010000
9 100010010000
7 100010000100
7 100010000100
12 100010000100
12 100010000100
12 100010000100
12 100010000100
12 100010000100
12 100010000100

4 101001000100
4 101001000100
12 101001000100
2 101001000100
12 101001000100
12 101001000100
12 101001000100
12 101001000100
12 001001010001
12 001001010001
12 001001010001
12 001001010001
12 001001010001
12 001001010001
4 001001010001
7 001001010001

4 100010010000
4 100010010000
12 100010010000
9 100010010000
12 100010010000
12 100010010000
12 100010010000
12 100010010000
7 100010000100
7 100010000100
9 100010000100
7 100010000100
12 100010000100
12 100010000100
12 100010000100
12 100010000100

12 101001000100
12 101001000100
4 101001000100
12 101001000100
2 101001000100
2 101001000100
12 101001000100
12 101001000100
12 001001010001
12 001001010001
12 001001010001
12 001001010001
12 001001010001
12 001001010001
12 001001010001
4 001001010001

7 100010010000
7 100010010000
12 100010010000
9 100010010000
12 100010010000
12 100010010000
12 100010010000
7 100010010000
9 100010000100
9 100010000100
7 100010000100
12 100010000100
12 100010000100
12 100010000100
12 100010000100
12 100010000100

12 101001000100
12 101001000100
4 101001000100
12 101001000100
2 101001000100
2 101001000100
12 101001000100
12 101001000100
12 001001010001
12 001001010001
12 001001010001
12 001001010001
2 001001010001
2 001001010001
0 001001010001
9 001001010001

12 100010010000
12 100010010000
0 100010010000
12 100010010000
0 100010010000
0 100010010000
2 100010010000
4 100010010000
9 100010000100
9 100010000100
12 100010000100
12 100010000100
0 100010000100
0 100010000100
2 100010000100
4 100010000100

2 101001000100
2 101001000100
12 101001000100
12 101001000100
0 101001000100
0 101001000100
12 101001000100
11 101001000100
9 001001010001
9 001001010001
0 001001010001
11 001001010001
9 001001010001
9 001001010001
12 001001010001
12 001001010001

12 100010010000
12 100010010000
12 100010010000
9 100010010000
12 100010010000
12 100010010000
7 100010010000
9 100010010000
7 100010000100
7 100010000100
12 100010000100
12 100010000100
12 100010000100
12 100010000100
12 100010000100
12 100010000100

12 101001000100
12 101001000100
4 101001000100
12 101001000100
2 101001000100
2 101001000100
12 101001000100
12 101001000100
12 001001010001
12 001001010001
12 001001010001
12 001001010001
4 001001010001
4 001001010001
7 001001010001
4 001001010001

9 100010010000
9 100010010000
12 100010010000
12 100010010000
12 100010010000
12 100010010000
7 100010010000
12 100010010000
9 100010000100
9 100010000100
12 100010000100
7 100010000100
12 100010000100
12 100010000100
12 100010000100
12 100010000100

4 101001000100
4 101001000100
12 101001000100
2 101001000100
12 101001000100
12 101001000100
12 101001000100
12 101001000100
12 001001010001
12 001001010001
12 001001010001
12 001001010001
4 001001010001
4 001001010001
7 001001010001
4 001001010001

9 100010010000
9 100010010000
12 100010010000
12 100010010000
12 100010010000
12 100010010000
12 100010010000
7 100010010000
12 100010000100
12 100010000100
9 100010000100
12 100010000100
7 100010000100
7 100010000100
12 100010000100
12 100010000100

12 101001000100
12 101001000100
4 101001000100
12 101001000100
2 101001000100
2 101001000100
12 101001000100
12 101001000100
12 001001010001
12 001001010001
12 001001010001
12 001001010001
2 001001010001
2 001001010001
0 001001010001
12 001001010001

12 100010010000
12 100010010000
9 100010010000
0 100010010000
12 100010010000
12 100010010000
12 100010010000
12 100010010000
12 100001000100
12 100001000100
12 100001000100
12 100001000100
12 100001000100
12 100001000100
12 100001000100
12 100001000100

12 100010010000
12 100010010000
12 100010010000
12 100010010000
12 100010010000
12 100010010000
12 100010010000
12 100010010000
12 100010010000
12 100010010000
12 100010010000
12 100010010000
0 100010010000
0 100010010000
12 100010010000
12 100010010000

2 001001000100
2 001001000100
12 001001000100
12 001001000100
2 001001000100
2 001001000100
2 001001000100
4 001001000100
0 001000010001
0 001000010001
2 001000010001
12 001000010001
12 001000010001
12 001000010001
12 001000010001
12 001000010001

0 100010010000
0 100010010000
2 100010010000
4 100010010000
12 100010010000
12 100010010000
0 100010010000
12 100010010000
12 100010010000
12 100010010000
12 100010010000
12 100010010000
12 100010010000
12 100010010000
12 100010010000
7 100010010000

2 001001000100
2 001001000100
12 001001000100
12 001001000100
12 001001000100
12 001001000100
12 001001000100
2 001001000100
2 001000010001
2 001000010001
12 001000010001
0 001000010001
12 001000010001
12 001000010001
9 001000010001
12 001000010001

12 100010010000
12 100010010000
12 100010010000
7 100010010000
12 100010010000
12 100010010000
9 100010010000
4 100010010000
12 100010010000
12 100010010000
12 100010010000
12 100010010000
12 100010010000
12 100010010000
12 100010010000
12 100010010000

12 001001000100
12 001001000100
12 001001000100
12 001001000100
2 001001000100
2 001001000100
2 001001000100
12 001001000100
2 001000010001
2 001000010001
12 001000010001
12 001000010001
0 001000010001
0 001000010001
12 001000010001
2 001000010001

12 100010010000
12 100010010000
12 100010010000
4 100010010000
12 100010010000
12 100010010000
0 100010010000
12 100010010000
12 010010010100
12 010010010100
12 010010010100
12 010010010100
12 010010010100
12 010010010100
12 010010010100
9 010010010100

4 101000100100
4 101000100100
12 101000100100
2 101000100100
0 101000100100
0 101000100100
12 101000100100
12 101000100100
0 101000100100
0 101000100100
12 101000100100
2 101000100100
12 101000100100
12 101000100100
4 101000100100
12 101000100100

4 101000100100
4 101000100100
2 101000100100
12 101000100100
0 101000100100
0 101000100100
12 101000100100
11 101000100100
9 001001010001
9 001001010001
0 001001010001
11 001001010001
9 001001010001
9 001001010001
12 001001010001
12 001001010001

12 100010010000
12 100010010000
12 100010010000
9 100010010000
12 100010010000
12 100010010000
12 100010010000
7 100010010000
12 100010000100
12 100010000100
9 100010000100
12 100010000100
7 100010000100
7 100010000100
12 100010000100
12 100010000100

12 101001000100
12 101001000100
4 101001000100
12 101001000100
2 101001000100
2 101001000100
12 101001000100
12 101001000100
12 001001010001
12 001001010001
12 001001010001
12 001001010001
4 001001010001
4 001001010001
7 001001010001
4 001001010001

9 100010010000
9 100010010000
12 100010010000
12 100010010000
12 100010010000
12 100010010000
7 100010010000
12 100010010000
9 100010000100
9 100010000100
7 100010000100
12 100010000100
12 100010000100
12 100010000100
12 100010000100
12 100010000100

4 101001000100
4 101001000100
12 101001000100
2 101001000100
12 101001000100
12 101001000100
12 101001000100
12 101001000100
12 001001010001
12 001001010001
12 001001010001
0 001001010001
11 001001010001
11 001001010001
9 001001010001
4 001001010001

12 100010010000
12 100010010000
12 100010010000
9 100010010000
12 100010010000
12 100010010000
12 100010010000
7 100010010000
9 100010000100
9 100010000100
7 100010000100
12 100010000100
12 100010000100
12 100010000100
12 100010000100
12 100010000100

12 101001000100
12 101001000100
4 101001000100
12 101001000100
2 101001000100
2 101001000100
12 101001000100
12 101001000100
12 001001010001
12 001001010001
12 001001010001
12 001001010001
2 001001010001
2 001001010001
0 001001010001
12 001001010001

9 100010010000
9 100010010000
0 100010010000
12 100010010000
12 100010010000
12 100010010000
2 100010010000
0 100010010000
12 100010000100
12 100010000100
12 100010000100
12 100010000100
12 100010000100
12 100010000100
12 100010000100
12 100010000100

12 101001000100
12 101001000100
12 101001000100
12 101001000100
12 101001000100
12 101001000100
12 101001000100
12 101001000100
12 001001010001
12 001001010001
12 001001010001
12 001001010001
12 001001010001
12 001001010001
12 001001010001
12 001001010001

12 100010010000
12 100010010000
12 100010010000
12 100010010000
12 100010010000
12 100010010000
12 100010010000
12 100010010000
12 100010000100
12 100010000100
12 100010000100
12 100010000100
12 100010000100
12 100010000100
12 100010000100
12 100010000100

0 101001000100
0 101001000100
12 101001000100
11 101001000100
9 101001000100
9 101001000100
12 101001000100
4 101001000100
7 001001010001
7 001001010001
9 001001010001
11 001001010001
9 001001010001
9 001001010001
12 001001010001
7 001001010001

12 100010010000
12 100010010000
12 100010010000
12 100010010000
12 100010010000
12 100010010000
12 100010010000
12 100010010000
12 100010000100
12 100010000100
12 100010000100
12 100010000100
0 100010000100
0 100010000100
12 100010000100
11 100010000100

12 101001000100
12 101001000100
11 101001000100
12 101001000100
9 101001000100
9 101001000100
12 101001000100
4 101001000100
7 001001010001
7 001001010001
4 001001010001
7 001001010001
12 001001010001
12 001001010001
12 001001010001
11 001001010001

12 100010010000
12 100010010000
9 100010010000
12 100010010000
12 100010010000
12 100010010000
12 100010010000
12 100010010000
12 100010000100
12 100010000100
12 100010000100
12 100010000100
11 100010000100
11 100010000100
12 100010000100
9 100010000100

12 101001000100
12 101001000100
12 101001000100
12 101001000100
4 101001000100
4 101001000100
12 101001000100
12 101001000100
12 001001010001
12 001001010001
2 001001010001
12 001001010001
12 001001010001
12 001001010001
2 001001010001
0 001001010001

9 100010010000
9 100010010000
0 100010010000
12 100010010000
0 100010010000
0 100010010000
2 100010010000
0 100010010000
9 100010000100
9 100010000100
12 100010000100
12 100010000100
12 100010000100
12 100010000100
12 100010000100
12 100010000100

0 101001000100
0 101001000100
12 101001000100
11 101001000100
9 101001000100
9 101001000100
12 101001000100
7 101001000100
9 001001010001
9 001001010001
0 001001010001
11 001001010001
9 001001010001
9 001001010001
12 001001010001
12 001001010001

12 100010010000
12 100010010000
12 100010010000
12 100010010000
12 100010010000
12 100010010000
12 100010010000
12 100010010000
12 100010000100
12 100010000100
12 100010000100
12 100010000100
12 100010000100
12 100010000100
12 100010000100
0 100010000100

0 101001000100
0 101001000100
11 101001000100
12 101001000100
11 101001000100
11 101001000100
9 101001000100
12 101001000100
4 001001010001
4 001001010001
12 001001010001
7 001001010001
4 001001010001
4 001001010001
11 001001010001
12 001001010001

12 100010010000
12 100010010000
12 100010010000
9 100010010000
12 100010010000
12 100010010000
12 100010010000
12 100010010000
12 100010000100
12 100010000100
12 100010000100
12 100010000100
0 100010000100
0 100010000100
12 100010000100
12 100010000100

9 101001000100
9 101001000100
11 101001000100
9 101001000100
7 101001000100
7 101001000100
12 101001000100
4 101001000100
7 001001010001
7 001001010001
4 001001010001
7 001001010001
12 001001010001
12 001001010001
11 001001010001
12 001001010001

9 100010010000
9 100010010000
12 100010010000
12 100010010000
12 100010010000
12 100010010000
12 100010010000
12 100010010000
12 100010000100
12 100010000100
12 100010000100
11 100010000100
12 100010000100
12 100010000100
9 100010000100
12 100010000100

12 101001000100
12 101001000100
12 101001000100
4 101001000100
12 101001000100
12 101001000100
12 101001000100
12 101001000100
2 001001010001
2 001001010001
12 001001010001
12 001001010001
12 001001010001
12 001001010001
2 001001010001
0 001001010001

9 100010010000
9 100010010000
12 100010010000
0 100010010000
12 100010010000
12 100010010000
12 100010010000
12 100010010000
12 100001000100
12 100001000100
12 100001000100
12 100001000100
12 100001000100
12 100001000100
12 100001000100
12 100001000100

12 100010010000
12 100010010000
12 100010010000
12 100010010000
12 100010010000
12 100010010000
12 100010010000
12 100010010000
12 100010010000
12 100010010000
12 100010010000
12 100010010000
0 100010010000
0 100010010000
12 100010010000
12 100010010000

2 001001000100
2 001001000100
12 001001000100
12 001001000100
2 001001000100
2 001001000100
2 001001000100
4 001001000100
0 001000010001
0 001000010001
2 001000010001
12 001000010001
12 001000010001
12 001000010001
12 001000010001
12 001000010001

0 100010010000
0 100010010000
2 100010010000
4 100010010000
12 100010010000
12 100010010000
0 100010010000
12 100010010000
12 100010010000
12 100010010000
12 100010010000
12 100010010000
12 100010010000
12 100010010000
12 100010010000
7 100010010000

2 001001000100
2 001001000100
12 001001000100
12 001001000100
12 001001000100
12 001001000100
12 001001000100
2 001001000100
2 001000010001
2 001000010001
12 001000010001
0 001000010001
12 001000010001
12 001000010001
9 001000010001
12 001000010001

12 100010010000
12 100010010000
12 100010010000
7 100010010000
12 100010010000
12 100010010000
9 100010010000
12 100010010000
12 100010010000
12 100010010000
4 100010010000
12 100010010000
12 100010010000
12 100010010000
12 100010010000
12 100010010000

12 001001000100
12 001001000100
12 001001000100
12 001001000100
2 001001000100
2 001001000100
2 001001000100
12 001001000100
2 001000010001
2 001000010001
12 001000010001
0 001000010001
12 001000010001
12 001000010001
2 001000010001
12 001000010001

12 100010010000
12 100010010000
12 100010010000
4 100010010000
0 100010010000
0 100010010000
12 100010010000
12 100010010000
12 010010010100
12 010010010100
12 010010010100
12 010010010100
12 010010010100
12 010010010100
12 010010010100
9 010010010100

4 101000100100
4 101000100100
12 101000100100
2 101000100100
0 101000100100
0 101000100100
12 101000100100
12 101000100100
0 101000100100
0 101000100100
12 101000100100
2 101000100100
12 101000100100
12 101000100100
4 101000100100
12 101000100100

2 101000100100
2 101000100100
12 101000100100
0 101000100100
12 101000100100
12 101000100100
0 101000100100
12 101000100100
11 001001010001
11 001001010001
11 001001010001
12 001001010001
9 001001010001
9 001001010001
9 001001010001
4 001001010001

12 100010010000
12 100010010000
12 100010010000
9 100010010000
12 100010010000
12 100010010000
12 100010010000
7 100010010000
12 100010000100
12 100010000100
9 100010000100
12 100010000100
7 100010000100
7 100010000100
12 100010000100
12 100010000100

12 101001000100
12 101001000100
12 101001000100
12 101001000100
4 101001000100
4 101001000100
12 101001000100
2 101001000100
12 001001010001
12 001001010001
12 001001010001
12 001001010001
4 001001010001
4 001001010001
7 001001010001
4 001001010001

9 100010010000
9 100010010000
12 100010010000
12 100010010000
12 100010010000
12 100010010000
7 100010010000
12 100010010000
9 100010000100
9 100010000100
7 100010000100
12 100010000100
12 100010000100
12 100010000100
12 100010000100
12 100010000100

4 101001000100
4 101001000100
12 101001000100
2 101001000100
12 101001000100
12 101001000100
12 101001000100
12 101001000100
9 001001010001
9 001001010001
0 001001010001
11 001001010001
9 001001010001
9 001001010001
12 001001010001
12 001001010001

12 100010010000
12 100010010000
9 100010010000
12 100010010000
7 100010010000
7 100010010000
12 100010010000
9 100010010000
12 100010000100
12 100010000100
7 100010000100
12 100010000100
12 100010000100
12 100010000100
12 100010000100
12 100010000100

12 101001000100
12 101001000100
12 101001000100
4 101001000100
12 101001000100
12 101001000100
2 101001000100
12 101001000100
12 001001010001
12 001001010001
12 001001010001
12 001001010001
2 001001010001
2 001001010001
0 001001010001
12 001001010001

12 100010010000
12 100010010000
9 100010010000
0 100010010000
12 100010010000
12 100010010000
12 100010010000
12 100010010000
12 100001000100
12 100001000100
12 100001000100
12 100001000100
12 100001000100
12 100001000100
12 100001000100
12 100001000100

12 100010010000
12 100010010000
12 100010010000
12 100010010000
12 100010010000
12 100010010000
12 100010010000
12 100010010000
12 100010010000
12 100010010000
12 100010010000
12 100010010000
12 100010010000
12 100010010000
12 100010010000
12 100010010000

