12 000000000000
12 000000000000
12 000000000000
12 000000000000
12 000000000000
12 000000000000
12 000000000000
12 000000000000
12 000000000000
12 000000000000
7 000000000000
7 000000000000
0 000000000000
0 000000000000
5 000000000000
5 000000000000

4 001001000010
4 001001000010
0 001001000010
0 001001000010
12 001001000010
12 001001000010
10 001001000010
10 001001000010
12 001001000010
12 001001000010
12 001001000010
12 001001000010
0 001001000010
0 001001000010
5 001001000010
5 001001000010

4 001001000010
4 001001000010
12 001001000010
12 001001000010
0 001001000010
0 001001000010
0 001001000010
0 001001000010
10 001001000010
10 001001000010
12 001001000010
12 001001000010
12 001001000010
12 001001000010
5 001001000010
5 001001000010

7 100010010000
12 100010010000
2 100010010000
4 100010010000
12 100010010000
12 100010010000
12 100010010000
12 100010010000
12 100010010000
12 100010010000
12 100010010000
12 100010010000
12 100010010000
12 100010010000
12 100010010000
12 100010010000

12 100010010000
12 100010010000
12 100010010000
12 100010010000
12 100010010000
12 100010010000
12 100010010000
12 100010010000
12 100010010000
12 100010010000
7 100010010000
7 100010010000
0 100010010000
0 100010010000
7 100010010000
7 100010010000

12 001001000010
12 001001000010
5 001001000010
5 001001000010
4 001001000010
4 001001000010
2 001001000010
2 001001000010
12 001001000010
12 001001000010
12 001001000010
12 001001000010
7 001001000010
7 001001000010
7 001001000010
7 001001000010

12 001001000010
12 001001000010
5 001001000010
5 001001000010
4 001001000010
4 001001000010
4 001001000010
4 001001000010
2 001001000010
2 001001000010
0 001001000010
0 001001000010
12 001001000010
12 001001000010
0 001001000010
0 001001000010

4 100010010000
12 100010010000
4 100010010000
2 100010010000
0 100010010000
12 100010010000
12 100010010000
12 100010010000
12 100010010000
12 100010010000
12 100010010000
12 100010010000
12 100010010000
12 100010010000
12 100010010000
12 100010010000

12 100010010000
12 100010010000
12 100010010000
12 100010010000
12 100010010000
12 100010010000
12 100010010000
12 100010010000
12 100010010000
12 100010010000
7 100010010000
7 100010010000
9 100010010000
9 100010010000
11 100010010000
11 100010010000

0 001001000100
0 001001000100
12 001001000100
12 001001000100
11 001001000100
11 001001000100
0 001001000100
0 001001000100
11 001001000100
11 001001000100
7 001001000100
7 001001000100
12 001001000100
12 001001000100
12 001001000100
12 001001000100

12 000010010001
12 000010010001
12 000010010001
12 000010010001
12 000010010001
12 000010010001
12 000010010001
12 000010010001
12 000010010001
12 000010010001
12 000010010001
12 000010010001
12 000010010001
12 000010010001
7 000010010001
7 000010010001

4 100001000100
12 100001000100
12 100001000100
2 100001000100
12 100001000100
12 100001000100
12 100001000100
12 100001000100
12 100001000100
12 100001000100
12 100001000100
12 100001000100
12 100001000100
12 100001000100
12 100001000100
12 100001000100

4 101001010101
12 101001010101
12 101001010101
2 101001010101
12 101001010101
12 101001010101
0 101001010101
12 101001010101
4 001000010001
12 001000010001
2 001000010001
12 001000010001
4 001000010001
2 001000010001
0 001000010001
12 001000010001

12 100010010000
12 100010010000
12 100010010000
12 100010010000
0 100010010000
0 100010010000
0 100010010000
0 100010010000
12 100010010000
12 100010010000
12 100010010000
12 100010010000
0 100010010000
0 100010010000
0 100010010000
0 100010010000

2 001001000100
2 001001000100
12 001001000100
12 001001000100
9 001001000100
9 001001000100
0 001001000100
0 001001000100
2 001001000100
2 001001000100
9 001001000100
9 001001000100
9 001001000100
9 001001000100
12 001001000100
12 001001000100

12 001000010001
12 001000010001
12 001000010001
12 001000010001
12 001000010001
12 001000010001
12 001000010001
12 001000010001
11 001000010001
11 001000010001
9 001000010001
9 001000010001
11 001000010001
11 001000010001
11 001000010001
11 001000010001

0 100010010000
12 100010010000
12 100010010000
12 100010010000
7 100010010000
12 100010010000
11 100010010000
12 100010010000
0 100010010000
12 100010010000
7 100010010000
12 100010010000
7 100010010000
5 100010010000
4 100010010000
12 100010010000

12 100010010000
12 100010010000
12 100010010000
12 100010010000
12 100010010000
12 100010010000
12 100010010000
12 100010010000
0 100010010000
0 100010010000
0 100010010000
11 100010010000
11 100010010000
11 100010010000
0 100010010000
0 100010010000

5 001001000100
5 001001000100
12 001001000100
12 001001000100
4 001001000100
4 001001000100
2 001001000100
2 001001000100
12 001001000100
12 001001000100
0 001001000100
0 001001000100
2 001001000100
2 001001000100
0 001001000100
0 001001000100

10 001001000010
10 001001000010
12 001001000010
12 001001000010
12 001001000010
12 001001000010
9 001001000010
9 001001000010
9 001001000010
9 001001000010
12 001001000010
12 001001000010
12 001001000010
12 001001000010
7 001001000010
7 001001000010

7 001000010010
7 001000010010
12 001000010010
12 001000010010
12 001000010010
12 001000010010
12 001000010010
12 001000010010
5 001000010010
5 001000010010
7 001000010010
7 001000010010
5 001000010010
5 001000010010
2 001000010010
2 001000010010

4 100010010000
4 100010010000
4 100010010000
4 100010010000
4 100010010000
4 100010010000
4 100010010000
4 100010010000
4 100010010000
4 100010010000
4 100010010000
4 100010010000
4 100010010000
4 100010010000
4 100010010000
4 100010010000

12 100010010000
12 100010010000
12 100010010000
12 100010010000
12 100010010000
12 100010010000
12 100010010000
12 100010010000
12 100010010000
12 100010010000
7 100010010000
7 100010010000
0 100010010000
0 100010010000
5 100010010000
5 100010010000

4 001001000010
12 001001000010
12 001001000010
12 001001000010
0 001001000010
12 001001000010
10 001001000010
12 001001000010
12 001001000010
12 001001000010
0 001001000010
12 001001000010
12 001001000010
5 001001000010
12 001001000010
12 001001000010

4 001001000010
12 001001000010
12 001001000010
12 001001000010
0 001001000010
0 001001000010
10 001001000010
12 001001000010
12 001001000010
12 001001000010
12 001001000010
12 001001000010
12 001001000010
12 001001000010
5 001001000010
12 001001000010

7 100010010000
12 100010010000
7 100010010000
12 100010010000
12 100010010000
5 100010010000
4 100010010000
12 100010010000
12 100010010000
12 100010010000
12 100010010000
12 100010010000
12 100010010000
12 100010010000
12 100010010000
12 100010010000

12 100010010000
12 100010010000
12 100010010000
12 100010010000
12 100010010000
12 100010010000
12 100010010000
12 100010010000
12 100010010000
12 100010010000
7 100010010000
7 100010010000
0 100010010000
0 100010010000
7 100010010000
7 100010010000

12 001001000010
12 001001000010
5 001001000010
5 001001000010
4 001001000010
4 001001000010
2 001001000010
2 001001000010
12 001001000010
12 001001000010
12 001001000010
12 001001000010
7 001001000010
7 001001000010
7 001001000010
7 001001000010

5 001001000010
12 001001000010
12 001001000010
12 001001000010
4 001001000010
4 001001000010
12 001001000010
2 001001000010
0 001001000010
12 001001000010
12 001001000010
12 001001000010
12 001001000010
12 001001000010
0 001001000010
12 001001000010

4 100010010000
12 100010010000
12 100010010000
4 100010010000
12 100010010000
2 100010010000
0 100010010000
12 100010010000
12 100010010000
12 100010010000
12 100010010000
12 100010010000
12 100010010000
12 100010010000
12 100010010000
12 100010010000

12 100010010000
12 100010010000
12 100010010000
12 100010010000
12 100010010000
12 100010010000
12 100010010000
12 100010010000
12 100010010000
12 100010010000
7 100010010000
7 100010010000
9 100010010000
9 100010010000
11 100010010000
11 100010010000

0 001001000100
0 001001000100
12 001001000100
12 001001000100
11 001001000100
11 001001000100
0 001001000100
0 001001000100
11 001001000100
11 001001000100
7 001001000100
7 001001000100
12 001001000100
12 001001000100
12 001001000100
12 001001000100

12 000010010001
12 000010010001
12 000010010001
12 000010010001
12 000010010001
12 000010010001
12 000010010001
12 000010010001
12 000010010001
12 000010010001
12 000010010001
12 000010010001
12 000010010001
12 000010010001
7 000010010001
7 000010010001

4 100001000100
12 100001000100
12 100001000100
2 100001000100
12 100001000100
12 100001000100
12 100001000100
12 100001000100
12 100001000100
12 100001000100
12 100001000100
12 100001000100
7 100001000100
12 100001000100
0 100001000100
12 100001000100

4 101001010101
12 101001010101
12 101001010101
2 101001010101
12 101001010101
12 101001010101
0 101001010101
12 101001010101
4 001000010001
12 001000010001
12 001000010001
5 001000010001
4 001000010001
12 001000010001
2 001000010001
12 001000010001

12 100010010000
12 100010010000
12 100010010000
12 100010010000
0 100010010000
0 100010010000
0 100010010000
0 100010010000
12 100010010000
12 100010010000
0 100010010000
0 100010010000
12 100010010000
12 100010010000
0 100010010000
0 100010010000

2 001001000100
2 001001000100
12 001001000100
12 001001000100
9 001001000100
9 001001000100
0 001001000100
0 001001000100
2 001001000100
2 001001000100
9 001001000100
9 001001000100
9 001001000100
9 001001000100
12 001001000100
12 001001000100

12 001000010001
12 001000010001
12 001000010001
12 001000010001
12 001000010001
12 001000010001
12 001000010001
12 001000010001
11 001000010001
11 001000010001
9 001000010001
9 001000010001
11 001000010001
11 001000010001
11 001000010001
11 001000010001

0 100010010000
12 100010010000
12 100010010000
12 100010010000
7 100010010000
12 100010010000
11 100010010000
12 100010010000
0 100010010000
12 100010010000
7 100010010000
12 100010010000
7 100010010000
5 100010010000
4 100010010000
12 100010010000

12 100010010000
12 100010010000
12 100010010000
12 100010010000
12 100010010000
12 100010010000
12 100010010000
12 100010010000
0 100010010000
0 100010010000
0 100010010000
11 100010010000
11 100010010000
11 100010010000
0 100010010000
0 100010010000

5 001001000100
5 001001000100
12 001001000100
12 001001000100
4 001001000100
4 001001000100
2 001001000100
2 001001000100
12 001001000100
12 001001000100
0 001001000100
0 001001000100
2 001001000100
2 001001000100
0 001001000100
0 001001000100

10 001001000010
10 001001000010
12 001001000010
12 001001000010
12 001001000010
12 001001000010
12 001001000010
12 001001000010
9 001001000010
9 001001000010
12 001001000010
12 001001000010
12 001001000010
12 001001000010
7 001001000010
7 001001000010

7 001000010010
7 001000010010
12 001000010010
12 001000010010
12 001000010010
12 001000010010
12 001000010010
12 001000010010
5 001000010010
5 001000010010
7 001000010010
7 001000010010
5 001000010010
5 001000010010
2 001000010010
2 001000010010

4 100010010000
4 100010010000
4 100010010000
4 100010010000
4 100010010000
4 100010010000
4 100010010000
4 100010010000
4 100001000100
4 100001000100
4 100001000100
4 100001000100
4 100001000100
4 100001000100
4 100001000100
4 100001000100

12 001000010001
12 001000010001
12 001000010001
12 001000010001
12 001000010001
12 001000010001
12 001000010001
12 001000010001
12 100001000100
12 100001000100
12 100001000100
12 100001000100
12 001001000100
12 001001000100
12 001001000100
12 001001000100

12 100010010000
12 100010010000
12 100010010000
12 100010010000
0 100010010000
0 100010010000
0 100010010000
0 100010010000
11 100001000100
11 100001000100
11 100001000100
11 100001000100
12 100001000100
12 100001000100
12 100001000100
12 100001000100

12 001000010001
12 001000010001
9 001000010001
12 001000010001
9 001000010001
12 001000010001
9 001000010001
12 001000010001
9 100001000100
11 100001000100
9 100001000100
12 100001000100
7 001001000100
9 001001000100
7 001001000100
12 001001000100

7 100010010000
5 100010010000
4 100010010000
12 100010010000
12 100010010000
12 100010010000
12 100010010000
12 100010010000
12 100001000100
12 100001000100
12 100001000100
12 100001000100
12 100001000100
12 100001000100
12 100001000100
12 100001000100

12 001000010001
12 001000010001
12 001000010001
12 001000010001
12 001000010001
12 001000010001
12 001000010001
12 001000010001
12 100001000100
12 100001000100
12 100001000100
12 100001000100
12 001001000100
12 001001000100
12 001001000100
12 001001000100

12 100010010000
12 100010010000
4 100010010000
4 100010010000
5 100010010000
5 100010010000
4 100010010000
4 100010010000
5 100001000100
5 100001000100
5 100001000100
5 100001000100
12 100001000100
12 100001000100
12 100001000100
12 100001000100

7 001000010001
12 001000010001
7 001000010001
5 001000010001
4 001000010001
12 001000010001
12 001000010001
12 001000010001
12 100001000100
12 100001000100
0 100001000100
12 100001000100
0 001001000100
2 001001000100
0 001001000100
12 001001000100

4 100010010000
2 100010010000
4 100010010000
7 100010010000
12 100010010000
12 100010010000
9 100010010000
12 100010010000
7 100001000100
5 100001000100
4 100001000100
12 100001000100
12 100001000100
12 100001000100
12 100001000100
12 100001000100

12 001000010001
12 001000010001
12 001000010001
12 001000010001
12 001000010001
12 001000010001
12 001000010001
12 001000010001
12 100001000100
12 100001000100
12 100001000100
12 100001000100
12 001001000100
12 001001000100
12 001001000100
12 001001000100

12 100010010000
12 100010010000
11 100010010000
11 100010010000
0 100010010000
0 100010010000
0 100010010000
0 100010010000
0 100001000100
0 100001000100
12 100001000100
12 100001000100
12 100001000100
12 100001000100
0 100001000100
0 100001000100

11 001000010001
12 001000010001
12 001000010001
12 001000010001
12 001000010001
12 001000010001
11 001000010001
12 001000010001
11 100001000100
11 100001000100
11 100001000100
12 100001000100
11 001001000100
12 001001000100
11 001001000100
11 001001000100

0 100010010000
12 100010010000
0 100010010000
9 100010010000
7 100010010000
12 100010010000
12 100010010000
12 100010010000
12 100001000100
12 100001000100
12 100001000100
12 100001000100
12 100001000100
12 100001000100
12 100001000100
12 100001000100

12 001000010001
12 001000010001
12 001000010001
12 001000010001
12 001000010001
12 001000010001
12 001000010001
12 001000010001
12 100001000100
12 100001000100
12 100001000100
12 100001000100
12 001001000100
12 001001000100
11 001001000100
11 001001000100

0 100010010000
0 100010010000
0 100010010000
0 100010010000
12 100010010000
12 100010010000
12 100010010000
12 100010010000
0 100001000100
0 100001000100
0 100001000100
0 100001000100
12 100001000100
12 100001000100
12 100001000100
12 100001000100

2 001000010001
12 001000010001
12 001000010001
12 001000010001
12 001000010001
12 001000010001
12 001000010001
12 001000010001
0 100001000100
12 100001000100
12 100001000100
12 100001000100
0 001001000100
9 001001000100
0 001001000100
9 001001000100

0 100010010000
9 100010010000
7 100010010000
12 100010010000
12 100010010000
12 100010010000
12 100010010000
12 100010010000
12 100001000100
12 100001000100
12 100001000100
12 100001000100
12 100001000100
12 100001000100
12 100001000100
12 100001000100

12 001000010001
12 001000010001
12 001000010001
12 001000010001
12 001000010001
12 001000010001
12 001000010001
12 001000010001
12 100001000100
12 100001000100
12 100001000100
12 100001000100
12 001001000100
12 001001000100
12 001001000100
12 001001000100

4 100010010000
12 100010010000
12 100010010000
12 100010010000
2 100010010000
0 100010010000
12 100010010000
12 100010010000
12 100001000100
12 100001000100
12 100001000100
12 100001000100
12 100001000100
12 100001000100
12 100001000100
12 100001000100

4 001000010001
4 001000010001
12 001000010001
12 001000010001
2 001000010001
2 001000010001
12 001000010001
12 001000010001
12 100001000100
12 100001000100
0 100001000100
0 100001000100
4 001001000100
4 001001000100
4 001001000100
4 001001000100

4 100010010000
12 100010010000
2 100010010000
0 100010010000
12 100010010000
12 100010010000
12 100010010000
12 100010010000
12 100001000100
12 100001000100
12 100001000100
12 100001000100
12 100001000100
12 100001000100
12 100001000100
12 100001000100

4 001000010001
12 001000010001
12 001000010001
2 001000010001
12 001000010001
12 001000010001
12 001000010001
12 001000010001
12 100001000100
12 100001000100
0 100001000100
12 100001000100
4 001001000100
12 001001000100
4 001001000100
12 001001000100

4 100010010000
12 100010010000
2 100010010000
0 100010010000
12 100010010000
12 100010010000
12 100010010000
12 100010010000
12 100001000100
12 100001000100
0 100001000100
12 100001000100
4 100001000100
12 100001000100
4 100001000100
12 100001000100

4 001000010001
2 001000010001
12 001000010001
12 001000010001
12 001000010001
12 001000010001
12 001000010001
12 001000010001
12 100001000100
12 100001000100
0 100001000100
12 100001000100
4 001001000100
4 001001000100
4 001001000100
12 001001000100

4 100010010000
2 100010010000
0 100010010000
12 100010010000
12 100010010000
12 100010010000
12 100010010000
12 100010010000
12 100001000100
12 100001000100
12 100001000100
12 100001000100
4 100001000100
4 100001000100
4 100001000100
12 100001000100

4 001000010001
4 001000010001
2 001000010001
2 001000010001
12 001000010001
12 001000010001
12 001000010001
12 001000010001
12 100001000100
12 100001000100
12 100001000100
12 100001000100
12 001001000100
12 001001000100
12 001001000100
12 001001000100

12 100010010000
12 100010010000
12 100010010000
12 100010010000
0 100010010000
0 100010010000
0 100010010000
0 100010010000
12 100010010000
12 100010010000
12 100010010000
12 100010010000
12 100010010000
12 100010010000
0 100010010000
0 100010010000

2 001001000100
2 001001000100
12 001001000100
12 001001000100
9 001001000100
9 001001000100
0 001001000100
0 001001000100
2 001001000100
2 001001000100
9 001001000100
9 001001000100
9 001001000100
9 001001000100
12 001001000100
12 001001000100

12 001000010001
12 001000010001
12 001000010001
12 001000010001
12 001000010001
12 001000010001
12 001000010001
12 001000010001
11 001000010001
11 001000010001
9 001000010001
9 001000010001
11 001000010001
11 001000010001
11 001000010001
11 001000010001

0 100010010000
12 100010010000
12 100010010000
12 100010010000
7 100010010000
12 100010010000
11 100010010000
12 100010010000
0 100010010000
12 100010010000
7 100010010000
12 100010010000
7 100010010000
5 100010010000
4 100010010000
12 100010010000

12 100010010000
12 100010010000
12 100010010000
12 100010010000
12 100010010000
12 100010010000
12 100010010000
12 100010010000
0 100010010000
0 100010010000
0 100010010000
11 100010010000
11 100010010000
11 100010010000
0 100010010000
0 100010010000

5 001001000100
5 001001000100
12 001001000100
12 001001000100
4 001001000100
4 001001000100
2 001001000100
2 001001000100
12 001001000100
12 001001000100
0 001001000100
0 001001000100
2 001001000100
2 001001000100
0 001001000100
0 001001000100

10 001001000010
10 001001000010
12 001001000010
12 001001000010
12 001001000010
12 001001000010
9 001001000010
9 001001000010
9 001001000010
9 001001000010
12 001001000010
12 001001000010
12 001001000010
12 001001000010
7 001001000010
7 001001000010

7 001000010010
7 001000010010
12 001000010010
12 001000010010
12 001000010010
12 001000010010
12 001000010010
12 001000010010
12 001000010010
12 001000010010
12 001000010010
12 001000010010
7 001000010010
7 001000010010
9 001000010010
9 001000010010

10 001001000010
10 001001000010
12 001001000010
12 001001000010
12 001001000010
12 001001000010
12 001001000010
12 001001000010
9 001001000010
9 001001000010
12 001001000010
12 001001000010
12 001001000010
12 001001000010
7 001001000010
7 001001000010

7 001000010010
7 001000010010
12 001000010010
12 001000010010
12 001000010010
12 001000010010
12 001000010010
12 001000010010
5 001000010010
5 001000010010
7 001000010010
7 001000010010
5 001000010010
5 001000010010
2 001000010010
2 001000010010

4 100010010000
4 100010010000
4 100010010000
4 100010010000
4 100010010000
4 100010010000
4 100010010000
4 100010010000
4 100001000100
4 100001000100
4 100001000100
4 100001000100
4 100001000100
4 100001000100
4 100001000100
4 100001000100

12 001000010001
12 001000010001
12 001000010001
12 001000010001
12 001000010001
12 001000010001
12 001000010001
12 001000010001
12 100001000100
12 100001000100
12 100001000100
12 100001000100
12 001001000100
12 001001000100
12 001001000100
12 001001000100

12 100010010000
12 100010010000
12 100010010000
12 100010010000
0 100010010000
0 100010010000
0 100010010000
0 100010010000
12 100010010000
12 100010010000
12 100010010000
12 100010010000
12 100010010000
12 100010010000
0 100010010000
0 100010010000

2 001001000100
2 001001000100
12 001001000100
12 001001000100
9 001001000100
9 001001000100
0 001001000100
0 001001000100
2 001001000100
2 001001000100
9 001001000100
9 001001000100
9 001001000100
9 001001000100
12 001001000100
12 001001000100

12 001000010001
12 001000010001
12 001000010001
12 001000010001
12 001000010001
12 001000010001
12 001000010001
12 001000010001
11 001000010001
11 001000010001
9 001000010001
9 001000010001
11 001000010001
11 001000010001
11 001000010001
11 001000010001

0 100010010000
12 100010010000
12 100010010000
12 100010010000
7 100010010000
12 100010010000
11 100010010000
12 100010010000
0 100010010000
12 100010010000
7 100010010000
12 100010010000
7 100010010000
5 100010010000
4 100010010000
12 100010010000

12 100010010000
12 100010010000
12 100010010000
12 100010010000
12 100010010000
12 100010010000
12 100010010000
12 100010010000
0 100010010000
0 100010010000
0 100010010000
11 100010010000
11 100010010000
11 100010010000
0 100010010000
0 100010010000

5 001001000100
5 001001000100
12 001001000100
12 001001000100
4 001001000100
4 001001000100
2 001001000100
2 001001000100
12 001001000100
12 001001000100
0 001001000100
0 001001000100
2 001001000100
2 001001000100
0 001001000100
0 001001000100

10 001001000010
10 001001000010
12 001001000010
12 001001000010
12 001001000010
12 001001000010
9 001001000010
9 001001000010
9 001001000010
9 001001000010
12 001001000010
12 001001000010
12 001001000010
12 001001000010
7 001001000010
7 001001000010

12 001000010010
12 001000010010
12 001000010010
12 001000010010
12 001000010010
12 001000010010
12 001000010010
12 001000010010
12 001000010010
12 001000010010
12 001000010010
12 001000010010
12 001000010010
12 001000010010
12 001000010010
12 001000010010

