12 001001000010
12 001001000010
12 001001000010
12 001001000010
12 100001000100
12 100001000100
12 100001000100
12 100001000100
12 001000010010
12 001000010010
12 001000010010
12 001000010010
12 001001000010
12 001001000010
12 001001000010
12 001001000010

12 100100010010
12 100100010010
12 001001010001
12 001001010001
12 100100010000
12 100100010000
12 001000010010
12 001000010010
12 100100101000
12 100100101000
12 100100101000
12 100100101000
12 001001010001
12 001001010001
12 001001010001
12 001001010001

12 100001000100
12 100001000100
12 100001000100
12 100001000100
12 100001000100
12 100001000100
12 100001000100
12 100001000100
12 100001000100
12 100001000100
12 100001000100
12 100001000100
12 100001000100
12 100001000100
5 100001000100
7 100001000100

10 001001000010
10 001001000010
10 001001000010
10 001001000010
10 001001000010
10 001001000010
7 001001000010
7 001001000010
5 001001000010
7 001001000010
10 001001000010
10 001001000010
10 001001000010
10 001001000010
10 001001000010
10 001001000010

12 001001000010
12 001001000010
12 001001000010
12 001001000010
2 001001000010
5 001001000010
5 001001000010
7 001001000010
2 001001000010
2 001001000010
2 001001000010
2 001001000010
2 001001000010
2 001001000010
2 001001000010
2 001001000010

12 100100010010
12 100100010010
2 100100010010
0 100100010010
0 100100010010
0 100100010010
0 100100010010
0 100100010010
10 100100010010
0 100100010010
2 100100010010
2 100100010010
2 100100010010
2 100100010010
0 100100010010
10 100100010010

12 001000010010
12 001000010010
12 001000010010
12 001000010010
12 001000010010
12 001000010010
0 001000010010
10 001000010010
7 001000010010
7 001000010010
5 001000010010
5 001000010010
5 001000010010
5 001000010010
2 001000010010
5 001000010010

2 001001000010
2 001001000010
2 001001000010
2 001001000010
2 001001000010
2 001001000010
0 001001000010
10 001001000010
10 001001000010
10 001001000010
10 001001000010
10 001001000010
10 001001000010
10 001001000010
10 001001000010
7 001001000010

0 100100010010
0 100100010010
2 100100010010
0 100100010010
10 100100010010
10 100100010010
0 100100010010
2 100100010010
2 000100010010
0 000100010010
2 000100010010
2 000100010010
0 001000100100
0 001000100100
0 001000100100
0 001000100100

12 001000010010
2 001000010010
0 001000010010
0 001000010010
0 001000010010
10 001000010010
7 001000010010
7 001000010010
7 001000010010
7 001000010010
7 001000010010
7 001000010010
7 001000010010
7 001000010010
2 001000010010
2 001000010010

0 001001000010
10 001001000010
10 001001000010
10 001001000010
10 001001000010
10 001001000010
10 001001000010
10 001001000010
10 001001000010
10 001001000010
10 001001000010
10 001001000010
10 001001000010
10 001001000010
10 001001000010
5 001001000010

10 001001000010
10 001001000010
10 001001000010
10 001001000010
10 001001000010
10 001001000010
10 001001000010
7 001001000010
7 001001000010
10 001001000010
10 001001000010
10 001001000010
10 001001000010
10 001001000010
2 001001000010
5 001001000010

2 001001000010
2 001001000010
7 001001000010
7 001001000010
7 001001000010
7 001001000010
5 001001000010
2 001001000010
2 001001000010
2 001001000010
2 001001000010
0 001001000010
0 001001000010
2 001001000010
0 001001000010
10 001001000010

12 100100010010
12 100100010010
12 100100010010
12 100100010010
12 100100010010
12 100100010010
12 100100010010
7 100100010010
0 100100010010
0 100100010010
0 100100010010
10 100100010010
0 100100010010
2 100100010010
2 100100010010
0 100100010010

12 001000010010
12 001000010010
12 001000010010
12 001000010010
12 001000010010
12 001000010010
7 001000010010
0 001000010010
10 001000010010
7 001000010010
5 001000010010
5 001000010010
5 001000010010
5 001000010010
2 001000010010
5 001000010010

2 001001000010
2 001001000010
2 001001000010
2 001001000010
2 001001000010
2 001001000010
2 001001000010
0 001001000010
10 001001000010
10 001001000010
10 001001000010
10 001001000010
10 001001000010
10 001001000010
10 001001000010
10 001001000010

0 100100010010
0 100100010010
2 100100010010
0 100100010010
10 100100010010
10 100100010010
10 100100010010
0 100100010010
2 000100010010
2 000100010010
0 000100010010
2 000100010010
0 001000100100
0 001000100100
0 001000100100
0 001000100100

12 001000010010
2 001000010010
0 001000010010
0 001000010010
0 001000010010
10 001000010010
7 001000010010
7 001000010010
7 001000010010
7 001000010010
7 001000010010
7 001000010010
7 001000010010
7 001000010010
2 001000010010
2 001000010010

0 001001000010
10 001001000010
10 001001000010
10 001001000010
10 001001000010
10 001001000010
10 001001000010
10 001001000010
10 001001000010
10 001001000010
10 001001000010
10 001001000010
10 001001000010
10 001001000010
10 001001000010
7 001001000010

10 001001000010
10 001001000010
10 001001000010
10 001001000010
10 001001000010
10 001001000010
10 001001000010
7 001001000010
5 001001000010
7 001001000010
10 001001000010
10 001001000010
10 001001000010
10 001001000010
10 001001000010
2 001001000010

7 001001000010
7 001001000010
7 001001000010
7 001001000010
5 001001000010
5 001001000010
5 001001000010
7 001001000010
2 001001000010
2 001001000010
2 001001000010
2 001001000010
0 001001000010
0 001001000010
0 001001000010
10 001001000010

12 100100010010
12 100100010010
12 100100010010
12 100100010010
12 100100010010
12 100100010010
12 100100010010
0 100100010010
0 100100010010
10 100100010010
0 100100010010
0 100100010010
2 100100010010
2 100100010010
2 100100010010
0 100100010010

10 001000010010
10 001000010010
10 001000010010
10 001000010010
10 001000010010
10 001000010010
10 001000010010
0 001000010010
10 001000010010
7 001000010010
5 001000010010
5 001000010010
5 001000010010
5 001000010010
2 001000010010
5 001000010010

2 001001000010
2 001001000010
2 001001000010
2 001001000010
2 001001000010
2 001001000010
2 001001000010
0 001001000010
10 001001000010
10 001001000010
10 001001000010
10 001001000010
10 001001000010
10 001001000010
10 001001000010
10 001001000010

0 100100010010
0 100100010010
2 100100010010
0 100100010010
10 100100010010
10 100100010010
10 100100010010
0 100100010010
2 000100010010
2 000100010010
2 000100010010
0 000100010010
2 001000100100
0 001000100100
0 001000100100
0 001000100100

12 001000010010
2 001000010010
0 001000010010
0 001000010010
0 001000010010
10 001000010010
7 001000010010
7 001000010010
7 001000010010
7 001000010010
7 001000010010
7 001000010010
7 001000010010
7 001000010010
2 001000010010
2 001000010010

0 001001000010
0 001001000010
10 001001000010
10 001001000010
10 001001000010
10 001001000010
10 001001000010
10 001001000010
10 001001000010
10 001001000010
10 001001000010
10 001001000010
10 001001000010
10 001001000010
10 001001000010
10 001001000010

12 100100010010
12 100100010010
12 100100010010
12 100100010010
12 100100010010
12 100100010010
12 100100010010
2 100100010010
2 100100010010
2 100100010010
0 100100010010
2 100100010010
0 100100010010
10 100100010010
7 100100010010
0 100100010010

10 001001000010
10 001001000010
7 001001000010
7 001001000010
7 001001000010
7 001001000010
10 001001000010
7 001001000010
7 001001000010
7 001001000010
7 001001000010
7 001001000010
7 001001000010
7 001001000010
7 001001000010
7 001001000010

12 100100010010
12 100100010010
12 100100010010
12 100100010010
12 100100010010
12 100100010010
7 100100010010
0 100100010010
0 100100010010
2 100100010010
0 100100010010
10 100100010010
10 100100010010
10 100100010010
0 100100010010
0 100100010010

2 001000010010
2 001000010010
2 001000010010
2 001000010010
2 001000010010
2 001000010010
2 001000010010
2 001000010010
0 001000010010
0 001000010010
10 001000010010
10 001000010010
10 001000010010
10 001000010010
10 001000010010
10 001000010010

12 100100010010
12 100100010010
12 100100010010
12 100100010010
12 100100010010
12 100100010010
12 100100010010
7 100100010010
10 100100010010
0 100100010010
2 100100010010
2 100100010010
0 100100010010
0 100100010010
0 100100010010
0 100100010010

12 001000010010
12 001000010010
12 001000010010
12 001000010010
12 001000010010
12 001000010010
12 001000010010
0 001000010010
0 001000010010
0 001000010010
10 001000010010
7 001000010010
7 001000010010
7 001000010010
7 001000010010
7 001000010010

12 100010010010
12 100010010010
12 100010010010
12 100010010010
12 100010010010
12 100010010010
0 100010010010
2 100010010010
7 100010010010
7 100010010010
2 100010010010
0 100010010010
10 100010010010
10 100010010010
0 100010010010
2 100010010010

10 100101000100
10 100101000100
10 100101000100
10 100101000100
10 100101000100
10 100101000100
10 100101000100
10 100101000100
10 100101000100
10 100101000100
10 100101000100
10 100101000100
10 100101000100
10 100101000100
5 100101000100
5 100101000100

12 001001000010
10 001001000010
10 001001000010
10 001001000010
10 001001000010
10 001001000010
10 001001000010
7 001001000010
5 001001000010
7 001001000010
7 001001000010
7 001001000010
7 001001000010
7 001001000010
5 001001000010
2 001001000010

7 001001000010
7 001001000010
7 001001000010
7 001001000010
7 001001000010
7 001001000010
5 001001000010
2 001001000010
2 001001000010
2 001001000010
2 001001000010
0 001001000010
0 001001000010
2 001001000010
0 001001000010
10 001001000010

12 100100010010
12 100100010010
12 100100010010
12 100100010010
12 100100010010
12 100100010010
12 100100010010
0 100100010010
0 100100010010
0 100100010010
0 100100010010
10 100100010010
2 100100010010
2 100100010010
0 100100010010
10 100100010010

12 001000010010
7 001000010010
7 001000010010
7 001000010010
7 001000010010
7 001000010010
0 001000010010
10 001000010010
7 001000010010
7 001000010010
5 001000010010
5 001000010010
5 001000010010
5 001000010010
2 001000010010
5 001000010010

2 001001000010
2 001001000010
2 001001000010
2 001001000010
2 001001000010
2 001001000010
2 001001000010
0 001001000010
10 001001000010
10 001001000010
10 001001000010
10 001001000010
10 001001000010
10 001001000010
10 001001000010
10 001001000010

0 100100010010
0 100100010010
2 100100010010
0 100100010010
10 100100010010
10 100100010010
10 100100010010
0 100100010010
2 000100010010
2 000100010010
0 000100010010
2 000100010010
0 001000100100
0 001000100100
0 001000100100
0 001000100100

12 001000010010
2 001000010010
0 001000010010
0 001000010010
0 001000010010
10 001000010010
7 001000010010
7 001000010010
7 001000010010
7 001000010010
7 001000010010
7 001000010010
7 001000010010
7 001000010010
2 001000010010
2 001000010010

0 001001000010
0 001001000010
10 001001000010
0 001001000010
0 001001000010
0 001001000010
0 001001000010
10 001001000010
10 001001000010
10 001001000010
10 001001000010
10 001001000010
10 001001000010
10 001001000010
10 001001000010
10 001001000010

12 001001000010
12 001001000010
12 001001000010
12 001001000010
12 001001000010
12 001001000010
12 001001000010
12 001001000010
12 001001000010
12 001001000010
12 001001000010
12 001001000010
12 001001000010
12 001001000010
12 001001000010
12 001001000010

