12 101001000100
12 101001000100
12 101001000100
12 101001000100
12 101001000100
12 101001000100
12 101001000100
12 101001000100
12 101001000100
12 101001000100
0 101001000100
0 101001000100
0 101001000100
0 101001000100
11 101001000100
11 101001000100

2 001000010001
2 001000010001
2 001000010001
2 001000010001
2 001000010001
2 001000010001
2 001000010001
2 001000010001
2 100010010000
2 100010010000
2 100010010000
2 100010010000
2 100010010000
2 100010010000
2 100010010000
2 100010010000

12 001000010001
12 001000010001
12 001000010001
12 001000010001
12 001000010001
12 001000010001
12 001000010001
12 001000010001
12 001000010001
12 001000010001
2 001000010001
2 001000010001
2 001000010001
2 001000010001
0 001000010001
0 001000010001

2 100001000100
2 100001000100
4 100001000100
4 100001000100
4 100001000100
4 100001000100
4 100001000100
4 100001000100
4 100001000100
4 100001000100
2 100001000100
2 100001000100
0 100001000100
0 100001000100
2 100001000100
2 100001000100

0 001000010001
0 001000010001
11 001000010001
11 001000010001
11 001000010001
11 001000010001
11 001000010001
11 001000010001
11 001000010001
11 001000010001
0 001000010001
0 001000010001
0 001000010001
0 001000010001
11 001000010001
11 001000010001

2 001000010001
2 001000010001
2 001000010001
2 001000010001
2 001000010001
2 001000010001
2 001000010001
2 001000010001
2 100010010000
2 100010010000
2 100010010000
2 100010010000
2 100010010000
2 100010010000
2 100010010000
2 100010010000

12 001000010001
12 001000010001
12 001000010001
12 001000010001
12 001000010001
12 001000010001
12 001000010001
12 001000010001
12 001000010001
12 001000010001
2 001000010001
2 001000010001
2 001000010001
2 001000010001
0 001000010001
0 001000010001

2 100001000100
2 100001000100
4 100001000100
4 100001000100
4 100001000100
4 100001000100
4 100001000100
4 100001000100
4 100001000100
4 100001000100
2 100001000100
2 100001000100
0 100001000100
0 100001000100
2 100001000100
2 100001000100

0 001000010001
0 001000010001
11 001000010001
11 001000010001
11 001000010001
11 001000010001
11 001000010001
11 001000010001
11 001000010001
11 001000010001
0 001000010001
0 001000010001
2 001000010001
2 001000010001
2 001000010001
2 001000010001

4 100010010000
4 100010010000
3 100010010000
3 100010010000
2 100010010000
2 100010010000
0 100010010000
0 100010010000
0 100010010000
0 100010010000
3 100010010000
3 100010010000
4 100010010000
4 100010010000
5 100010010000
5 100010010000

6 001000100100
6 001000100100
4 001000100100
4 001000100100
4 001000100100
4 001000100100
2 001000100100
2 001000100100
2 001000100100
2 001000100100
11 001000100100
11 001000100100
0 001000100100
0 001000100100
11 001000100100
11 001000100100

2 001000010001
2 001000010001
7 001000010001
7 001000010001
7 001000010001
7 001000010001
7 001000010001
7 001000010001
10 100010010000
10 100010010000
0 100010010000
0 100010010000
0 100010010000
0 100010010000
10 100010010000
10 100010010000

12 001000010001
12 001000010001
12 001000010001
12 001000010001
12 001000010001
12 001000010001
12 001000010001
12 001000010001
12 001000010001
12 001000010001
0 001000010001
0 001000010001
0 001000010001
0 001000010001
11 001000010001
11 001000010001

2 001000010001
2 001000010001
2 001000010001
2 001000010001
2 001000010001
2 001000010001
2 001000010001
2 001000010001
2 100010010000
2 100010010000
2 100010010000
2 100010010000
2 100010010000
2 100010010000
2 100010010000
2 100010010000

12 001000010001
12 001000010001
12 001000010001
12 001000010001
12 001000010001
12 001000010001
12 001000010001
12 001000010001
12 001000010001
12 001000010001
0 001000010001
0 001000010001
2 001000010001
2 001000010001
0 001000010001
0 001000010001

2 100001000100
2 100001000100
4 100001000100
4 100001000100
4 100001000100
4 100001000100
4 100001000100
4 100001000100
4 100001000100
4 100001000100
1 100001000100
1 100001000100
2 100001000100
2 100001000100
0 100001000100
0 100001000100

2 001000010001
0 001000010001
11 001000010001
11 001000010001
11 001000010001
11 001000010001
11 001000010001
11 001000010001
11 001000010001
11 001000010001
11 001000010001
11 001000010001
0 001000010001
0 001000010001
11 001000010001
11 001000010001

2 001000010001
2 001000010001
2 001000010001
2 001000010001
2 001000010001
2 001000010001
2 001000010001
2 001000010001
2 100010010000
2 100010010000
2 100010010000
2 100010010000
2 100010010000
2 100010010000
2 100010010000
2 100010010000

12 001000010001
12 001000010001
12 001000010001
12 001000010001
12 001000010001
12 001000010001
12 001000010001
12 001000010001
12 001000010001
12 001000010001
0 001000010001
0 001000010001
2 001000010001
2 001000010001
0 001000010001
0 001000010001

2 100001000100
2 100001000100
4 100001000100
4 100001000100
4 100001000100
4 100001000100
4 100001000100
4 100001000100
4 100001000100
4 100001000100
2 100001000100
2 100001000100
0 100001000100
0 100001000100
2 100001000100
2 100001000100

0 001000010001
0 001000010001
11 001000010001
11 001000010001
11 001000010001
11 001000010001
11 001000010001
11 001000010001
11 001000010001
11 001000010001
2 001000010001
2 001000010001
2 001000010001
2 001000010001
2 001000010001
2 001000010001

4 100010010000
4 100010010000
3 100010010000
3 100010010000
2 100010010000
2 100010010000
0 100010010000
0 100010010000
0 100010010000
0 100010010000
3 100010010000
3 100010010000
4 100010010000
4 100010010000
5 100010010000
5 100010010000

6 001000100100
6 001000100100
4 001000100100
4 001000100100
4 001000100100
4 001000100100
2 001000100100
2 001000100100
2 001000100100
2 001000100100
11 001000100100
11 001000100100
0 001000100100
0 001000100100
11 001000100100
11 001000100100

2 001000010001
2 001000010001
7 001000010001
7 001000010001
7 001000010001
7 001000010001
7 001000010001
7 001000010001
10 100010010000
10 100010010000
0 100010010000
0 100010010000
0 100010010000
0 100010010000
10 100010010000
10 100010010000

12 001000010001
12 001000010001
12 001000010001
12 001000010001
12 001000010001
12 001000010001
12 001000010001
12 001000010001
2 001000010001
2 001000010001
7 001000010001
7 001000010001
7 001000010001
7 001000010001
4 001000010001
4 001000010001

6 001000100001
6 001000100001
6 001000100001
6 001000100001
6 001000100001
6 001000100001
6 001000100001
6 001000100001
6 001000100001
6 001000100001
6 001000100001
6 001000100001
6 001000100001
6 001000100001
6 001000100001
6 001000100001

7 000010010001
7 000010010001
6 000010010001
6 000010010001
4 000010010001
4 000010010001
4 000010010001
4 000010010001
4 000010010001
4 000010010001
6 000010010001
6 000010010001
7 000010010001
7 000010010001
4 000010010001
4 000010010001

6 001000100001
6 001000100001
6 001000100001
6 001000100001
6 001000100001
6 001000100001
6 001000100001
6 001000100001
6 001000100001
6 001000100001
6 001000100001
6 001000100001
6 001000100001
6 001000100001
6 001000100001
6 001000100001

12 001000100001
12 001000100001
12 001000100001
12 001000100001
12 001000100001
12 001000100001
12 001000100001
12 001000100001
2 001000100001
2 001000100001
6 001000100001
6 001000100001
6 001000100001
6 001000100001
7 001000100001
7 001000100001

12 001000010001
12 001000010001
12 001000010001
12 001000010001
12 001000010001
12 001000010001
12 001000010001
12 001000010001
12 001000010001
12 001000010001
12 001000010001
12 001000010001
12 001000010001
12 001000010001
12 001000010001
12 001000010001

7 000010010001
7 000010010001
6 000010010001
6 000010010001
4 000010010001
4 000010010001
4 000010010001
4 000010010001
4 000010010001
4 000010010001
6 000010010001
6 000010010001
7 000010010001
7 000010010001
7 000010010001
7 000010010001

9 100010010000
9 100010010000
9 100010010000
9 100010010000
9 100010010000
9 100010010000
9 100010010000
9 100010010000
9 100010010000
9 100010010000
9 100010010000
9 100010010000
9 100010010000
9 100010010000
9 100010010000
9 100010010000

12 001000100100
12 001000100100
12 001000100100
12 001000100100
12 001000100100
12 001000100100
9 001000100100
9 001000100100
9 001000100100
9 001000100100
11 001000100100
11 001000100100
0 001000100100
0 001000100100
11 001000100100
11 001000100100

2 001000010001
2 001000010001
2 001000010001
2 001000010001
2 001000010001
2 001000010001
2 001000010001
2 001000010001
2 100010010000
2 100010010000
2 100010010000
2 100010010000
2 100010010000
2 100010010000
2 100010010000
2 100010010000

12 001000010001
12 001000010001
12 001000010001
12 001000010001
12 001000010001
12 001000010001
12 001000010001
12 001000010001
12 001000010001
12 001000010001
0 001000010001
0 001000010001
2 001000010001
2 001000010001
0 001000010001
0 001000010001

2 100001000100
2 100001000100
4 100001000100
4 100001000100
4 100001000100
4 100001000100
4 100001000100
4 100001000100
4 100001000100
4 100001000100
2 100001000100
2 100001000100
0 100001000100
0 100001000100
2 100001000100
2 100001000100

0 001000010001
0 001000010001
11 001000010001
11 001000010001
11 001000010001
11 001000010001
11 001000010001
11 001000010001
11 001000010001
11 001000010001
11 001000010001
11 001000010001
0 001000010001
0 001000010001
11 001000010001
11 001000010001

2 001000010001
2 001000010001
2 001000010001
2 001000010001
2 001000010001
2 001000010001
2 001000010001
2 001000010001
2 100010010000
2 100010010000
2 100010010000
2 100010010000
2 100010010000
2 100010010000
2 100010010000
2 100010010000

12 001000010001
12 001000010001
12 001000010001
12 001000010001
12 001000010001
12 001000010001
12 001000010001
12 001000010001
12 001000010001
12 001000010001
2 001000010001
2 001000010001
2 001000010001
2 001000010001
0 001000010001
0 001000010001

2 100001000100
2 100001000100
4 100001000100
4 100001000100
4 100001000100
4 100001000100
4 100001000100
4 100001000100
4 100001000100
4 100001000100
2 100001000100
2 100001000100
0 100001000100
0 100001000100
2 100001000100
2 100001000100

0 001000010001
0 001000010001
11 001000010001
11 001000010001
11 001000010001
11 001000010001
11 001000010001
11 001000010001
11 001000010001
11 001000010001
0 001000010001
0 001000010001
2 001000010001
2 001000010001
2 001000010001
2 001000010001

4 100010010000
4 100010010000
3 100010010000
3 100010010000
2 100010010000
2 100010010000
0 100010010000
0 100010010000
0 100010010000
0 100010010000
3 100010010000
3 100010010000
4 100010010000
4 100010010000
5 100010010000
5 100010010000

6 001000100100
6 001000100100
4 001000100100
4 001000100100
4 001000100100
4 001000100100
2 001000100100
2 001000100100
2 001000100100
2 001000100100
11 001000100100
11 001000100100
0 001000100100
0 001000100100
11 001000100100
11 001000100100

2 001000010001
2 001000010001
7 001000010001
7 001000010001
7 001000010001
7 001000010001
7 001000010001
7 001000010001
10 100010010000
10 100010010000
0 100010010000
0 100010010000
0 100010010000
0 100010010000
10 100010010000
10 100010010000

12 001000010001
12 001000010001
12 001000010001
12 001000010001
12 001000010001
12 001000010001
12 001000010001
12 001000010001
12 001000010001
12 001000010001
12 001000010001
12 001000010001
12 001000010001
12 001000010001
12 001000010001
12 001000010001

12 001000010001
12 001000010001
12 001000010001
12 001000010001
12 001000010001
12 001000010001
12 001000010001
12 001000010001
12 100010010000
12 100010010000
12 100010010000
12 100010010000
12 100010010000
12 100010010000
12 100010010000
12 100010010000

12 001000010001
12 001000010001
12 001000010001
12 001000010001
12 001000010001
12 001000010001
12 001000010001
12 001000010001
12 001000010001
12 001000010001
12 001000010001
12 001000010001
12 001000010001
12 001000010001
12 001000010001
12 001000010001

12 100001000100
12 100001000100
12 100001000100
12 100001000100
12 100001000100
12 100001000100
12 100001000100
12 100001000100
12 100001000100
12 100001000100
12 100001000100
12 100001000100
12 100001000100
12 100001000100
12 100001000100
12 100001000100

12 001000010001
12 001000010001
12 001000010001
12 001000010001
12 001000010001
12 001000010001
12 001000010001
12 001000010001
12 001000010001
12 001000010001
12 001000010001
12 001000010001
12 001000010001
12 001000010001
12 001000010001
12 001000010001

12 001000010001
12 001000010001
12 001000010001
12 001000010001
12 001000010001
12 001000010001
12 001000010001
12 001000010001
12 100010010000
12 100010010000
12 100010010000
12 100010010000
12 100010010000
12 100010010000
12 100010010000
12 100010010000

12 001000010001
12 001000010001
12 001000010001
12 001000010001
12 001000010001
12 001000010001
12 001000010001
12 001000010001
12 001000010001
12 001000010001
12 001000010001
12 001000010001
12 001000010001
12 001000010001
12 001000010001
12 001000010001

12 100001000100
12 100001000100
12 100001000100
12 100001000100
12 100001000100
12 100001000100
12 100001000100
12 100001000100
12 100001000100
12 100001000100
12 100001000100
12 100001000100
12 100001000100
12 100001000100
12 100001000100
12 100001000100

12 001000010001
12 001000010001
12 001000010001
12 001000010001
12 001000010001
12 001000010001
12 001000010001
12 001000010001
12 001000010001
12 001000010001
2 001000010001
2 001000010001
2 001000010001
2 001000010001
3 001000010001
3 001000010001

4 100010010000
4 100010010000
3 100010010000
3 100010010000
2 100010010000
2 100010010000
0 100010010000
0 100010010000
0 100010010000
0 100010010000
3 100010010000
3 100010010000
4 100010010000
4 100010010000
5 100010010000
5 100010010000

6 001000100100
6 001000100100
4 001000100100
4 001000100100
4 001000100100
4 001000100100
2 001000100100
2 001000100100
2 001000100100
2 001000100100
11 001000100100
11 001000100100
0 001000100100
0 001000100100
11 001000100100
11 001000100100

2 001000010001
2 001000010001
7 001000010001
7 001000010001
7 001000010001
7 001000010001
7 001000010001
7 001000010001
10 100010010000
10 100010010000
0 100010010000
0 100010010000
0 100010010000
0 100010010000
10 100010010000
10 100010010000

12 001000010001
12 001000010001
12 001000010001
12 001000010001
12 001000010001
12 001000010001
12 001000010001
12 001000010001
2 001000010001
2 001000010001
7 001000010001
7 001000010001
7 001000010001
7 001000010001
6 001000010001
6 001000010001

12 001000100001
12 001000100001
12 001000100001
12 001000100001
12 001000100001
12 001000100001
12 001000100001
12 001000100001
12 001000100001
12 001000100001
12 001000100001
12 001000100001
12 001000100001
12 001000100001
12 001000100001
12 001000100001

7 000010010001
7 000010010001
6 000010010001
6 000010010001
4 000010010001
4 000010010001
4 000010010001
4 000010010001
4 000010010001
4 000010010001
6 000010010001
6 000010010001
7 000010010001
7 000010010001
4 000010010001
4 000010010001

6 001000100001
6 001000100001
6 001000100001
6 001000100001
6 001000100001
6 001000100001
2 001000100001
2 001000100001
2 001000100001
2 001000100001
2 001000100001
2 001000100001
2 001000100001
2 001000100001
2 001000100001
2 001000100001

12 001000100001
12 001000100001
12 001000100001
12 001000100001
12 001000100001
12 001000100001
12 001000100001
12 001000100001
2 001000100001
2 001000100001
6 001000100001
6 001000100001
6 001000100001
6 001000100001
7 001000100001
7 001000100001

12 001000010001
12 001000010001
12 001000010001
12 001000010001
12 001000010001
12 001000010001
12 001000010001
12 001000010001
12 001000010001
12 001000010001
12 001000010001
12 001000010001
12 001000010001
12 001000010001
12 001000010001
12 001000010001

7 000010010001
7 000010010001
6 000010010001
6 000010010001
4 000010010001
4 000010010001
4 000010010001
4 000010010001
4 000010010001
4 000010010001
6 000010010001
6 000010010001
7 000010010001
7 000010010001
7 000010010001
7 000010010001

9 100010010000
9 100010010000
9 100010010000
9 100010010000
9 100010010000
9 100010010000
9 100010010000
9 100010010000
9 100010010000
9 100010010000
9 100010010000
9 100010010000
9 100010010000
9 100010010000
9 100010010000
9 100010010000

12 001000100100
12 001000100100
12 001000100100
12 001000100100
12 001000100100
12 001000100100
9 001000100100
9 001000100100
9 001000100100
9 001000100100
11 001000100100
11 001000100100
0 001000100100
0 001000100100
11 001000100100
11 001000100100

2 001000010001
2 001000010001
2 001000010001
2 001000010001
2 001000010001
2 001000010001
2 001000010001
2 001000010001
2 100010010000
2 100010010000
2 100010010000
2 100010010000
2 100010010000
2 100010010000
2 100010010000
2 100010010000

12 001000010001
12 001000010001
12 001000010001
12 001000010001
12 001000010001
12 001000010001
12 001000010001
12 001000010001
12 001000010001
12 001000010001
0 001000010001
0 001000010001
2 001000010001
2 001000010001
0 001000010001
0 001000010001

2 100001000100
2 100001000100
4 100001000100
4 100001000100
4 100001000100
4 100001000100
4 100001000100
4 100001000100
4 100001000100
4 100001000100
2 100001000100
2 100001000100
0 100001000100
0 100001000100
2 100001000100
2 100001000100

0 001000010001
0 001000010001
11 001000010001
11 001000010001
11 001000010001
11 001000010001
11 001000010001
11 001000010001
11 001000010001
11 001000010001
0 001000010001
0 001000010001
0 001000010001
0 001000010001
11 001000010001
11 001000010001

2 001000010001
2 001000010001
2 001000010001
2 001000010001
2 001000010001
2 001000010001
2 001000010001
2 001000010001
2 100010010000
2 100010010000
2 100010010000
2 100010010000
2 100010010000
2 100010010000
2 100010010000
2 100010010000

0 001000010001
11 001000010001
11 001000010001
11 001000010001
11 001000010001
11 001000010001
11 001000010001
11 001000010001
11 001000010001
11 001000010001
0 001000010001
0 001000010001
2 001000010001
2 001000010001
0 001000010001
0 001000010001

2 100001000100
2 100001000100
4 100001000100
4 100001000100
4 100001000100
4 100001000100
4 100001000100
4 100001000100
4 100001000100
4 100001000100
2 100001000100
2 100001000100
0 100001000100
0 100001000100
2 100001000100
2 100001000100

0 001000010001
0 001000010001
11 001000010001
11 001000010001
11 001000010001
11 001000010001
11 001000010001
11 001000010001
11 001000010001
11 001000010001
2 001000010001
2 001000010001
2 001000010001
2 001000010001
2 001000010001
2 001000010001

4 100010010000
4 100010010000
3 100010010000
3 100010010000
2 100010010000
2 100010010000
0 100010010000
0 100010010000
0 100010010000
0 100010010000
3 100010010000
3 100010010000
4 100010010000
4 100010010000
5 100010010000
5 100010010000

6 001000100100
6 001000100100
4 001000100100
4 001000100100
4 001000100100
4 001000100100
2 001000100100
2 001000100100
2 001000100100
2 001000100100
11 001000100100
11 001000100100
0 001000100100
0 001000100100
11 001000100100
11 001000100100

2 001000010001
2 001000010001
7 001000010001
7 001000010001
7 001000010001
7 001000010001
7 001000010001
7 001000010001
10 100010010000
10 100010010000
0 100010010000
0 100010010000
0 100010010000
0 100010010000
10 100010010000
10 100010010000

12 001000010001
12 001000010001
12 001000010001
12 001000010001
12 001000010001
12 001000010001
12 001000010001
12 001000010001
12 100010010000
12 100010010000
11 100010010000
11 100010010000
0 100010010000
0 100010010000
11 100010010000
11 100010010000

2 001000010001
2 001000010001
7 001000010001
7 001000010001
7 001000010001
7 001000010001
7 001000010001
7 001000010001
10 100010010000
10 100010010000
0 100010010000
0 100010010000
0 100010010000
0 100010010000
10 100010010000
10 100010010000

12 001000010001
12 001000010001
12 001000010001
12 001000010001
12 001000010001
12 001000010001
12 001000010001
12 001000010001
12 100010010000
12 100010010000
11 100010010000
11 100010010000
0 100010010000
0 100010010000
11 100010010000
11 100010010000

2 001000010001
2 001000010001
2 001000010001
2 001000010001
2 001000010001
2 001000010001
2 001000010001
2 001000010001
2 100010010000
2 100010010000
2 100010010000
2 100010010000
2 100010010000
2 100010010000
2 100010010000
2 100010010000

12 101001000100
12 101001000100
12 101001000100
12 101001000100
12 101001000100
12 101001000100
12 101001000100
12 101001000100
12 101001000100
12 101001000100
12 101001000100
12 101001000100
12 101001000100
12 101001000100
12 101001000100
12 101001000100

12 101001000100
12 101001000100
12 101001000100
12 101001000100
12 101001000100
12 101001000100
12 101001000100
12 101001000100
12 101001000100
12 101001000100
12 101001000100
12 101001000100
12 101001000100
12 101001000100
12 101001000100
12 101001000100

12 101001000100
12 101001000100
12 101001000100
12 101001000100
12 101001000100
12 101001000100
12 101001000100
12 101001000100
12 101001000100
12 101001000100
12 101001000100
12 101001000100
12 101001000100
12 101001000100
12 101001000100
12 101001000100

12 101001000100
12 101001000100
12 101001000100
12 101001000100
12 101001000100
12 101001000100
12 101001000100
12 101001000100
12 101001000100
12 101001000100
12 101001000100
12 101001000100
12 101001000100
12 101001000100
12 101001000100
12 101001000100

