12 100010010000
12 100010010000
12 100010010000
12 100010010000
12 100010010000
12 100010010000
12 100010010000
12 100010010000
12 000010010001
12 000010010001
12 000010010001
12 000010010001
12 000010010001
12 000010010001
12 000010010001
12 000010010001

12 100010000100
12 100010000100
12 100010000100
12 100010000100
12 100010000100
12 100010000100
12 100010000100
12 100010000100
12 100010010000
12 100010010000
12 100010010000
12 100010010000
12 100010010000
12 100010010000
12 100010010000
12 100010010000

12 100001000100
12 100001000100
12 100001000100
12 100001000100
12 100001000100
12 100001000100
12 100001000100
12 100001000100
12 100010000100
12 100010000100
12 100010000100
12 100010000100
12 100010000100
12 100010000100
12 100010000100
12 100010000100

12 001001000100
12 001001000100
12 001001000100
12 001001000100
12 001001000100
12 001001000100
12 001001000100
12 001001000100
12 100001000100
12 100001000100
12 100001000100
12 100001000100
12 100001000100
12 100001000100
12 100001000100
12 100001000100

12 001000010001
12 001000010001
12 001000010001
12 001000010001
12 001000010001
12 001000010001
12 001000010001
12 001000010001
12 001001010001
12 001001010001
12 001001010001
12 001001010001
12 001001010001
12 001001010001
12 001001010001
12 001001010001

12 000010010001
12 000010010001
12 000010010001
12 000010010001
12 000010010001
12 000010010001
12 000010010001
12 000010010001
12 001000010001
12 001000010001
12 001000010001
12 001000010001
12 001000010001
12 001000010001
12 001000010001
12 001000010001

12 100010010000
12 100010010000
12 100010010000
12 100010010000
12 100010010000
12 100010010000
12 100010010000
12 100010010000
12 100001000100
12 100001000100
12 100001000100
12 100001000100
12 100001000100
12 100001000100
12 100001000100
12 100001000100

12 001000010001
12 001000010001
12 001000010001
12 001000010001
12 001000010001
12 001000010001
12 001000010001
12 001000010001
12 100001000100
12 100001000100
12 100001000100
12 100001000100
12 001001010001
12 001001010001
12 001001010001
12 001001010001

12 100010010000
12 100010010000
12 100010010000
12 100010010000
12 100010010000
12 100010010000
12 100010010000
7 100010010000
4 000010010001
4 000010010001
2 000010010001
4 000010010001
4 000010010001
2 000010010001
2 000010010001
2 000010010001

12 100010000100
2 100010000100
0 100010000100
0 100010000100
0 100010000100
0 100010000100
0 100010000100
0 100010000100
0 100010010000
9 100010010000
7 100010010000
7 100010010000
7 100010010000
7 100010010000
7 100010010000
7 100010010000

12 100001000100
12 100001000100
12 100001000100
12 100001000100
12 100001000100
12 100001000100
12 100001000100
0 100001000100
0 100010000100
9 100010000100
2 100010000100
2 100010000100
9 100010000100
9 100010000100
9 100010000100
0 100010000100

9 001001000100
0 001001000100
9 001001000100
9 001001000100
9 001001000100
9 001001000100
9 001001000100
9 001001000100
9 100001000100
9 100001000100
9 100001000100
9 100001000100
9 100001000100
9 100001000100
9 100001000100
9 100001000100

12 001000010001
12 001000010001
12 001000010001
12 001000010001
12 001000010001
12 001000010001
11 001000010001
9 001000010001
11 001001010001
11 001001010001
11 001001010001
9 001001010001
9 001001010001
9 001001010001
9 001001010001
9 001001010001

7 000010010001
7 000010010001
7 000010010001
9 000010010001
9 000010010001
9 000010010001
9 000010010001
9 000010010001
9 001000010001
9 001000010001
9 001000010001
9 001000010001
9 001000010001
9 001000010001
9 001000010001
9 001000010001

12 100010010000
12 100010010000
12 100010010000
12 100010010000
12 100010010000
12 100010010000
12 100010010000
7 100010010000
4 000010010001
4 000010010001
4 000010010001
4 000010010001
2 000010010001
0 000010010001
0 000010010001
0 000010010001

12 100010000100
9 100010000100
4 100010000100
4 100010000100
4 100010000100
4 100010000100
4 100010000100
4 100010000100
4 100010010000
4 100010010000
4 100010010000
4 100010010000
4 100010010000
4 100010010000
4 100010010000
4 100010010000

12 100001000100
12 100001000100
12 100001000100
12 100001000100
12 100001000100
12 100001000100
12 100001000100
0 100001000100
2 100010000100
2 100010000100
0 100010000100
0 100010000100
0 100010000100
0 100010000100
9 100010000100
0 100010000100

12 001001000100
0 001001000100
2 001001000100
2 001001000100
2 001001000100
2 001001000100
2 001001000100
2 001001000100
2 100001000100
2 100001000100
2 100001000100
2 100001000100
2 100001000100
2 100001000100
2 100001000100
2 100001000100

12 001000010001
12 001000010001
12 001000010001
12 001000010001
12 001000010001
12 001000010001
12 001000010001
9 001000010001
9 001001010001
11 001001010001
11 001001010001
11 001001010001
9 001001010001
9 001001010001
9 001001010001
9 001001010001

12 000010010001
7 000010010001
7 000010010001
7 000010010001
7 000010010001
7 000010010001
7 000010010001
7 000010010001
7 001000010001
7 001000010001
7 001000010001
7 001000010001
7 001000010001
7 001000010001
7 001000010001
7 001000010001

12 100010010000
12 100010010000
12 100010010000
12 100010010000
12 100010010000
12 100010010000
2 100010010000
4 100010010000
4 000010010001
7 000010010001
7 000010010001
7 000010010001
7 000010010001
7 000010010001
4 000010010001
7 000010010001

9 100010000100
9 100010000100
9 100010000100
9 100010000100
9 100010000100
9 100010000100
4 100010000100
4 100010000100
4 100010010000
4 100010010000
2 100010010000
4 100010010000
4 100010010000
2 100010010000
0 100010010000
0 100010010000

12 100001000100
12 100001000100
12 100001000100
12 100001000100
12 100001000100
12 100001000100
0 100001000100
2 100001000100
2 100010000100
2 100010000100
0 100010000100
2 100010000100
2 100010000100
2 100010000100
9 100010000100
0 100010000100

12 101001000100
9 101001000100
9 101001000100
9 101001000100
9 101001000100
9 101001000100
9 101001000100
9 101001000100
4 001001010001
4 001001010001
4 001001010001
4 001001010001
4 001001010001
4 001001010001
7 001001010001
7 001001010001

9 100010010000
9 100010010000
9 100010010000
9 100010010000
9 100010010000
9 100010010000
7 100010010000
7 100010010000
7 000010010001
7 000010010001
7 000010010001
7 000010010001
2 000010010001
2 000010010001
4 000010010001
4 000010010001

12 100010000100
2 100010000100
0 100010000100
0 100010000100
0 100010000100
0 100010000100
0 100010000100
0 100010000100
0 100010010000
2 100010010000
4 100010010000
4 100010010000
4 100010010000
4 100010010000
4 100010010000
4 100010010000

12 100001000100
12 100001000100
12 100001000100
12 100001000100
12 100001000100
12 100001000100
0 100001000100
0 100001000100
0 100010000100
2 100010000100
0 100010000100
0 100010000100
0 100010000100
0 100010000100
9 100010000100
9 100010000100

12 001001000100
0 001001000100
9 001001000100
9 001001000100
9 001001000100
9 001001000100
9 001001000100
9 001001000100
9 100001000100
9 100001000100
9 100001000100
9 100001000100
9 100001000100
9 100001000100
9 100001000100
9 100001000100

12 001000010001
12 001000010001
12 001000010001
12 001000010001
12 001000010001
12 001000010001
12 001000010001
11 001000010001
9 001001010001
11 001001010001
11 001001010001
9 001001010001
11 001001010001
11 001001010001
11 001001010001
9 001001010001

12 000010010001
9 000010010001
9 000010010001
7 000010010001
9 000010010001
9 000010010001
9 000010010001
9 000010010001
9 001000010001
9 001000010001
9 001000010001
9 001000010001
9 001000010001
9 001000010001
9 001000010001
9 001000010001

12 100010010000
0 100010010000
0 100010010000
0 100010010000
0 100010010000
9 100010010000
7 100010010000
7 100010010000
7 100001000100
7 100001000100
7 100001000100
7 100001000100
7 100001000100
7 100001000100
9 100001000100
0 100001000100

12 100010010000
4 100010010000
4 100010010000
2 100010010000
0 100010010000
0 100010010000
0 100010010000
0 100010010000
0 001000010001
0 001000010001
0 001000010001
0 001000010001
0 001000010001
0 001000010001
0 001000010001
0 001000010001

12 100010010000
12 100010010000
12 100010010000
12 100010010000
12 100010010000
12 100010010000
12 100010010000
12 100010010000
12 000010010001
12 000010010001
12 000010010001
12 000010010001
12 000010010001
12 000010010001
12 000010010001
12 000010010001

12 100010000100
12 100010000100
12 100010000100
12 100010000100
12 100010000100
12 100010000100
12 100010000100
12 100010000100
12 100010010000
12 100010010000
12 100010010000
12 100010010000
12 100010010000
12 100010010000
12 100010010000
12 100010010000

12 100001000100
12 100001000100
12 100001000100
12 100001000100
12 100001000100
12 100001000100
12 100001000100
12 100001000100
12 100010000100
12 100010000100
12 100010000100
12 100010000100
12 100010000100
12 100010000100
12 100010000100
12 100010000100

12 001001000100
12 001001000100
12 001001000100
12 001001000100
12 001001000100
12 001001000100
12 001001000100
12 001001000100
12 100001000100
12 100001000100
12 100001000100
12 100001000100
12 100001000100
12 100001000100
12 100001000100
12 100001000100

12 001000010001
12 001000010001
12 001000010001
12 001000010001
12 001000010001
12 001000010001
12 001000010001
12 001000010001
12 001001010001
12 001001010001
12 001001010001
12 001001010001
12 001001010001
12 001001010001
12 001001010001
12 001001010001

12 000010010001
12 000010010001
12 000010010001
12 000010010001
12 000010010001
12 000010010001
12 000010010001
12 000010010001
12 001000010001
12 001000010001
12 001000010001
12 001000010001
12 001000010001
12 001000010001
12 001000010001
12 001000010001

12 100010010000
12 100010010000
12 100010010000
12 100010010000
12 100010010000
12 100010010000
12 100010010000
12 100010010000
12 100001000100
12 100001000100
12 100001000100
12 100001000100
12 100001000100
12 100001000100
12 100001000100
12 100001000100

12 001000010001
12 001000010001
12 001000010001
12 001000010001
12 001000010001
12 001000010001
12 001000010001
12 001000010001
12 100001000100
12 100001000100
12 100001000100
12 100001000100
12 001001010001
12 001001010001
12 001001010001
12 001001010001

12 100010010000
12 100010010000
12 100010010000
12 100010010000
12 100010010000
12 100010010000
12 100010010000
12 100010010000
12 000010010001
7 000010010001
4 000010010001
2 000010010001
4 000010010001
4 000010010001
2 000010010001
2 000010010001

2 100010000100
0 100010000100
0 100010000100
0 100010000100
0 100010000100
0 100010000100
9 100010000100
7 100010000100
7 100010010000
7 100010010000
7 100010010000
7 100010010000
7 100010010000
7 100010010000
7 100010010000
7 100010010000

12 100001000100
12 100001000100
12 100001000100
12 100001000100
12 100001000100
12 100001000100
12 100001000100
0 100001000100
0 100010000100
2 100010000100
9 100010000100
9 100010000100
0 100010000100
0 100010000100
9 100010000100
0 100010000100

12 001001000100
9 001001000100
9 001001000100
9 001001000100
9 001001000100
9 001001000100
9 001001000100
9 001001000100
9 100001000100
9 100001000100
9 100001000100
9 100001000100
9 100001000100
9 100001000100
9 100001000100
9 100001000100

12 001000010001
12 001000010001
12 001000010001
12 001000010001
12 001000010001
12 001000010001
12 001000010001
9 001000010001
9 001001010001
11 001001010001
9 001001010001
11 001001010001
11 001001010001
9 001001010001
9 001001010001
9 001001010001

12 000010010001
12 000010010001
7 000010010001
7 000010010001
9 000010010001
9 000010010001
9 000010010001
9 000010010001
9 001000010001
9 001000010001
9 001000010001
9 001000010001
9 001000010001
9 001000010001
9 001000010001
9 001000010001

12 100010010000
12 100010010000
12 100010010000
12 100010010000
12 100010010000
12 100010010000
12 100010010000
4 100010010000
4 000010010001
4 000010010001
4 000010010001
2 000010010001
0 000010010001
0 000010010001
0 000010010001
4 000010010001

12 100010000100
12 100010000100
2 100010000100
0 100010000100
0 100010000100
0 100010000100
0 100010000100
0 100010000100
0 100010010000
0 100010010000
0 100010010000
0 100010010000
0 100010010000
0 100010010000
0 100010010000
0 100010010000

12 100001000100
12 100001000100
12 100001000100
12 100001000100
12 100001000100
12 100001000100
0 100001000100
0 100001000100
2 100010000100
2 100010000100
2 100010000100
2 100010000100
2 100010000100
0 100010000100
0 100010000100
9 100010000100

0 001001000100
0 001001000100
2 001001000100
2 001001000100
2 001001000100
2 001001000100
2 001001000100
2 001001000100
2 100001000100
2 100001000100
2 100001000100
2 100001000100
2 100001000100
2 100001000100
2 100001000100
2 100001000100

12 001000010001
12 001000010001
12 001000010001
12 001000010001
12 001000010001
12 001000010001
9 001000010001
9 001000010001
11 001001010001
11 001001010001
11 001001010001
11 001001010001
9 001001010001
9 001001010001
9 001001010001
9 001001010001

7 000010010001
7 000010010001
7 000010010001
7 000010010001
7 000010010001
7 000010010001
7 000010010001
7 000010010001
7 001000010001
7 001000010001
7 001000010001
7 001000010001
7 001000010001
7 001000010001
7 001000010001
7 001000010001

12 100010010000
12 100010010000
12 100010010000
12 100010010000
12 100010010000
12 100010010000
2 100010010000
4 100010010000
4 000010010001
9 000010010001
9 000010010001
9 000010010001
7 000010010001
7 000010010001
4 000010010001
4 000010010001

2 100010000100
2 100010000100
2 100010000100
0 100010000100
2 100010000100
2 100010000100
4 100010000100
4 100010000100
4 100010010000
4 100010010000
4 100010010000
4 100010010000
4 100010010000
4 100010010000
4 100010010000
4 100010010000

12 100001000100
12 100001000100
12 100001000100
12 100001000100
12 100001000100
12 100001000100
9 100001000100
0 100001000100
0 100010000100
2 100010000100
2 100010000100
0 100010000100
2 100010000100
2 100010000100
2 100010000100
9 100010000100

12 101001000100
0 101001000100
0 101001000100
9 101001000100
9 101001000100
9 101001000100
9 101001000100
9 101001000100
4 001001010001
4 001001010001
4 001001010001
4 001001010001
4 001001010001
4 001001010001
7 001001010001
7 001001010001

9 100010010000
9 100010010000
9 100010010000
9 100010010000
9 100010010000
9 100010010000
7 100010010000
7 100010010000
7 000010010001
7 000010010001
7 000010010001
7 000010010001
2 000010010001
2 000010010001
4 000010010001
4 000010010001

12 100010000100
12 100010000100
2 100010000100
4 100010000100
4 100010000100
4 100010000100
2 100010000100
4 100010000100
4 100010010000
2 100010010000
0 100010010000
0 100010010000
0 100010010000
0 100010010000
9 100010010000
7 100010010000

12 100001000100
12 100001000100
12 100001000100
12 100001000100
12 100001000100
12 100001000100
0 100001000100
0 100001000100
0 100010000100
2 100010000100
0 100010000100
2 100010000100
2 100010000100
2 100010000100
9 100010000100
9 100010000100

0 001001000100
0 001001000100
9 001001000100
9 001001000100
9 001001000100
9 001001000100
9 001001000100
9 001001000100
9 100001000100
9 100001000100
9 100001000100
9 100001000100
9 100001000100
9 100001000100
9 100001000100
9 100001000100

12 001000010001
12 001000010001
12 001000010001
12 001000010001
12 001000010001
12 001000010001
12 001000010001
11 001000010001
9 001001010001
11 001001010001
11 001001010001
9 001001010001
11 001001010001
11 001001010001
11 001001010001
9 001001010001

12 000010010001
9 000010010001
9 000010010001
7 000010010001
9 000010010001
9 000010010001
9 000010010001
9 000010010001
9 001000010001
9 001000010001
9 001000010001
9 001000010001
9 001000010001
9 001000010001
9 001000010001
9 001000010001

0 100010010000
0 100010010000
0 100010010000
0 100010010000
0 100010010000
0 100010010000
0 100010010000
9 100010010000
7 100001000100
7 100001000100
7 100001000100
7 100001000100
7 100001000100
9 100001000100
9 100001000100
0 100001000100

12 100010010000
4 100010010000
4 100010010000
2 100010010000
0 100010010000
0 100010010000
0 100010010000
0 100010010000
0 001000010001
0 001000010001
0 001000010001
0 001000010001
0 001000010001
0 001000010001
0 001000010001
0 001000010001

12 100010010000
12 100010010000
12 100010010000
12 100010010000
12 100010010000
12 100010010000
12 100010010000
12 100010010000
12 000010010001
12 000010010001
12 000010010001
12 000010010001
12 000010010001
12 000010010001
12 000010010001
12 000010010001

12 100010000100
12 100010000100
12 100010000100
12 100010000100
12 100010000100
12 100010000100
12 100010000100
12 100010000100
12 100010010000
12 100010010000
12 100010010000
12 100010010000
12 100010010000
12 100010010000
12 100010010000
12 100010010000

12 100001000100
12 100001000100
12 100001000100
12 100001000100
12 100001000100
12 100001000100
12 100001000100
12 100001000100
12 100010000100
12 100010000100
12 100010000100
12 100010000100
12 100010000100
12 100010000100
12 100010000100
12 100010000100

12 001001000100
12 001001000100
12 001001000100
12 001001000100
12 001001000100
12 001001000100
12 001001000100
12 001001000100
12 100001000100
12 100001000100
12 100001000100
12 100001000100
12 100001000100
12 100001000100
12 100001000100
12 100001000100

12 001000010001
12 001000010001
12 001000010001
12 001000010001
12 001000010001
12 001000010001
12 001000010001
12 001000010001
12 001001010001
12 001001010001
12 001001010001
12 001001010001
12 001001010001
12 001001010001
12 001001010001
12 001001010001

12 000010010001
12 000010010001
12 000010010001
12 000010010001
12 000010010001
12 000010010001
12 000010010001
12 000010010001
12 001000010001
12 001000010001
12 001000010001
12 001000010001
12 001000010001
12 001000010001
12 001000010001
12 001000010001

12 100010010000
12 100010010000
12 100010010000
12 100010010000
12 100010010000
12 100010010000
12 100010010000
12 100010010000
12 100001000100
12 100001000100
12 100001000100
12 100001000100
12 100001000100
12 100001000100
12 100001000100
12 100001000100

12 001000010001
12 001000010001
12 001000010001
12 001000010001
12 001000010001
12 001000010001
12 001000010001
12 001000010001
12 100001000100
12 100001000100
12 100001000100
12 100001000100
12 001001010001
12 001001010001
12 001001010001
12 001001010001

