12 000010001001
12 000010001001
12 000010001001
12 000010001001
12 000010001001
12 000010001001
12 000010001001
12 000010001001
12 000010001001
12 000010001001
12 000010001001
12 000010001001
12 000010001001
12 000010001001
12 000010001001
12 000010001001

8 000010001001
8 000010001001
6 000010001001
6 000010001001
4 000010001001
4 000010001001
11 000010001001
11 000010001001
1 010010001000
1 010010001000
1 010010001000
1 010010001000
1 010010001000
1 010010001000
1 010010001000
1 010010001000

1 010010000100
1 010010000100
1 010010000100
1 010010000100
1 010010000100
1 010010000100
1 010010000100
1 010010000100
11 000100100001
11 000100100001
11 000100100001
11 000100100001
9 000100100001
9 000100100001
9 000100100001
9 000100100001

8 000010001001
8 000010001001
6 000010001001
6 000010001001
4 000010001001
4 000010001001
11 000010001001
11 000010001001
1 010010001000
1 010010001000
1 010010001000
1 010010001000
1 010010001000
1 010010001000
1 010010001000
1 010010001000

1 010010000100
1 010010000100
1 010010000100
1 010010000100
1 010010000100
1 010010000100
1 010010000100
1 010010000100
11 000100100001
11 000100100001
11 000100100001
11 000100100001
11 000100100001
11 000100100001
9 000100100001
9 000100100001

8 000010001001
8 000010001001
8 000010001001
8 000010001001
8 000010001001
8 000010001001
8 000010001001
8 000010001001
8 010010001000
8 010010001000
8 010010001000
8 010010001000
8 010010001000
8 010010001000
8 010010001000
8 010010001000

12 010010000100
12 010010000100
12 010010000100
12 010010000100
9 010010000100
9 010010000100
9 010010000100
9 010010000100
11 000100100001
11 000100100001
11 000100100001
11 000100100001
11 000100100001
11 000100100001
9 000100100001
9 000100100001

8 000010001001
8 000010001001
8 000010001001
8 000010001001
8 000010001001
8 000010001001
8 000010001001
8 000010001001
8 010010001000
8 010010001000
8 010010001000
8 010010001000
8 010010001000
8 010010001000
8 010010001000
8 010010001000

12 010010000100
12 010010000100
9 010010000100
9 010010000100
9 010010000100
9 010010000100
9 010010000100
9 010010000100
9 000100100001
9 000100100001
11 000100100001
11 000100100001
11 000100100001
11 000100100001
9 000100100001
9 000100100001

8 000010001001
8 000010001001
6 000010001001
6 000010001001
8 000010001001
8 000010001001
8 000010001001
8 000010001001
1 010010001000
1 010010001000
1 010010001000
1 010010001000
8 010010001000
8 010010001000
6 010010001000
6 010010001000

4 010010000100
4 010010000100
4 010010000100
4 010010000100
4 010010000100
4 010010000100
4 010010000100
4 010010000100
6 000100100001
6 000100100001
6 000100100001
6 000100100001
6 000100100001
6 000100100001
6 000100100001
6 000100100001

8 000010001001
8 000010001001
6 000010001001
6 000010001001
4 000010001001
4 000010001001
11 000010001001
11 000010001001
1 010010001000
1 010010001000
1 010010001000
1 010010001000
1 010010001000
1 010010001000
1 010010001000
1 010010001000

1 010010000100
1 010010000100
1 010010000100
1 010010000100
1 010010000100
1 010010000100
1 010010000100
1 010010000100
11 000100100001
11 000100100001
11 000100100001
11 000100100001
11 000100100001
11 000100100001
9 000100100001
9 000100100001

8 000010001001
8 000010001001
8 000010001001
8 000010001001
8 000010001001
8 000010001001
8 000010001001
8 000010001001
8 010010001000
8 010010001000
8 010010001000
8 010010001000
8 010010001000
8 010010001000
8 010010001000
8 010010001000

12 010010000100
12 010010000100
12 010010000100
12 010010000100
9 010010000100
9 010010000100
9 010010000100
9 010010000100
11 000100100001
11 000100100001
11 000100100001
11 000100100001
11 000100100001
11 000100100001
9 000100100001
9 000100100001

8 000010001001
8 000010001001
8 000010001001
8 000010001001
8 000010001001
8 000010001001
8 000010001001
8 000010001001
8 010010001000
8 010010001000
8 010010001000
8 010010001000
8 010010001000
8 010010001000
8 010010001000
8 010010001000

12 010010000100
12 010010000100
9 010010000100
9 010010000100
9 010010000100
9 010010000100
9 010010000100
9 010010000100
11 000100100001
11 000100100001
11 000100100001
11 000100100001
11 000100100001
11 000100100001
9 000100100001
9 000100100001

8 000010001001
8 000010001001
8 000010001001
8 000010001001
8 000010001001
8 000010001001
8 000010001001
8 000010001001
1 010010001000
1 010010001000
1 010010001000
1 010010001000
8 010010001000
8 010010001000
6 010010001000
6 010010001000

4 010010000100
4 010010000100
4 010010000100
4 010010000100
4 010010000100
4 010010000100
4 010010000100
4 010010000100
6 000100100001
6 000100100001
6 000100100001
6 000100100001
6 000100100001
6 000100100001
6 000100100001
6 000100100001

8 000010001001
8 000010001001
6 000010001001
6 000010001001
4 000010001001
4 000010001001
4 000010001001
4 000010001001
4 010010000100
4 010010000100
4 010010000100
4 010010000100
4 010010000100
4 010010000100
4 010010000100
4 010010000100

12 000010001001
12 000010001001
12 000010001001
12 000010001001
12 000010001001
12 000010001001
12 000010001001
12 000010001001
12 000100100101
12 000100100101
12 000100100101
12 000100100101
12 000100100101
12 000100100101
12 000100100101
12 000100100101

1 010010000100
1 010010000100
1 010010000100
1 010010000100
1 010010000100
1 010010000100
1 010010000100
1 010010000100
1 010010000100
1 010010000100
1 010010000100
1 010010000100
1 010010000100
1 010010000100
1 010010000100
1 010010000100

11 000100001001
11 000100001001
11 000100001001
11 000100001001
11 000100001001
11 000100001001
11 000100001001
11 000100001001
11 000100001001
11 000100001001
11 000100001001
11 000100001001
11 000100001001
11 000100001001
11 000100001001
11 000100001001

9 010000100100
9 010000100100
9 010000100100
9 010000100100
9 010000100100
9 010000100100
9 010000100100
9 010000100100
9 000100100001
9 000100100001
9 000100100001
9 000100100001
11 000100100001
11 000100100001
9 000100100001
9 000100100001

8 000010001001
8 000010001001
8 000010001001
8 000010001001
8 000010001001
8 000010001001
8 000010001001
8 000010001001
8 000010001001
8 000010001001
8 000010001001
8 000010001001
8 000010001001
8 000010001001
8 000010001001
8 000010001001

1 010010000100
1 010010000100
1 010010000100
1 010010000100
1 010010000100
1 010010000100
1 010010000100
1 010010000100
1 010010000100
1 010010000100
1 010010000100
1 010010000100
1 010010000100
1 010010000100
1 010010000100
1 010010000100

12 000100001001
12 000100001001
12 000100001001
12 000100001001
3 000100001001
3 000100001001
3 000100001001
3 000100001001
11 000100001001
11 000100001001
11 000100001001
11 000100001001
11 000100001001
11 000100001001
11 000100001001
11 000100001001

1 010010100010
1 010010100010
1 010010100010
1 010010100010
1 010010100010
1 010010100010
1 010010100010
1 010010100010
1 010010100010
1 010010100010
1 010010100010
11 010010100010
11 010010100010
11 010010100010
10 010010100010
10 010010100010

11 000100100001
11 000100100001
11 000100100001
11 000100100001
11 000100100001
11 000100100001
11 000100100001
11 000100100001
11 000100100001
11 000100100001
11 000100100001
11 000100100001
9 000100100001
9 000100100001
8 000100100001
8 000100100001

8 000010001001
8 000010001001
8 000010001001
8 000010001001
8 000010001001
8 000010001001
8 000010001001
8 000010001001
8 010010001000
8 010010001000
8 010010001000
8 010010001000
8 010010001000
8 010010001000
8 010010001000
8 010010001000

12 010010000100
12 010010000100
9 010010000100
9 010010000100
9 010010000100
9 010010000100
9 010010000100
9 010010000100
11 000100100001
11 000100100001
11 000100100001
11 000100100001
11 000100100001
11 000100100001
9 000100100001
9 000100100001

8 000010001001
8 000010001001
8 000010001001
8 000010001001
8 000010001001
8 000010001001
8 000010001001
8 000010001001
8 010010001000
8 010010001000
8 010010001000
8 010010001000
8 010010001000
8 010010001000
8 010010001000
8 010010001000

12 010010000100
12 010010000100
9 010010000100
9 010010000100
9 010010000100
9 010010000100
9 010010000100
9 010010000100
11 000100100001
11 000100100001
11 000100100001
11 000100100001
11 000100100001
11 000100100001
9 000100100001
9 000100100001

8 000010001001
8 000010001001
6 000010001001
6 000010001001
8 000010001001
8 000010001001
8 000010001001
8 000010001001
1 010010001000
1 010010001000
1 010010001000
1 010010001000
8 010010001000
8 010010001000
6 010010001000
6 010010001000

4 010010000100
4 010010000100
4 010010000100
4 010010000100
4 010010000100
4 010010000100
4 010010000100
4 010010000100
6 000100100001
6 000100100001
6 000100100001
6 000100100001
6 000100100001
6 000100100001
6 000100100001
6 000100100001

8 000010001001
8 000010001001
6 000010001001
6 000010001001
4 000010001001
4 000010001001
11 000010001001
11 000010001001
1 010010001000
1 010010001000
1 010010001000
1 010010001000
1 010010001000
1 010010001000
1 010010001000
1 010010001000

1 010010000100
1 010010000100
1 010010000100
1 010010000100
1 010010000100
1 010010000100
1 010010000100
1 010010000100
11 000100100001
11 000100100001
11 000100100001
11 000100100001
9 000100100001
9 000100100001
9 000100100001
9 000100100001

8 000010001001
8 000010001001
6 000010001001
6 000010001001
4 000010001001
4 000010001001
11 000010001001
11 000010001001
1 010010000100
1 010010000100
1 010010000100
1 010010000100
1 010010000100
1 010010000100
4 010010000100
4 010010000100

4 000010001001
4 000010001001
4 000010001001
4 000010001001
4 000010001001
4 000010001001
4 000010001001
4 000010001001
4 000010001001
4 000010001001
4 000010001001
4 000010001001
4 000010001001
4 000010001001
4 000010001001
4 000010001001

1 010010000100
1 010010000100
1 010010000100
1 010010000100
1 010010000100
1 010010000100
1 010010000100
1 010010000100
1 010010000100
1 010010000100
1 010010000100
1 010010000100
1 010010000100
1 010010000100
1 010010000100
1 010010000100

11 000100001001
11 000100001001
11 000100001001
11 000100001001
11 000100001001
11 000100001001
11 000100001001
11 000100001001
11 000100001001
11 000100001001
11 000100001001
11 000100001001
11 000100001001
11 000100001001
11 000100001001
11 000100001001

9 010000100100
9 010000100100
9 010000100100
9 010000100100
9 010000100100
9 010000100100
9 010000100100
9 010000100100
9 000100100001
9 000100100001
9 000100100001
9 000100100001
11 000100100001
11 000100100001
9 000100100001
9 000100100001

8 000010001001
8 000010001001
8 000010001001
8 000010001001
8 000010001001
8 000010001001
8 000010001001
8 000010001001
8 000010001001
8 000010001001
8 000010001001
8 000010001001
8 000010001001
8 000010001001
8 000010001001
8 000010001001

1 010010000100
1 010010000100
1 010010000100
1 010010000100
1 010010000100
1 010010000100
1 010010000100
1 010010000100
1 010010000100
1 010010000100
1 010010000100
1 010010000100
1 010010000100
1 010010000100
1 010010000100
1 010010000100

12 000100001001
12 000100001001
12 000100001001
12 000100001001
3 000100001001
3 000100001001
3 000100001001
3 000100001001
11 000100001001
11 000100001001
11 000100001001
11 000100001001
11 000100001001
11 000100001001
11 000100001001
11 000100001001

1 010010100010
1 010010100010
1 010010100010
1 010010100010
1 010010100010
1 010010100010
1 010010100010
1 010010100010
1 010010100010
1 010010100010
1 010010100010
11 010010100010
11 010010100010
11 010010100010
10 010010100010
10 010010100010

11 000100100001
11 000100100001
11 000100100001
11 000100100001
11 000100100001
11 000100100001
11 000100100001
11 000100100001
11 000100100001
11 000100100001
11 000100100001
11 000100100001
9 000100100001
9 000100100001
8 000100100001
8 000100100001

8 000010001001
8 000010001001
8 000010001001
8 000010001001
8 000010001001
8 000010001001
8 000010001001
8 000010001001
8 010010001000
8 010010001000
8 010010001000
8 010010001000
8 010010001000
8 010010001000
8 010010001000
8 010010001000

12 010010000100
12 010010000100
9 010010000100
9 010010000100
9 010010000100
9 010010000100
9 010010000100
9 010010000100
11 000100100001
11 000100100001
11 000100100001
11 000100100001
11 000100100001
11 000100100001
9 000100100001
9 000100100001

8 000010001001
8 000010001001
8 000010001001
8 000010001001
8 000010001001
8 000010001001
8 000010001001
8 000010001001
8 010010001000
8 010010001000
8 010010001000
8 010010001000
8 010010001000
8 010010001000
8 010010001000
8 010010001000

12 010010000100
12 010010000100
9 010010000100
9 010010000100
9 010010000100
9 010010000100
9 010010000100
9 010010000100
11 000100100001
11 000100100001
11 000100100001
11 000100100001
11 000100100001
11 000100100001
9 000100100001
9 000100100001

8 000010001001
8 000010001001
6 000010001001
6 000010001001
8 000010001001
8 000010001001
8 000010001001
8 000010001001
1 010010001000
1 010010001000
1 010010001000
1 010010001000
8 010010001000
8 010010001000
6 010010001000
6 010010001000

4 010010000100
4 010010000100
4 010010000100
4 010010000100
4 010010000100
4 010010000100
4 010010000100
4 010010000100
6 000100100001
6 000100100001
6 000100100001
6 000100100001
6 000100100001
6 000100100001
6 000100100001
6 000100100001

8 000010001001
8 000010001001
6 000010001001
6 000010001001
4 000010001001
4 000010001001
11 000010001001
11 000010001001
1 010010001000
1 010010001000
1 010010001000
1 010010001000
1 010010001000
1 010010001000
1 010010001000
1 010010001000

1 010010000100
1 010010000100
1 010010000100
1 010010000100
1 010010000100
1 010010000100
1 010010000100
1 010010000100
11 000100100001
11 000100100001
11 000100100001
11 000100100001
9 000100100001
9 000100100001
9 000100100001
9 000100100001

8 000010001001
8 000010001001
6 000010001001
6 000010001001
4 000010001001
4 000010001001
11 000010001001
11 000010001001
1 010010001000
1 010010001000
1 010010001000
1 010010001000
1 010010001000
1 010010001000
1 010010001000
1 010010001000

1 010010000100
1 010010000100
1 010010000100
1 010010000100
1 010010000100
1 010010000100
1 010010000100
1 010010000100
11 000100100001
11 000100100001
11 000100100001
11 000100100001
9 000100100001
9 000100100001
9 000100100001
9 000100100001

8 000010001001
8 000010001001
6 000010001001
6 000010001001
4 000010001001
4 000010001001
11 000010001001
11 000010001001
1 010010001000
1 010010001000
1 010010001000
1 010010001000
1 010010001000
1 010010001000
1 010010001000
1 010010001000

12 010010000100
12 010010000100
12 010010000100
12 010010000100
12 010010000100
12 010010000100
12 010010000100
12 010010000100
12 000100100001
12 000100100001
12 000100100001
12 000100100001
12 000100100001
12 000100100001
12 000100100001
12 000100100001

