12 000000000000
12 000000000000
12 000000000000
12 000000000000
12 000000000000
12 000000000000
12 000000000000
12 000000000000
12 000000000000
12 000000000000
12 000000000000
12 000000000000
12 000000000000
12 000000000000
12 000000000000
12 000000000000

12 000000000000
12 000000000000
12 000000000000
12 000000000000
12 000000000000
12 000000000000
12 000000000000
12 000000000000
12 000000000000
12 000000000000
12 000000000000
12 000000000000
12 000000000000
12 000000000000
12 000000000000
12 000000000000

12 000010001001
12 000010001001
12 000010001001
12 000010001001
12 000010001001
12 000010001001
12 000010001001
12 000010001001
12 000010001001
12 000010001001
12 000010001001
12 000010001001
12 000010001001
12 000010001001
12 000010001001
12 000010001001

12 000010001001
12 000010001001
12 000010001001
12 000010001001
12 000010001001
12 000010001001
12 000010001001
12 000010001001
12 000010001001
12 000010001001
12 000010001001
12 000010001001
12 000010001001
12 000010001001
12 000010001001
12 000010001001

12 000010001001
12 000010001001
12 000010001001
12 000010001001
12 000010001001
12 000010001001
4 000010001001
4 000010001001
4 000010001001
4 000010001001
4 000010001001
4 000010001001
3 000010001001
3 000010001001
3 000010001001
3 000010001001

3 000010001001
3 000010001001
3 000010001001
3 000010001001
1 000010001001
1 000010001001
1 000010001001
1 000010001001
3 000010001001
3 000010001001
3 000010001001
3 000010001001
4 000010001001
4 000010001001
4 000010001001
4 000010001001

12 010000100100
12 010000100100
12 010000100100
12 010000100100
12 010000100100
12 010000100100
12 010000100100
12 010000100100
6 010000100100
6 010000100100
6 010000100100
6 010000100100
4 010000100100
4 010000100100
4 010000100100
4 010000100100

3 000100100001
3 000100100001
3 000100100001
3 000100100001
3 000100100001
3 000100100001
3 000100100001
3 000100100001
3 000100100001
3 000100100001
3 000100100001
3 000100100001
3 000100100001
3 000100100001
3 000100100001
3 000100100001

12 000010001001
12 000010001001
12 000010001001
12 000010001001
12 000010001001
12 000010001001
4 000010001001
4 000010001001
4 000010001001
4 000010001001
3 000010001001
3 000010001001
3 000010001001
3 000010001001
3 000010001001
3 000010001001

3 000010001001
3 000010001001
3 000010001001
3 000010001001
1 000010001001
1 000010001001
3 000010001001
3 000010001001
3 000010001001
3 000010001001
3 000010001001
3 000010001001
4 000010001001
4 000010001001
4 000010001001
4 000010001001

12 010000100100
12 010000100100
12 010000100100
12 010000100100
6 010000100100
6 010000100100
4 010000100100
4 010000100100
6 010000100100
6 010000100100
6 010000100100
6 010000100100
4 010000100100
4 010000100100
4 010000100100
4 010000100100

3 000100100001
3 000100100001
3 000100100001
3 000100100001
3 000100100001
3 000100100001
3 000100100001
3 000100100001
3 000100100001
3 000100100001
3 000100100001
3 000100100001
3 000100100001
3 000100100001
3 000100100001
3 000100100001

12 100100001000
12 100100001000
12 100100001000
12 100100001000
12 100100001000
12 100100001000
8 100100001000
8 100100001000
6 100100001000
6 100100001000
6 100100001000
6 100100001000
8 100100001000
8 100100001000
8 100100001000
8 100100001000

9 100100001000
9 100100001000
8 100100001000
8 100100001000
8 100100001000
8 100100001000
6 100100001000
6 100100001000
6 100100001000
6 100100001000
8 100100001000
8 100100001000
8 100100001000
8 100100001000
8 100100001000
8 100100001000

12 010001001000
12 010001001000
12 010001001000
12 010001001000
12 010001001000
12 010001001000
8 010001001000
8 010001001000
8 010001001000
8 010001001000
6 010001001000
6 010001001000
8 010001001000
8 010001001000
8 010001001000
8 010001001000

9 010001001000
9 010001001000
9 010001001000
9 010001001000
9 010001001000
9 010001001000
8 010001001000
8 010001001000
5 010001001000
5 010001001000
5 010001001000
5 010001001000
1 010001001000
1 010001001000
1 010001001000
1 010001001000

12 010000100010
12 010000100010
12 010000100010
12 010000100010
12 010000100010
12 010000100010
6 010000100010
6 010000100010
5 010000100010
5 010000100010
5 010000100010
5 010000100010
6 010000100010
6 010000100010
6 010000100010
6 010000100010

6 010000100010
6 010000100010
6 010000100010
6 010000100010
6 010000100010
6 010000100010
6 010000100010
6 010000100010
1 010000100010
1 010000100010
1 010000100010
1 010000100010
1 010000100010
1 010000100010
1 010000100010
1 010000100010

3 000100100001
3 000100100001
3 000100100001
3 000100100001
3 000100100001
3 000100100001
3 000100100001
3 000100100001
4 000100100001
4 000100100001
4 000100100001
4 000100100001
4 000100100001
4 000100100001
6 000100100001
6 000100100001

12 000100100001
12 000100100001
12 000100100001
12 000100100001
3 000100100001
3 000100100001
3 000100100001
3 000100100001
4 000100100001
4 000100100001
4 000100100001
4 000100100001
6 000100100001
6 000100100001
6 000100100001
6 000100100001

8 000010001001
8 000010001001
8 000010001001
8 000010001001
8 000010001001
8 000010001001
8 000010001001
8 000010001001
8 000010001001
8 000010001001
8 000010001001
8 000010001001
8 000010001001
8 000010001001
8 000010001001
8 000010001001

12 000010001001
12 000010001001
12 000010001001
12 000010001001
12 000010001001
12 000010001001
12 000010001001
12 000010001001
8 000010001001
8 000010001001
6 000010001001
6 000010001001
4 000010001001
6 000010001001
8 000010001001
8 000010001001

12 010010001000
12 010010001000
4 010010001000
4 010010001000
4 010010001000
4 010010001000
4 010010001000
4 010010001000
4 010010001000
4 010010001000
4 010010001000
4 010010001000
4 010010001000
4 010010001000
4 010010001000
4 010010001000

12 010010001000
12 010010001000
12 010010001000
12 010010001000
12 010010001000
12 010010001000
8 010010001000
8 010010001000
6 010010001000
6 010010001000
4 010010001000
4 010010001000
6 010010001000
6 010010001000
6 010010001000
6 010010001000

8 010010000100
6 010010000100
4 010010000100
4 010010000100
6 010010000100
6 010010000100
4 010010000100
4 010010000100
4 010010000100
4 010010000100
4 010010000100
4 010010000100
4 010010000100
4 010010000100
4 010010000100
4 010010000100

12 010010000100
12 010010000100
12 010010000100
12 010010000100
12 010010000100
12 010010000100
9 010010000100
9 010010000100
9 010010000100
9 010010000100
9 010010000100
8 010010000100
8 010010000100
8 010010000100
6 010010000100
6 010010000100

9 000100100001
9 000100100001
9 000100100001
9 000100100001
9 000100100001
9 000100100001
8 000100100001
8 000100100001
6 000100100001
6 000100100001
6 000100100001
6 000100100001
6 000100100001
6 000100100001
6 000100100001
6 000100100001

11 000100100001
11 000100100001
11 000100100001
11 000100100001
9 000100100001
9 000100100001
9 000100100001
9 000100100001
8 000100100001
8 000100100001
8 000100100001
8 000100100001
6 000100100001
6 000100100001
6 000100100001
6 000100100001

12 000010001001
12 000010001001
12 000010001001
12 000010001001
12 000010001001
12 000010001001
12 000010001001
12 000010001001
12 000010001001
12 000010001001
4 000010001001
4 000010001001
4 000010001001
4 000010001001
3 000010001001
3 000010001001

3 000010001001
3 000010001001
1 000010001001
1 000010001001
1 000010001001
1 000010001001
3 000010001001
3 000010001001
3 000010001001
3 000010001001
4 000010001001
4 000010001001
4 000010001001
4 000010001001
4 000010001001
4 000010001001

12 010000100100
12 010000100100
12 010000100100
12 010000100100
12 010000100100
12 010000100100
6 010000100100
6 010000100100
6 010000100100
6 010000100100
6 010000100100
6 010000100100
4 010000100100
4 010000100100
4 010000100100
4 010000100100

3 000100100001
3 000100100001
3 000100100001
3 000100100001
3 000100100001
3 000100100001
3 000100100001
3 000100100001
3 000100100001
3 000100100001
3 000100100001
3 000100100001
3 000100100001
3 000100100001
3 000100100001
3 000100100001

12 000010001001
12 000010001001
12 000010001001
12 000010001001
12 000010001001
12 000010001001
4 000010001001
4 000010001001
4 000010001001
4 000010001001
3 000010001001
3 000010001001
3 000010001001
3 000010001001
3 000010001001
3 000010001001

12 000010001001
12 000010001001
12 000010001001
12 000010001001
12 000010001001
12 000010001001
1 000010001001
1 000010001001
3 000010001001
3 000010001001
4 000010001001
4 000010001001
4 000010001001
4 000010001001
4 000010001001
4 000010001001

12 010000100100
12 010000100100
12 010000100100
12 010000100100
12 010000100100
12 010000100100
6 010000100100
6 010000100100
6 010000100100
6 010000100100
6 010000100100
6 010000100100
4 010000100100
4 010000100100
4 010000100100
4 010000100100

3 000100100001
3 000100100001
3 000100100001
3 000100100001
3 000100100001
3 000100100001
3 000100100001
3 000100100001
3 000100100001
3 000100100001
3 000100100001
3 000100100001
3 000100100001
3 000100100001
3 000100100001
3 000100100001

12 100100001000
12 100100001000
12 100100001000
12 100100001000
12 100100001000
12 100100001000
8 100100001000
8 100100001000
8 100100001000
8 100100001000
6 100100001000
6 100100001000
8 100100001000
8 100100001000
9 100100001000
9 100100001000

12 100100001000
12 100100001000
8 100100001000
8 100100001000
8 100100001000
8 100100001000
6 100100001000
6 100100001000
6 100100001000
6 100100001000
8 100100001000
8 100100001000
8 100100001000
8 100100001000
8 100100001000
8 100100001000

12 010001001000
12 010001001000
12 010001001000
12 010001001000
12 010001001000
12 010001001000
8 010001001000
8 010001001000
8 010001001000
8 010001001000
6 010001001000
6 010001001000
8 010001001000
8 010001001000
9 010001001000
9 010001001000

12 010001001000
12 010001001000
8 010001001000
8 010001001000
8 010001001000
8 010001001000
5 010001001000
5 010001001000
1 010001001000
1 010001001000
1 010001001000
1 010001001000
1 010001001000
1 010001001000
1 010001001000
1 010001001000

12 010000100010
12 010000100010
12 010000100010
12 010000100010
12 010000100010
12 010000100010
6 010000100010
6 010000100010
5 010000100010
5 010000100010
6 010000100010
6 010000100010
6 010000100010
6 010000100010
6 010000100010
6 010000100010

12 010000100010
12 010000100010
6 010000100010
6 010000100010
6 010000100010
6 010000100010
1 010000100010
1 010000100010
1 010000100010
1 010000100010
1 010000100010
1 010000100010
1 010000100010
1 010000100010
1 010000100010
1 010000100010

3 000100100001
3 000100100001
3 000100100001
3 000100100001
3 000100100001
3 000100100001
3 000100100001
3 000100100001
4 000100100001
4 000100100001
4 000100100001
4 000100100001
4 000100100001
4 000100100001
6 000100100001
6 000100100001

12 000100100001
12 000100100001
12 000100100001
12 000100100001
8 000100100001
8 000100100001
8 000100100001
8 000100100001
11 000100100001
11 000100100001
11 000100100001
11 000100100001
8 000100100001
8 000100100001
8 000100100001
8 000100100001

6 000010001001
6 000010001001
4 000010001001
4 000010001001
4 000010001001
4 000010001001
4 000010001001
4 000010001001
4 000010001001
4 000010001001
4 000010001001
4 000010001001
4 000010001001
4 000010001001
4 000010001001
4 000010001001

12 000010001001
12 000010001001
12 000010001001
12 000010001001
12 000010001001
12 000010001001
8 000010001001
8 000010001001
8 000010001001
6 000010001001
6 000010001001
6 000010001001
4 000010001001
6 000010001001
8 000010001001
8 000010001001

12 010010001000
12 010010001000
4 010010001000
4 010010001000
4 010010001000
4 010010001000
4 010010001000
4 010010001000
4 010010001000
4 010010001000
4 010010001000
4 010010001000
4 010010001000
4 010010001000
4 010010001000
4 010010001000

12 010010001000
12 010010001000
12 010010001000
12 010010001000
12 010010001000
12 010010001000
8 010010001000
8 010010001000
6 010010001000
6 010010001000
4 010010001000
4 010010001000
6 010010001000
6 010010001000
6 010010001000
6 010010001000

8 010010000100
6 010010000100
4 010010000100
4 010010000100
6 010010000100
6 010010000100
4 010010000100
4 010010000100
4 010010000100
4 010010000100
4 010010000100
4 010010000100
4 010010000100
4 010010000100
4 010010000100
4 010010000100

12 010010000100
12 010010000100
12 010010000100
12 010010000100
12 010010000100
12 010010000100
9 010010000100
9 010010000100
9 010010000100
9 010010000100
9 010010000100
8 010010000100
8 010010000100
8 010010000100
6 010010000100
6 010010000100

9 000100100001
9 000100100001
9 000100100001
9 000100100001
9 000100100001
9 000100100001
8 000100100001
8 000100100001
6 000100100001
6 000100100001
6 000100100001
6 000100100001
6 000100100001
6 000100100001
6 000100100001
6 000100100001

11 000100100001
11 000100100001
11 000100100001
11 000100100001
9 000100100001
9 000100100001
9 000100100001
9 000100100001
8 000100100001
8 000100100001
8 000100100001
8 000100100001
8 000100100001
6 000100100001
6 000100100001
6 000100100001

4 000010001001
4 000010001001
4 000010001001
4 000010001001
4 000010001001
4 000010001001
4 000010001001
4 000010001001
4 000010001001
4 000010001001
4 000010001001
4 000010001001
4 000010001001
4 000010001001
4 000010001001
4 000010001001

12 000010001001
12 000010001001
12 000010001001
12 000010001001
12 000010001001
12 000010001001
12 000010001001
12 000010001001
12 000010001001
12 000010001001
12 000010001001
12 000010001001
12 000010001001
12 000010001001
12 000010001001
12 000010001001

12 010000100100
12 010000100100
12 010000100100
12 010000100100
12 010000100100
12 010000100100
12 010000100100
12 010000100100
12 010000100100
12 010000100100
12 010000100100
12 010000100100
12 010000100100
12 010000100100
12 010000100100
12 010000100100

12 000100100001
12 000100100001
12 000100100001
12 000100100001
12 000100100001
12 000100100001
12 000100100001
12 000100100001
12 000100100001
12 000100100001
12 000100100001
12 000100100001
12 000100100001
12 000100100001
12 000100100001
12 000100100001

12 000010001001
12 000010001001
12 000010001001
12 000010001001
12 000010001001
12 000010001001
12 000010001001
12 000010001001
12 000010001001
12 000010001001
12 000010001001
12 000010001001
12 000010001001
12 000010001001
12 000010001001
12 000010001001

12 000010001001
12 000010001001
12 000010001001
12 000010001001
12 000010001001
12 000010001001
12 000010001001
12 000010001001
12 000010001001
12 000010001001
12 000010001001
12 000010001001
12 000010001001
12 000010001001
12 000010001001
12 000010001001

12 010000100100
12 010000100100
12 010000100100
12 010000100100
12 010000100100
12 010000100100
12 010000100100
12 010000100100
12 010000100100
12 010000100100
12 010000100100
12 010000100100
12 010000100100
12 010000100100
12 010000100100
12 010000100100

12 000100100001
12 000100100001
12 000100100001
12 000100100001
12 000100100001
12 000100100001
8 000100100001
8 000100100001
11 000100100001
11 000100100001
8 000100100001
8 000100100001
8 000100100001
8 000100100001
6 000100100001
6 000100100001

6 000010001001
6 000010001001
4 000010001001
4 000010001001
4 000010001001
4 000010001001
4 000010001001
4 000010001001
4 000010001001
4 000010001001
4 000010001001
4 000010001001
4 000010001001
4 000010001001
4 000010001001
4 000010001001

12 000010001001
12 000010001001
12 000010001001
12 000010001001
12 000010001001
12 000010001001
8 000010001001
8 000010001001
8 000010001001
6 000010001001
6 000010001001
6 000010001001
4 000010001001
6 000010001001
8 000010001001
8 000010001001

12 010010001000
12 010010001000
4 010010001000
4 010010001000
4 010010001000
4 010010001000
4 010010001000
4 010010001000
4 010010001000
4 010010001000
4 010010001000
4 010010001000
4 010010001000
4 010010001000
4 010010001000
4 010010001000

12 010010001000
12 010010001000
12 010010001000
12 010010001000
12 010010001000
12 010010001000
8 010010001000
8 010010001000
6 010010001000
6 010010001000
4 010010001000
4 010010001000
6 010010001000
6 010010001000
6 010010001000
6 010010001000

8 010010000100
6 010010000100
4 010010000100
4 010010000100
6 010010000100
6 010010000100
4 010010000100
4 010010000100
4 010010000100
4 010010000100
4 010010000100
4 010010000100
4 010010000100
4 010010000100
4 010010000100
4 010010000100

12 010010000100
12 010010000100
12 010010000100
12 010010000100
12 010010000100
12 010010000100
9 010010000100
9 010010000100
9 010010000100
9 010010000100
9 010010000100
8 010010000100
8 010010000100
8 010010000100
6 010010000100
6 010010000100

9 000100100001
9 000100100001
9 000100100001
9 000100100001
9 000100100001
9 000100100001
8 000100100001
8 000100100001
6 000100100001
6 000100100001
6 000100100001
6 000100100001
6 000100100001
6 000100100001
6 000100100001
6 000100100001

11 000100100001
11 000100100001
11 000100100001
11 000100100001
9 000100100001
9 000100100001
9 000100100001
9 000100100001
8 000100100001
8 000100100001
8 000100100001
8 000100100001
6 000100100001
6 000100100001
6 000100100001
6 000100100001

12 000000000000
12 000000000000
12 000000000000
12 000000000000
12 000000000000
12 000000000000
12 000000000000
12 000000000000
12 000000000000
12 000000000000
12 000000000000
12 000000000000
12 000000000000
12 000000000000
12 000000000000
12 000000000000

12 000000000000
12 000000000000
12 000000000000
12 000000000000
12 000000000000
12 000000000000
12 000000000000
12 000000000000
12 000000000000
12 000000000000
12 000000000000
12 000000000000
12 000000000000
12 000000000000
12 000000000000
12 000000000000

12 000010001001
12 000010001001
12 000010001001
12 000010001001
12 000010001001
12 000010001001
12 000010001001
12 000010001001
12 000010001001
12 000010001001
12 000010001001
12 000010001001
12 000010001001
12 000010001001
12 000010001001
12 000010001001

12 000010001001
12 000010001001
12 000010001001
12 000010001001
12 000010001001
12 000010001001
8 000010001001
8 000010001001
8 000010001001
6 000010001001
6 000010001001
6 000010001001
4 000010001001
6 000010001001
8 000010001001
8 000010001001

12 010010001000
12 010010001000
4 010010001000
4 010010001000
4 010010001000
4 010010001000
4 010010001000
4 010010001000
4 010010001000
4 010010001000
4 010010001000
4 010010001000
4 010010001000
4 010010001000
4 010010001000
4 010010001000

12 010010001000
12 010010001000
12 010010001000
12 010010001000
12 010010001000
12 010010001000
8 010010001000
8 010010001000
6 010010001000
4 010010001000
4 010010001000
4 010010001000
6 010010001000
6 010010001000
8 010010001000
8 010010001000

6 010010000100
4 010010000100
6 010010000100
6 010010000100
4 010010000100
4 010010000100
4 010010000100
4 010010000100
4 010010000100
4 010010000100
4 010010000100
4 010010000100
4 010010000100
4 010010000100
4 010010000100
4 010010000100

12 010010000100
12 010010000100
12 010010000100
12 010010000100
12 010010000100
12 010010000100
9 010010000100
9 010010000100
8 010010000100
8 010010000100
6 010010000100
6 010010000100
6 010010000100
6 010010000100
9 010010000100
9 010010000100

12 000100100001
12 000100100001
12 000100100001
12 000100100001
12 000100100001
12 000100100001
12 000100100001
12 000100100001
12 000100100001
12 000100100001
12 000100100001
12 000100100001
12 000100100001
12 000100100001
12 000100100001
12 000100100001

12 000100100001
12 000100100001
12 000100100001
12 000100100001
12 000100100001
12 000100100001
12 000100100001
12 000100100001
12 000100100001
12 000100100001
12 000100100001
12 000100100001
12 000100100001
12 000100100001
12 000100100001
12 000100100001

