12 000010001001
12 000010001001
12 000010001001
12 000010001001
12 000010001001
12 000010001001
12 000010001001
12 000010001001
12 000010001001
12 000010001001
12 000010001001
12 000010001001
12 000010001001
12 000010001001
12 000010001001
12 000010001001

12 000010001001
12 000010001001
12 000010001001
12 000010001001
12 000010001001
12 000010001001
12 000010001001
12 000010001001
12 000010001001
12 000010001001
12 000010001001
12 000010001001
12 000010001001
12 000010001001
12 000010001001
12 000010001001

12 000100100001
12 000100100001
12 000100100001
12 000100100001
12 000100100001
12 000100100001
12 000100100001
12 000100100001
12 000100100001
12 000100100001
12 000100100001
12 000100100001
12 000100100001
12 000100100001
12 000100100001
12 000100100001

12 000100100001
12 000100100001
12 000100100001
12 000100100001
11 000100100001
11 000100100001
11 000100100001
11 000100100001
3 000100100001
3 000100100001
3 000100100001
3 000100100001
6 000100100001
6 000100100001
6 000100100001
11 000100100001

8 000010001001
8 000010001001
8 000010001001
8 000010001001
8 000010001001
8 000010001001
8 000010001001
8 000010001001
8 000010001001
8 000010001001
8 000010001001
8 000010001001
8 000010001001
8 000010001001
8 000010001001
8 000010001001

12 000010001001
12 000010001001
12 000010001001
8 000010001001
8 000010001001
8 000010001001
8 000010001001
8 000010001001
8 000010001001
8 000010001001
4 000010001001
11 000010001001
8 000010001001
8 000010001001
8 000010001001
6 000010001001

8 000100100001
8 000100100001
6 000100100001
6 000100100001
6 000100100001
6 000100100001
6 000100100001
6 000100100001
6 000100100001
6 000100100001
6 000100100001
6 000100100001
6 000100100001
6 000100100001
6 000100100001
6 000100100001

12 000100100001
12 000100100001
12 000100100001
12 000100100001
8 000100100001
8 000100100001
8 000100100001
8 000100100001
8 000100100001
8 000100100001
8 000100100001
6 000100100001
3 000100100001
3 000100100001
3 000100100001
3 000100100001

1 010010100010
1 010010100010
1 010010100010
1 010010100010
1 010010100010
1 010010100010
1 010010100010
1 010010100010
1 010010100010
1 010010100010
1 010010100010
1 010010100010
1 010010100010
1 010010100010
1 010010100010
1 010010100010

12 010010100010
12 010010100010
12 010010100010
12 010010100010
8 010010100010
8 010010100010
8 010010100010
8 010010100010
8 010010100010
8 010010100010
8 010010100010
8 010010100010
8 010010100010
8 010010100010
8 010010100010
8 010010100010

6 000100100001
6 000100100001
6 000100100001
6 000100100001
6 000100100001
6 000100100001
6 000100100001
6 000100100001
6 000010001001
6 000010001001
6 000010001001
6 000010001001
6 000010001001
6 000010001001
6 000010001001
6 000010001001

12 000100100001
12 000100100001
12 000100100001
12 000100100001
11 000100100001
11 000100100001
11 000100100001
11 000100100001
3 000100100001
3 000100100001
3 000100100001
3 000100100001
6 000100100001
6 000100100001
6 000100100001
11 000100100001

8 000010001001
8 000010001001
8 000010001001
8 000010001001
8 000010001001
8 000010001001
8 000010001001
8 000010001001
8 000010001001
8 000010001001
8 000010001001
8 000010001001
8 000010001001
8 000010001001
8 000010001001
8 000010001001

12 000010001001
12 000010001001
12 000010001001
8 000010001001
8 000010001001
8 000010001001
8 000010001001
8 000010001001
8 000010001001
8 000010001001
4 000010001001
11 000010001001
8 000010001001
8 000010001001
8 000010001001
6 000010001001

8 000100100001
8 000100100001
6 000100100001
6 000100100001
6 000100100001
6 000100100001
6 000100100001
6 000100100001
6 000100100001
6 000100100001
6 000100100001
6 000100100001
6 000100100001
6 000100100001
6 000100100001
6 000100100001

12 000100100001
12 000100100001
12 000100100001
12 000100100001
8 000100100001
8 000100100001
8 000100100001
8 000100100001
8 000100100001
8 000100100001
8 000100100001
6 000100100001
3 000100100001
3 000100100001
3 000100100001
3 000100100001

1 010010100010
1 010010100010
1 010010100010
1 010010100010
1 010010100010
1 010010100010
1 010010100010
1 010010100010
1 010010100010
1 010010100010
1 010010100010
1 010010100010
1 010010100010
1 010010100010
1 010010100010
1 010010100010

12 010010100010
12 010010100010
12 010010100010
12 010010100010
8 010010100010
8 010010100010
8 010010100010
8 010010100010
8 010010100010
8 010010100010
8 010010100010
6 010010100010
1 010010100010
1 010010100010
1 010010100010
1 010010100010

11 000100100001
11 000100100001
11 000100100001
11 000100100001
11 000100100001
11 000100100001
11 000100100001
11 000100100001
11 000010001001
11 000010001001
11 000010001001
11 000010001001
11 000010001001
11 000010001001
11 000010001001
11 000010001001

12 000100100001
12 000100100001
12 000100100001
12 000100100001
6 000100100001
6 000100100001
6 000100100001
6 000100100001
1 000100100001
1 000100100001
1 000100100001
3 000100100001
3 000100100001
3 000100100001
4 000100100001
4 000100100001

6 000100100001
6 000100100001
6 000100100001
6 000100100001
6 000100100001
6 000100100001
6 000100100001
6 000100100001
6 000100100001
6 000100100001
6 000100100001
6 000100100001
6 000100100001
6 000100100001
6 000100100001
6 000100100001

12 010010001001
12 010010001001
12 010010001001
12 010010001001
6 010010001001
6 010010001001
6 010010001001
6 010010001001
1 010000100010
1 010000100010
1 010000100010
3 010000100010
3 010000100010
3 010000100010
4 010000100010
4 010000100010

6 000100100001
6 000100100001
6 000100100001
6 000100100001
6 000100100001
6 000100100001
6 000100100001
6 000100100001
6 000100100001
6 000100100001
6 000100100001
6 000100100001
6 000100100001
6 000100100001
6 000100100001
6 000100100001

12 000100100101
12 000100100101
12 000100100101
12 000100100101
6 000100100101
6 000100100101
6 000100100101
6 000100100101
5 001001001010
5 001001001010
5 001001001010
6 001001001010
6 001001001010
6 001001001010
8 001001001010
8 001001001010

10 000100100010
10 000100100010
10 000100100010
10 000100100010
10 000100100010
10 000100100010
10 000100100010
10 000100100010
10 001001001010
10 001001001010
10 001001001010
10 001001001010
10 001001001010
10 001001001010
10 001001001010
10 001001001010

12 000100100010
12 000100100010
12 000100100010
12 000100100010
10 000100100010
10 000100100010
10 000100100010
10 000100100010
5 001001001010
5 001001001010
5 001001001010
6 001001001010
6 001001001010
6 001001001010
8 001001001010
10 001001001010

12 000100100010
12 000100100010
12 000100100010
12 000100100010
12 000100100010
12 000100100010
12 000100100010
12 000100100010
12 000100100010
12 000100100010
12 000100100010
12 000100100010
12 000100100010
12 000100100010
12 000100100010
12 000100100010

12 010010100010
12 010010100010
12 010010100010
12 010010100010
11 010010100010
11 010010100010
11 010010100010
11 010010100010
3 000100100101
3 000100100101
3 000100100101
3 000100100101
6 000100100101
6 000100100101
6 000100100101
11 000100100101

8 000010001001
8 000010001001
8 000010001001
8 000010001001
8 000010001001
8 000010001001
8 000010001001
8 000010001001
8 000010001001
8 000010001001
8 000010001001
8 000010001001
8 000010001001
8 000010001001
8 000010001001
8 000010001001

12 000010001001
12 000010001001
12 000010001001
8 000010001001
8 000010001001
8 000010001001
8 000010001001
8 000010001001
8 000010001001
8 000010001001
4 000010001001
11 000010001001
8 000010001001
8 000010001001
8 000010001001
6 000010001001

8 000100100001
8 000100100001
6 000100100001
6 000100100001
6 000100100001
6 000100100001
6 000100100001
6 000100100001
6 000100100001
6 000100100001
6 000100100001
6 000100100001
6 000100100001
6 000100100001
6 000100100001
6 000100100001

12 000100100001
12 000100100001
12 000100100001
12 000100100001
8 000100100001
8 000100100001
8 000100100001
8 000100100001
8 000100100001
8 000100100001
8 000100100001
6 000100100001
3 000100100001
3 000100100001
3 000100100001
3 000100100001

1 010010100010
1 010010100010
1 010010100010
1 010010100010
1 010010100010
1 010010100010
1 010010100010
1 010010100010
1 010010100010
1 010010100010
1 010010100010
1 010010100010
1 010010100010
1 010010100010
1 010010100010
1 010010100010

12 010010100010
12 010010100010
12 010010100010
12 010010100010
8 010010100010
8 010010100010
8 010010100010
8 010010100010
8 010010100010
8 010010100010
8 010010100010
6 010010100010
1 010010100010
1 010010100010
1 010010100010
1 010010100010

11 000100100001
11 000100100001
11 000100100001
11 000100100001
11 000100100001
11 000100100001
11 000100100001
11 000100100001
11 000010001001
11 000010001001
11 000010001001
11 000010001001
11 000010001001
11 000010001001
11 000010001001
11 000010001001

12 000100100001
12 000100100001
12 000100100001
12 000100100001
12 000100100001
12 000100100001
6 000100100001
6 000100100001
1 000100100001
1 000100100001
1 000100100001
3 000100100001
3 000100100001
3 000100100001
4 000100100001
4 000100100001

6 000100100001
6 000100100001
6 000100100001
6 000100100001
6 000100100001
6 000100100001
6 000100100001
6 000100100001
6 000100100001
6 000100100001
6 000100100001
6 000100100001
6 000100100001
6 000100100001
6 000100100001
6 000100100001

12 010010001001
12 010010001001
12 010010001001
12 010010001001
12 010010001001
12 010010001001
6 010010001001
6 010010001001
1 010000100010
1 010000100010
1 010000100010
3 010000100010
3 010000100010
3 010000100010
4 010000100010
4 010000100010

6 000100100001
6 000100100001
6 000100100001
6 000100100001
6 000100100001
6 000100100001
6 000100100001
6 000100100001
6 000100100001
6 000100100001
6 000100100001
6 000100100001
6 000100100001
6 000100100001
6 000100100001
6 000100100001

12 000100100101
12 000100100101
12 000100100101
12 000100100101
6 000100100101
6 000100100101
6 000100100101
6 000100100101
5 001001001010
5 001001001010
5 001001001010
6 001001001010
6 001001001010
6 001001001010
8 001001001010
8 001001001010

10 000100100010
10 000100100010
10 000100100010
10 000100100010
10 000100100010
10 000100100010
10 000100100010
10 000100100010
10 001001001010
10 001001001010
10 001001001010
10 001001001010
10 001001001010
10 001001001010
10 001001001010
10 001001001010

12 000100100010
12 000100100010
12 000100100010
12 000100100010
12 000100100010
12 000100100010
12 000100100010
6 000100100010
5 001001001010
5 001001001010
5 001001001010
6 001001001010
6 001001001010
6 001001001010
8 001001001010
10 001001001010

12 000100100010
12 000100100010
12 000100100010
12 000100100010
12 000100100010
12 000100100010
12 000100100010
12 000100100010
12 000100100010
12 000100100010
12 000100100010
12 000100100010
12 000100100010
12 000100100010
12 000100100010
12 000100100010

12 010010100010
12 010010100010
12 010010100010
12 010010100010
11 010010100010
11 010010100010
11 010010100010
11 010010100010
3 000100100101
3 000100100101
3 000100100101
3 000100100101
6 000100100101
6 000100100101
6 000100100101
11 000100100101

8 000010001001
8 000010001001
8 000010001001
8 000010001001
8 000010001001
8 000010001001
8 000010001001
8 000010001001
8 000010001001
8 000010001001
8 000010001001
8 000010001001
8 000010001001
8 000010001001
8 000010001001
8 000010001001

12 000010001001
12 000010001001
12 000010001001
8 000010001001
8 000010001001
8 000010001001
8 000010001001
8 000010001001
8 000010001001
8 000010001001
4 000010001001
11 000010001001
8 000010001001
8 000010001001
8 000010001001
6 000010001001

8 000100100001
8 000100100001
6 000100100001
6 000100100001
6 000100100001
6 000100100001
6 000100100001
6 000100100001
6 000100100001
6 000100100001
6 000100100001
6 000100100001
6 000100100001
6 000100100001
6 000100100001
6 000100100001

12 000100100001
12 000100100001
12 000100100001
12 000100100001
8 000100100001
8 000100100001
8 000100100001
8 000100100001
8 000100100001
8 000100100001
8 000100100001
6 000100100001
3 000100100001
3 000100100001
3 000100100001
3 000100100001

1 010010100010
1 010010100010
1 010010100010
1 010010100010
1 010010100010
1 010010100010
1 010010100010
1 010010100010
1 010010100010
1 010010100010
1 010010100010
1 010010100010
1 010010100010
1 010010100010
1 010010100010
1 010010100010

12 010010100010
12 010010100010
12 010010100010
12 010010100010
8 010010100010
8 010010100010
8 010010100010
8 010010100010
8 010010100010
8 010010100010
8 010010100010
6 010010100010
1 010010100010
1 010010100010
1 010010100010
1 010010100010

11 000100100001
11 000100100001
11 000100100001
11 000100100001
11 000100100001
11 000100100001
11 000100100001
11 000100100001
11 000010001001
11 000010001001
11 000010001001
11 000010001001
11 000010001001
11 000010001001
11 000010001001
11 000010001001

12 000100100001
12 000100100001
12 000100100001
12 000100100001
12 000100100001
12 000100100001
12 000100100001
12 000100100001
12 000100100001
12 000100100001
12 000100100001
12 000100100001
12 000100100001
12 000100100001
12 000100100001
12 000100100001

