5 001000010010
5 001000010010
5 001000010010
5 001000010010
5 001000010010
5 001000010010
5 001000010010
5 001000010010
5 001000010010
5 001000010010
5 001000010010
5 001000010010
5 001000010010
5 001000010010
5 001000010010
5 001000010010

5 100010010010
5 100010010010
5 100010010010
5 100010010010
5 100010010010
5 100010010010
5 100010010010
5 100010010010
2 100010010010
0 100010010010
0 100010010010
0 100010010010
0 100010010010
0 100010010010
0 100010010010
0 100010010010

3 100101000100
3 100101000100
3 100101000100
3 100101000100
3 100101000100
3 100101000100
3 100101000100
3 100101000100
3 100101000100
3 100101000100
5 100101000100
5 100101000100
5 100101000100
5 100101000100
5 100101000100
5 100101000100

2 001001000010
2 001001000010
2 001001000010
2 001001000010
3 001001000010
3 001001000010
2 001001000010
2 001001000010
0 001001000010
0 001001000010
10 001001000010
10 001001000010
10 001001000010
10 001001000010
10 001001000010
10 001001000010

2 001000010010
2 001000010010
2 001000010010
2 001000010010
2 001000010010
2 001000010010
2 001000010010
2 001000010010
2 001000010010
2 001000010010
2 001000010010
2 001000010010
2 001000010010
2 001000010010
2 001000010010
2 001000010010

2 001001001010
2 001001001010
2 001001001010
2 001001001010
3 001001001010
3 001001001010
3 001001001010
5 001001001010
5 001001001010
5 001001001010
10 001001001010
10 001001001010
10 001001001010
10 001001001010
7 001001001010
7 001001001010

12 001001000010
12 001001000010
12 001001000010
12 001001000010
12 001001000010
12 001001000010
12 001001000010
12 001001000010
12 001001000010
12 001001000010
12 001001000010
12 001001000010
12 001001000010
12 001001000010
12 001001000010
12 001001000010

7 100100010000
7 100100010000
7 100100010000
7 100100010000
7 100100010000
7 100100010000
5 100100010000
7 100100010000
7 100100010000
7 100100010000
5 100100010000
7 100100010000
7 100100010000
7 100100010000
7 100100010000
7 100100010000

5 100101000100
5 100101000100
5 100101000100
5 100101000100
7 100101000100
7 100101000100
5 100101000100
5 100101000100
3 100101000100
0 100101000100
7 100101000100
7 100101000100
8 100101000100
8 100101000100
10 100101000100
10 100101000100

3 001001000010
3 001001000010
3 001001000010
3 001001000010
2 001001000010
2 001001000010
2 001001000010
2 001001000010
1 001001000010
1 001001000010
1 001001000010
1 001001000010
2 001001000010
2 001001000010
2 001001000010
2 001001000010

3 001001000010
3 001001000010
3 001001000010
3 001001000010
2 001001000010
2 001001000010
2 001001000010
2 001001000010
1 001001000010
1 001001000010
1 001001000010
1 001001000010
2 001001000010
2 001001000010
2 001001000010
2 001001000010

7 000100010010
7 000100010010
7 000100010010
7 000100010010
7 000100010010
7 000100010010
7 000100010010
7 000100010010
5 001001000010
5 001001000010
5 001001000010
5 001001000010
10 001001000010
10 001001000010
10 001001000010
10 001001000010

5 010010010010
5 010010010010
5 010010010010
5 010010010010
5 010010010010
5 010010010010
5 010010010010
5 010010010010
5 100101000100
5 100101000100
5 100101000100
5 100101000100
5 100101000100
5 100101000100
9 100101000100
9 100101000100

0 100101000100
0 100101000100
0 100101000100
0 100101000100
0 100101000100
0 100101000100
0 100101000100
0 100101000100
0 100101000100
0 100101000100
0 100101000100
0 100101000100
9 100101000100
9 100101000100
10 100101000100
10 100101000100

10 001001000010
10 001001000010
10 001001000010
10 001001000010
10 001001000010
10 001001000010
10 001001000010
10 001001000010
10 001001000010
10 001001000010
10 001001000010
10 001001000010
10 001001000010
10 001001000010
10 001001000010
10 001001000010

12 001001000010
12 001001000010
12 001001000010
12 001001000010
12 001001000010
12 001001000010
12 001001000010
12 001001000010
12 001001000010
12 001001000010
12 001001000010
12 001001000010
12 001001000010
12 001001000010
12 001001000010
12 001001000010

2 001001000010
2 001001000010
0 001001000010
2 001001000010
2 001001000010
2 001001000010
2 001001000010
2 001001000010
2 001001000010
2 001001000010
2 001001000010
2 001001000010
2 001001000010
2 001001000010
10 001001000010
10 001001000010

0 001000010010
0 001000010010
2 001000010010
2 001000010010
2 001000010010
2 001000010010
2 001000010010
2 001000010010
2 001000010010
2 001000010010
2 001000010010
2 001000010010
2 001000010010
2 001000010010
2 001000010010
2 001000010010

3 100100010000
5 100100010000
5 100100010000
3 100100010000
3 100100010000
2 100100010000
2 100100010000
0 100100010000
0 100100010000
0 100100010000
0 100100010000
0 100100010000
0 100100010000
0 100100010000
2 100100010000
2 100100010000

3 100100010000
5 100100010000
5 100100010000
3 100100010000
3 100100010000
2 100100010000
2 100100010000
0 100100010000
0 100001000100
0 100001000100
0 100001000100
0 100001000100
0 100001000100
0 100001000100
0 100001000100
0 100001000100

2 001001000010
2 001001000010
0 001001000010
2 001001000010
2 001001000010
2 001001000010
2 001001000010
2 001001000010
2 001001000010
2 001001000010
2 001001000010
2 001001000010
2 001001000010
2 001001000010
5 001001000010
5 001001000010

9 001000010010
9 001000010010
9 001000010010
7 001000010010
7 001000010010
7 001000010010
7 001000010010
7 001000010010
7 001000010010
7 001000010010
7 001000010010
7 001000010010
7 001000010010
7 001000010010
7 001000010010
7 001000010010

10 100100010000
10 100100010000
10 100100010000
10 100100010000
10 100100010000
10 100100010000
10 100100010000
10 100100010000
10 100100010000
10 100100010000
10 100100010000
7 100100010000
3 100100010000
2 100100010000
2 100100010000
2 100100010000

12 100001000100
0 100001000100
0 100001000100
0 100001000100
0 100001000100
0 100001000100
0 100001000100
0 100001000100
0 100001000100
0 100001000100
0 100001000100
0 100001000100
0 100001000100
0 100001000100
0 100001000100
0 100001000100

7 000100010010
7 000100010010
5 000100010010
7 000100010010
7 000100010010
7 000100010010
7 000100010010
7 000100010010
7 000100010010
7 000100010010
7 000100010010
7 000100010010
5 000100010010
5 000100010010
7 000100010010
8 000100010010

7 100100010000
7 100100010000
7 100100010000
7 100100010000
7 100100010000
7 100100010000
7 100100010000
7 100100010000
7 100100010000
7 100100010000
7 100100010000
7 100100010000
7 100100010000
7 100100010000
7 100100010000
7 100100010000

8 100001001000
8 100001001000
8 100001001000
7 100001001000
7 100001001000
7 100001001000
5 100001001000
5 100001001000
5 100001001000
5 100001001000
5 100001001000
5 100001001000
5 100001001000
5 100001001000
5 100001001000
10 100001001000

10 001001000010
10 001001000010
5 001001000010
5 001001000010
5 001001000010
5 001001000010
7 001001000010
7 001001000010
7 001001000010
7 001001000010
8 001001000010
8 001001000010
8 001001000010
8 001001000010
10 001001000010
10 001001000010

8 000100010010
7 000100010010
7 000100010010
7 000100010010
7 000100010010
7 000100010010
5 000100010010
7 000100010010
10 001001000010
10 001001000010
10 001001000010
10 001001000010
10 001001000010
10 001001000010
5 001001000010
7 001001000010

3 100100010000
3 100100010000
3 100100010000
3 100100010000
3 100100010000
3 100100010000
10 100100010000
10 100100010000
11 000100001001
1 000100001001
1 000100001001
11 000100001001
1 000100001001
1 000100001001
10 000100001001
10 000100001001

10 000100010010
10 000100010010
10 000100010010
10 000100010010
10 000100010010
10 000100010010
10 000100010010
10 000100010010
10 000100010010
10 000100010010
10 000100010010
10 000100010010
10 000100010010
10 000100010010
10 000100010010
10 000100010010

12 000100010010
12 000100010010
12 000100010010
12 000100010010
12 000100010010
12 000100010010
12 000100010010
12 000100010010
12 000100010010
12 000100010010
12 000100010010
12 000100010010
12 000100010010
12 000100010010
12 000100010010
12 000100010010

12 001001000010
12 001001000010
12 001001000010
12 001001000010
12 001001000010
12 001001000010
12 001001000010
12 001001000010
12 001001000010
12 001001000010
12 001001000010
12 001001000010
12 001001000010
12 001001000010
12 001001000010
12 001001000010

12 001001000010
12 001001000010
12 001001000010
12 001001000010
12 001001000010
12 001001000010
12 001001000010
12 001001000010
12 001001000010
12 001001000010
12 001001000010
12 001001000010
12 001001000010
12 001001000010
12 001001000010
12 001001000010

2 001001000010
2 001001000010
0 001001000010
2 001001000010
2 001001000010
2 001001000010
2 001001000010
2 001001000010
2 001001000010
2 001001000010
2 001001000010
2 001001000010
2 001001000010
2 001001000010
10 001001000010
10 001001000010

0 001000010010
0 001000010010
2 001000010010
2 001000010010
2 001000010010
2 001000010010
2 001000010010
2 001000010010
2 001000010010
2 001000010010
2 001000010010
2 001000010010
2 001000010010
2 001000010010
2 001000010010
2 001000010010

3 100100010000
5 100100010000
5 100100010000
3 100100010000
3 100100010000
2 100100010000
2 100100010000
0 100100010000
0 100100010000
0 100100010000
0 100100010000
0 100100010000
0 100100010000
2 100100010000
2 100100010000
2 100100010000

3 100100010000
5 100100010000
3 100100010000
3 100100010000
2 100100010000
2 100100010000
2 100100010000
0 100100010000
0 100001000100
0 100001000100
0 100001000100
0 100001000100
0 100001000100
0 100001000100
0 100001000100
0 100001000100

2 001001000010
2 001001000010
0 001001000010
2 001001000010
2 001001000010
2 001001000010
0 001001000010
10 001001000010
0 001001000010
2 001001000010
2 001001000010
2 001001000010
2 001001000010
2 001001000010
5 001001000010
5 001001000010

9 001000010010
9 001000010010
9 001000010010
7 001000010010
7 001000010010
7 001000010010
7 001000010010
7 001000010010
7 001000010010
7 001000010010
7 001000010010
7 001000010010
7 001000010010
7 001000010010
5 001000010010
7 001000010010

10 100100010000
10 100100010000
10 100100010000
10 100100010000
10 100100010000
10 100100010000
10 100100010000
10 100100010000
10 100100010000
10 100100010000
10 100100010000
7 100100010000
3 100100010000
2 100100010000
2 100100010000
2 100100010000

12 100001000100
0 100001000100
0 100001000100
0 100001000100
0 100001000100
0 100001000100
0 100001000100
0 100001000100
0 100001000100
0 100001000100
0 100001000100
0 100001000100
0 100001000100
0 100001000100
0 100001000100
0 100001000100

7 000100010010
5 000100010010
7 000100010010
7 000100010010
7 000100010010
7 000100010010
7 000100010010
7 000100010010
7 000100010010
7 000100010010
7 000100010010
7 000100010010
5 000100010010
5 000100010010
7 000100010010
8 000100010010

7 100100010000
7 100100010000
7 100100010000
7 100100010000
7 100100010000
7 100100010000
7 100100010000
7 100100010000
7 100100010000
7 100100010000
7 100100010000
7 100100010000
7 100100010000
7 100100010000
7 100100010000
7 100100010000

8 100001001000
8 100001001000
8 100001001000
7 100001001000
7 100001001000
5 100001001000
5 100001001000
5 100001001000
5 100001001000
5 100001001000
5 100001001000
5 100001001000
5 100001001000
5 100001001000
5 100001001000
10 100001001000

10 001001000010
10 001001000010
5 001001000010
5 001001000010
5 001001000010
5 001001000010
7 001001000010
7 001001000010
7 001001000010
8 001001000010
8 001001000010
8 001001000010
8 001001000010
8 001001000010
10 001001000010
8 001001000010

12 000100010010
7 000100010010
7 000100010010
7 000100010010
7 000100010010
7 000100010010
7 000100010010
7 000100010010
7 001001000010
7 001001000010
7 001001000010
7 001001000010
7 001001000010
7 001001000010
7 001001000010
7 001001000010

12 100100010000
12 100100010000
12 100100010000
12 100100010000
12 100100010000
12 100100010000
12 100100010000
12 100100010000
12 100100010000
12 100100010000
12 100100010000
12 100100010000
12 100100010000
12 100100010000
12 100100010000
12 100100010000

12 100001001000
12 100001001000
12 100001001000
12 100001001000
12 100001001000
12 100001001000
12 100001001000
12 100001001000
12 100001001000
12 100001001000
12 100001001000
12 100001001000
12 100001001000
12 100001001000
12 100001001000
12 100001001000

12 001001000010
12 001001000010
12 001001000010
12 001001000010
12 001001000010
12 001001000010
12 001001000010
12 001001000010
12 001001000010
12 001001000010
12 001001000010
12 001001000010
12 001001000010
12 001001000010
12 001001000010
12 001001000010

12 000100010010
12 000100010010
12 000100010010
12 000100010010
12 000100010010
12 000100010010
12 000100010010
12 000100010010
12 001001000010
12 001001000010
12 001001000010
12 001001000010
12 001001000010
12 001001000010
12 001001000010
12 001001000010

12 100100010000
12 100100010000
12 100100010000
12 100100010000
12 100100010000
12 100100010000
12 100100010000
12 100100010000
12 100100010000
12 100100010000
12 100100010000
12 100100010000
12 100100010000
12 100100010000
12 100100010000
12 100100010000

12 100001001000
12 100001001000
12 100001001000
12 100001001000
12 100001001000
12 100001001000
12 100001001000
12 100001001000
12 100001001000
12 100001001000
12 100001001000
12 100001001000
12 100001001000
12 100001001000
12 100001001000
12 100001001000

12 010001001000
12 010001001000
12 010001001000
12 010001001000
12 010001001000
12 010001001000
12 010001001000
12 010001001000
12 010001001000
12 010001001000
12 010001001000
12 010001001000
12 010001001000
12 010001001000
12 010001001000
12 010001001000

12 010010000100
12 010010000100
12 010010000100
12 010010000100
12 010010000100
12 010010000100
12 010010000100
12 010010000100
12 010010000100
12 010010000100
12 010010000100
12 010010000100
12 010010000100
12 010010000100
12 010010000100
12 010010000100

12 010010000100
12 010010000100
12 010010000100
12 010010000100
12 010010000100
12 010010000100
12 010010000100
12 010010000100
12 010010000100
12 010010000100
12 010010000100
12 010010000100
12 010010000100
12 010010000100
12 010010000100
12 010010000100

2 010010000100
2 010010000100
2 010010000100
2 010010000100
1 010010000100
1 010010000100
1 010010000100
1 010010000100
0 010010000100
0 010010000100
0 010010000100
0 010010000100
1 010010000100
1 010010000100
1 010010000100
1 010010000100

2 010010000100
2 010010000100
2 010010000100
2 010010000100
1 010010000100
1 010010000100
1 010010000100
1 010010000100
0 010010000100
0 010010000100
0 010010000100
0 010010000100
4 010010000100
4 010010000100
4 010010000100
4 010010000100

9 010010000100
9 010010000100
9 010010000100
9 010010000100
4 010010000100
4 010010000100
4 010010000100
4 010010000100
9 010010000100
9 010010000100
9 010010000100
9 010010000100
4 010010000100
4 010010000100
4 010010000100
4 010010000100

3 010010000100
3 010010000100
3 010010000100
3 010010000100
4 010010000100
4 010010000100
4 010010000100
4 010010000100
6 010010000100
6 010010000100
6 010010000100
6 010010000100
4 010010000100
4 010010000100
4 010010000100
4 010010000100

5 010001001000
5 010001001000
5 010001001000
5 010001001000
5 010001001000
5 010001001000
5 010001001000
5 010001001000
6 100100101000
6 100100101000
6 100100101000
6 100100101000
6 100100101000
6 100100101000
6 100100101000
6 100100101000

6 100010010000
6 100010010000
6 100010010000
6 100010010000
6 100010010000
6 100010010000
6 100010010000
6 100010010000
8 000010001001
8 000010001001
8 000010001001
8 000010001001
8 000010001001
8 000010001001
8 000010001001
8 000010001001

9 010010000100
9 010010000100
9 010010000100
9 010010000100
4 010010000100
4 010010000100
4 010010000100
4 010010000100
4 010010000100
4 010010000100
4 010010000100
4 010010000100
9 010010000100
9 010010000100
9 010010000100
9 010010000100

10 010010000100
10 010010000100
9 010010000100
9 010010000100
4 010010000100
4 010010000100
4 010010000100
4 010010000100
4 010010000100
4 010010000100
4 010010000100
4 010010000100
9 010010000100
9 010010000100
9 010010000100
9 010010000100

10 010010000100
10 010010000100
9 010010000100
9 010010000100
4 010010000100
4 010010000100
4 010010000100
4 010010000100
4 010010000100
4 010010000100
4 010010000100
4 010010000100
2 010010000100
2 010010000100
11 010010000100
11 010010000100

11 000010001001
11 000010001001
11 000010001001
11 000010001001
10 000010001001
10 000010001001
10 000010001001
10 000010001001
10 000010001001
10 000010001001
10 000010001001
10 000010001001
10 000010001001
10 000010001001
10 000010001001
10 000010001001

10 100100010010
10 100100010010
7 100100010010
7 100100010010
7 100100010010
7 100100010010
3 100100010010
3 100100010010
3 100100010010
3 100100010010
0 100100010010
0 100100010010
10 100100010010
10 100100010010
10 100100010010
10 100100010010

11 001001000010
11 001001000010
11 001001000010
11 001001000010
10 001001000010
10 001001000010
10 001001000010
10 001001000010
10 001001000010
10 001001000010
10 001001000010
10 001001000010
10 001001000010
10 001001000010
10 001001000010
10 001001000010

11 001001000010
11 001001000010
11 001001000010
11 001001000010
10 001001000010
10 001001000010
10 001001000010
10 001001000010
10 001001000010
10 001001000010
10 001001000010
10 001001000010
10 001001000010
10 001001000010
10 001001000010
10 001001000010

3 000100010010
3 000100010010
3 000100010010
3 000100010010
3 000100010010
3 000100010010
3 000100010010
3 000100010010
3 000100010010
3 000100010010
3 000100010010
3 000100010010
3 000100010010
3 000100010010
3 000100010010
3 000100010010

3 000100010010
3 000100010010
3 000100010010
3 000100010010
3 000100010010
3 000100010010
3 000100010010
3 000100010010
3 000100010010
3 000100010010
3 000100010010
3 000100010010
3 000100010010
3 000100010010
3 000100010010
3 000100010010

0 100100001000
0 100100001000
0 100100001000
0 100100001000
0 100100001000
0 100100001000
3 100100001000
3 100100001000
10 000100010010
10 000100010010
10 000100010010
10 000100010010
10 000100010010
10 000100010010
10 000100010010
10 000100010010

10 100001000100
10 100001000100
10 100001000100
10 100001000100
10 100001000100
10 100001000100
10 100001000100
10 100001000100
10 001001000010
10 001001000010
10 001001000010
10 001001000010
10 001001000010
10 001001000010
10 001001000010
10 001001000010

12 001001000010
12 001001000010
12 001001000010
12 001001000010
12 001001000010
12 001001000010
12 001001000010
12 001001000010
12 001001000010
12 001001000010
12 001001000010
12 001001000010
12 001001000010
12 001001000010
12 001001000010
12 001001000010

11 001001000010
11 001001000010
11 001001000010
11 001001000010
10 001001000010
10 001001000010
10 001001000010
10 001001000010
10 001001000010
10 001001000010
10 001001000010
10 001001000010
10 001001000010
10 001001000010
10 001001000010
10 001001000010

11 001001000010
11 001001000010
11 001001000010
11 001001000010
10 001001000010
10 001001000010
10 001001000010
10 001001000010
10 001001000010
10 001001000010
10 001001000010
10 001001000010
10 001001000010
10 001001000010
10 001001000010
10 001001000010

3 000100010010
3 000100010010
3 000100010010
3 000100010010
10 000100010010
10 000100010010
10 000100010010
10 000100010010
3 000100010010
3 000100010010
3 000100010010
3 000100010010
3 000100010010
3 000100010010
5 000100010010
5 000100010010

5 001001000010
5 001001000010
7 001001000010
7 001001000010
8 001001000010
8 001001000010
7 001001000010
7 001001000010
5 001001000010
5 001001000010
3 001001000010
3 001001000010
3 000100010010
3 000100010010
3 000100010010
3 000100010010

12 000100010010
12 000100010010
12 000100010010
12 000100010010
10 001001000010
10 001001000010
10 001001000010
10 001001000010
3 001001000010
3 001001000010
3 001001000010
3 001001000010
10 001001000010
10 001001000010
5 001001000010
5 001001000010

5 001001000010
5 001001000010
7 001001000010
7 001001000010
8 001001000010
8 001001000010
7 001001000010
7 001001000010
5 000100010010
5 000100010010
3 000100010010
3 000100010010
3 000100010010
3 000100010010
3 000100010010
3 000100010010

12 000100010010
12 000100010010
12 000100010010
12 000100010010
10 001001000010
10 001001000010
10 001001000010
10 001001000010
3 001001000010
3 001001000010
3 001001000010
3 001001000010
10 001001000010
10 001001000010
5 001001000010
5 001001000010

5 001001000010
5 001001000010
7 001001000010
7 001001000010
8 001001000010
8 001001000010
7 001001000010
7 001001000010
5 000100010010
5 000100010010
3 000100010010
3 000100010010
3 000100010010
3 000100010010
3 000100010010
3 000100010010

5 001001000010
5 001001000010
7 001001000010
7 001001000010
8 001001000010
8 001001000010
7 001001000010
7 001001000010
5 000100010010
5 000100010010
3 000100010010
3 000100010010
3 000100010010
3 000100010010
3 000100010010
3 000100010010

5 001001000010
5 001001000010
7 001001000010
7 001001000010
8 001001000010
8 001001000010
7 001001000010
7 001001000010
10 001001000010
10 001001000010
10 001001000010
10 001001000010
3 001001000010
3 001001000010
3 001001000010
3 001001000010

1 010000100010
1 010000100010
10 010000100010
10 010000100010
10 010000100010
10 010000100010
6 010000100010
6 010000100010
6 010000100010
6 010000100010
4 010000100010
4 010000100010
1 010000100010
1 010000100010
1 010000100010
1 010000100010

3 001000100001
3 001000100001
3 001000100001
3 001000100001
5 010010000100
5 010010000100
5 010010000100
5 010010000100
6 001000100100
6 001000100100
6 001000100100
6 001000100100
8 010000100010
8 010000100010
8 010000100010
8 010000100010

10 000100100001
10 000100100001
10 000100100001
10 000100100001
2 001001000010
2 001001000010
2 001001000010
2 001001000010
3 000100010010
3 000100010010
10 000100010010
10 000100010010
10 000100010010
10 000100010010
10 000100010010
10 000100010010

0 000100010010
0 000100010010
10 000100010010
10 000100010010
10 000100010010
10 000100010010
10 000100010010
10 000100010010
0 000100010010
0 000100010010
10 000100010010
10 000100010010
7 000100010010
7 000100010010
7 000100010010
7 000100010010

8 000100010010
8 000100010010
7 000100010010
7 000100010010
5 000100010010
5 000100010010
3 000100010010
3 000100010010
5 001001000010
5 001001000010
5 001001000010
5 001001000010
10 001001000010
10 001001000010
10 001001000010
10 001001000010

3 000100010010
3 000100010010
3 000100010010
3 000100010010
3 000100010010
3 000100010010
3 000100010010
3 000100010010
3 100100001000
3 100100001000
3 100100001000
3 100100001000
3 100100001000
3 100100001000
3 100100001000
3 100100001000

2 101000100100
2 101000100100
2 101000100100
2 101000100100
2 101000100100
2 101000100100
2 101000100100
2 101000100100
7 001000010010
7 001000010010
7 001000010010
7 001000010010
7 001000010010
7 001000010010
7 001000010010
7 001000010010

8 001001000010
8 001001000010
8 001001000010
8 001001000010
8 001001000010
8 001001000010
7 001001000010
7 001001000010
5 001001000010
5 001001000010
5 001001000010
5 001001000010
7 001001000010
7 001001000010
7 001001000010
7 001001000010

0 001001000010
0 001001000010
0 001001000010
0 001001000010
0 001001000010
0 001001000010
10 001001000010
10 001001000010
8 001001000010
8 001001000010
8 001001000010
8 001001000010
7 001001000010
7 001001000010
7 001001000010
7 001001000010

10 001001000010
10 001001000010
10 001001000010
10 001001000010
10 001001000010
10 001001000010
10 001001000010
10 001001000010
10 001001000010
10 001001000010
10 001001000010
10 001001000010
10 001001000010
10 001001000010
10 001001000010
10 001001000010

12 001001000010
12 001001000010
12 001001000010
12 001001000010
12 001001000010
12 001001000010
12 001001000010
12 001001000010
12 001001000010
12 001001000010
12 001001000010
12 001001000010
12 001001000010
12 001001000010
12 001001000010
12 001001000010

12 000100010010
12 000100010010
12 000100010010
12 000100010010
12 000100010010
12 000100010010
12 000100010010
12 000100010010
12 000100010010
12 000100010010
12 000100010010
12 000100010010
12 000100010010
12 000100010010
12 000100010010
12 000100010010

12 000100010010
12 000100010010
12 000100010010
12 000100010010
12 000100010010
12 000100010010
12 000100010010
12 000100010010
12 000100010010
12 000100010010
12 000100010010
12 000100010010
12 000100010010
12 000100010010
12 000100010010
12 000100010010

12 000100010010
12 000100010010
12 000100010010
12 000100010010
12 000100010010
12 000100010010
12 000100010010
12 000100010010
12 000100010010
12 000100010010
12 000100010010
12 000100010010
12 000100010010
12 000100010010
12 000100010010
12 000100010010

12 100001000100
12 100001000100
12 100001000100
12 100001000100
12 100001000100
12 100001000100
12 100001000100
12 100001000100
12 100001000100
12 100001000100
12 100001000100
12 000100010010
12 000100010010
12 000100010010
12 000100010010
12 000100010010

12 001001000010
12 001001000010
12 001001000010
8 001001000010
8 001001000010
8 001001000010
8 001001000010
8 001001000010
7 001001000010
7 001001000010
7 001001000010
7 100001000100
7 100001000100
7 100001000100
7 100001000100
7 100001000100

5 001001000010
5 001001000010
5 001001000010
5 001001000010
5 001001000010
5 001001000010
5 001001000010
5 001001000010
3 001001000010
3 001001000010
3 001001000010
3 001001000010
3 001001000010
3 001001000010
3 001001000010
3 001001000010

2 001001000010
2 001001000010
2 001001000010
3 001001000010
5 001001000010
5 001001000010
5 001001000010
5 001001000010
5 001001000010
5 001001000010
5 001001000010
5 001001000010
5 001001000010
5 001001000010
5 001001000010
5 001001000010

12 010001001000
12 010001001000
12 010001001000
12 010001001000
12 010001001000
12 010001001000
12 010001001000
12 010001001000
12 010001001000
12 010001001000
12 010001001000
12 010001001000
12 010001001000
12 010001001000
12 010001001000
12 010001001000

12 001001000010
12 001001000010
12 001001000010
8 001001000010
8 001001000010
8 001001000010
8 001001000010
8 001001000010
7 001001000010
7 001001000010
7 001001000010
7 001001000010
7 001001000010
7 001001000010
7 001001000010
7 001001000010

5 001001000010
5 001001000010
5 001001000010
5 001001000010
5 001001000010
5 001001000010
5 001001000010
5 001001000010
3 000100010010
3 000100010010
3 000100010010
3 000100010010
3 000100010010
3 000100010010
3 000100010010
3 000100010010

8 100100001000
8 100100001000
8 100100001000
10 100100001000
0 100100001000
0 100100001000
0 100100001000
0 100100001000
0 100100001000
0 100100001000
0 100100001000
8 100100001000
8 100100001000
8 100100001000
8 100100001000
8 100100001000

7 100001001000
7 100001001000
7 100001001000
8 100001001000
8 100001001000
8 100001001000
8 100001001000
8 100001001000
8 100001001000
8 100001001000
8 100001001000
8 100001001000
8 100001001000
8 100001001000
8 100001001000
8 100001001000

7 001001000010
7 001001000010
7 001001000010
5 001001000010
5 001001000010
5 001001000010
5 001001000010
5 001001000010
5 001001000010
5 001001000010
5 001001000010
7 001001000010
7 001001000010
7 001001000010
7 001001000010
7 001001000010

12 100001001000
12 100001001000
12 100001001000
8 100001001000
8 100001001000
8 100001001000
8 100001001000
8 100001001000
8 100001001000
8 100001001000
8 100001001000
8 100001001000
8 100001001000
8 100001001000
7 100001001000
7 100001001000

7 001001000010
7 001001000010
7 001001000010
5 001001000010
5 001001000010
5 001001000010
5 001001000010
5 001001000010
5 001001000010
5 001001000010
5 001001000010
7 001001000010
7 001001000010
7 001001000010
7 001001000010
7 001001000010

3 100001001000
3 100001001000
3 100001001000
3 100001001000
3 100001001000
3 100001001000
3 100001001000
5 100001001000
5 001001000010
5 001001000010
5 001001000010
5 001001000010
5 001001000010
5 001001000010
5 001001000010
5 001001000010

3 100001001000
3 100001001000
3 100001001000
3 100001001000
3 100001001000
3 100001001000
3 100001001000
3 100001001000
5 001001000010
5 001001000010
5 001001000010
3 001001000010
3 001001000010
3 001001000010
2 001001000010
2 001001000010

3 000100010010
3 000100010010
3 000100010010
10 000100010010
10 000100010010
10 000100010010
10 000100010010
10 000100010010
10 000100010010
10 000100010010
10 000100010010
10 000100010010
10 000100010010
10 000100010010
10 000100010010
10 000100010010

12 000100010010
12 000100010010
12 000100010010
12 000100010010
12 000100010010
12 000100010010
12 000100010010
12 000100010010
12 000100010010
12 000100010010
12 000100010010
12 000100010010
12 000100010010
12 000100010010
12 000100010010
12 000100010010

12 000100010010
12 000100010010
12 000100010010
12 000100010010
12 000100010010
12 000100010010
12 000100010010
12 000100010010
12 000100010010
12 000100010010
12 000100010010
12 000100010010
12 000100010010
12 000100010010
12 000100010010
12 000100010010

12 100001000100
12 100001000100
12 100001000100
12 100001000100
12 100001000100
12 100001000100
12 100001000100
12 100001000100
12 100001000100
12 100001000100
12 100001000100
12 100001000100
12 100001000100
12 100001000100
12 100001000100
12 100001000100

12 010000100010
12 010000100010
12 010000100010
12 010000100010
12 010000100010
12 010000100010
12 010000100010
12 010000100010
12 010000100010
12 010000100010
12 010000100010
12 010000100010
12 010000100010
12 010000100010
12 010000100010
12 010000100010

12 000100100001
12 000100100001
12 000100100001
12 000100100001
12 000100100001
12 000100100001
12 000100100001
12 000100100001
12 000100100001
12 000100100001
12 000100100001
12 000100100001
12 000100100001
12 000100100001
12 000100100001
12 000100100001

12 100100001000
12 100100001000
12 100100001000
12 100100001000
12 100100001000
12 100100001000
12 100100001000
12 100100001000
12 100100001000
12 100100001000
12 100100001000
12 100100001000
12 100100001000
12 100100001000
12 100100001000
12 100100001000

12 001001000010
12 001001000010
12 001001000010
12 001001000010
12 001001000010
12 001001000010
12 001001000010
12 001001000010
12 001001000010
12 001001000010
12 001001000010
12 001001000010
12 001001000010
12 001001000010
12 001001000010
12 001001000010

12 001001000010
12 001001000010
12 001001000010
12 001001000010
12 001001000010
12 001001000010
12 001001000010
12 001001000010
12 001001000010
12 001001000010
12 001001000010
12 001001000010
12 001001000010
12 001001000010
12 001001000010
12 001001000010

12 001001000010
12 001001000010
12 001001000010
12 001001000010
12 001001000010
12 001001000010
12 001001000010
12 001001000010
12 001001000010
12 001001000010
12 001001000010
12 001001000010
12 001001000010
12 001001000010
12 001001000010
12 001001000010

7 000100010010
7 000100010010
7 000100010010
7 000100010010
7 000100010010
7 000100010010
7 000100010010
7 000100010010
5 001001000010
5 001001000010
5 001001000010
5 001001000010
5 001001000010
5 001001000010
5 001001000010
5 001001000010

3 100100010000
3 100100010000
3 100100010000
3 100100010000
3 100100010000
3 100100010000
3 100100010000
3 100100010000
2 001000010001
2 001000010001
2 001000010001
2 001000010001
3 100100010000
3 100100010000
3 100100010000
3 100100010000

2 001000010001
2 001000010001
2 001000010001
2 001000010001
3 100100010000
3 100100010000
3 100100010000
3 100100010000
3 001001000010
3 001001000010
3 001001000010
3 001001000010
3 000100010010
3 000100010010
3 000100010010
3 000100010010

12 001000100100
12 001000100100
12 001000100100
12 001000100100
12 001000100100
12 001000100100
12 001000100100
12 001000100100
12 001000010010
12 001000010010
12 001000010010
12 001000010010
12 001000010010
12 001000010010
12 001000010010
12 001000010010

12 100100001000
12 100100001000
12 100100001000
12 100100001000
12 100100001000
12 100100001000
12 100100001000
12 100100001000
12 000100010010
12 000100010010
12 000100010010
12 000100010010
12 000100010010
12 000100010010
12 000100010010
12 000100010010

8 100100010000
8 100100010000
7 100100010000
7 100100010000
3 100100010000
7 100100010000
7 100100010000
10 100100010000
10 001000010010
10 001000010010
10 001000010010
10 001000010010
10 001000010010
10 001000010010
10 001000010010
10 001000010010

7 100100010000
5 100100010000
5 100100010000
3 100100010000
3 100100010000
2 100100010000
2 100100010000
2 100100010000
10 001000010010
10 001000010010
10 001000010010
10 001000010010
10 001000010010
10 001000010010
10 001000010010
10 001000010010

7 100100010000
7 100100010000
3 100100010000
3 100100010000
5 100100010000
7 100100010000
7 100100010000
3 100100010000
3 000100001001
11 000100001001
11 000100001001
11 000100001001
11 000100001001
11 000100001001
11 000100001001
11 000100001001

7 001001000010
7 001001000010
5 001001000010
5 001001000010
5 001001000010
3 001001000010
3 001001000010
3 001001000010
3 001001000010
0 001001000010
0 001001000010
0 001001000010
0 001001000010
0 001001000010
0 001001000010
2 001001000010

3 000100010010
3 000100010010
3 000100010010
3 000100010010
3 000100010010
3 000100010010
3 000100010010
3 000100010010
3 000100010010
3 000100010010
3 000100010010
3 000100010010
3 000100010010
3 000100010010
3 000100010010
3 000100010010

12 000100010010
12 000100010010
12 000100010010
12 000100010010
12 000100010010
12 000100010010
12 000100010010
12 000100010010
12 001001001001
12 001001001001
12 001001001001
12 001001001001
12 001001001001
12 001001001001
12 001001001001
12 001001001001

12 001001000010
12 001001000010
12 001001000010
12 001001000010
12 001001000010
12 001001000010
12 001001000010
12 001001000010
12 010001000010
12 010001000010
12 010001000010
12 010001000010
12 010001000010
12 010001000010
12 010001000010
12 010001000010

12 100010010000
12 100010010000
12 100010010000
12 100010010000
12 100010010000
12 100010010000
12 100010010000
12 100010010000
12 100010010000
12 100010010000
12 100010010000
12 100010010000
12 100010010000
12 100010010000
12 100010010000
12 100010010000

12 100010010000
12 100010010000
12 100010010000
12 100010010000
12 100010010000
12 100010010000
12 100010010000
12 100010010000
12 100001000100
12 100001000100
12 100001000100
12 100001000100
12 100001000100
12 100001000100
12 100001000100
12 100001000100

10 100001000100
10 100001000100
10 100001000100
10 100001000100
9 100001000100
9 100001000100
9 100001000100
9 100001000100
8 100001000100
8 100001000100
8 100001000100
8 100001000100
5 100001000100
5 100001000100
5 100001000100
5 100001000100

12 100001000100
12 100001000100
12 100001000100
12 100001000100
12 100001000100
12 100001000100
12 100001000100
12 100001000100
12 100001000100
12 100001000100
12 100001000100
12 100001000100
12 100001000100
12 100001000100
12 100001000100
12 100001000100

