12 000100010010
12 000100010010
12 000100010010
12 000100010010
12 000100010010
12 000100010010
12 000100010010
12 000100010010
12 001001000010
12 001001000010
12 001001000010
12 001001000010
12 001001000010
12 001001000010
12 001001000010
12 001001000010

12 100100001000
12 100100001000
12 100100001000
12 100100001000
12 100100001000
12 100100001000
12 100100001000
12 100100001000
12 100100001000
12 100100001000
12 100100001000
12 100100001000
12 100100100100
12 100100100100
12 100100100100
12 100100100100

12 000100010010
12 000100010010
12 000100010010
12 000100010010
12 000100010010
12 000100010010
12 000100010010
12 000100010010
12 010001010010
12 010001010010
12 010001010010
12 010001010010
12 100010010010
12 100010010010
12 100010010010
12 100010010010

12 100100001000
12 100100001000
12 100100001000
12 100100001000
12 100100001000
12 100100001000
12 100100001000
12 100100001000
12 000001001001
12 000001001001
12 000001001001
12 000001001001
12 000001001001
12 000001001001
12 000001001001
12 000001001001

12 000100010010
12 000100010010
12 000100010010
12 000100010010
12 000100010010
12 000100010010
12 000100010010
12 000100010010
12 000100010010
12 000100010010
12 000100010010
12 000100010010
12 000100010010
12 000100010010
12 000100010010
12 000100010010

12 100100001000
12 100100001000
12 100100001000
12 100100001000
12 100100001000
12 100100001000
12 100100001000
12 100100001000
12 100100001000
12 100100001000
12 100100001000
12 100100001000
12 100100001000
12 100100001000
12 100100001000
12 100100001000

12 000100010010
12 000100010010
12 000100010010
12 000100010010
12 000100010010
12 000100010010
12 000100010010
12 000100010010
12 000100010010
12 000100010010
12 000100010010
12 000100010010
12 000100010010
12 000100010010
12 000100010010
12 000100010010

12 100100001000
12 100100001000
12 100100001000
12 100100001000
12 100100001000
12 100100001000
12 100100001000
12 100100001000
12 100100001000
12 100100001000
12 100100001000
12 100100001000
8 100100001000
8 100100001000
8 100100001000
8 100100001000

12 000100010010
12 000100010010
12 000100010010
12 000100010010
7 000100010010
7 000100010010
5 000100010010
5 000100010010
3 000100010010
3 000100010010
3 000100010010
3 000100010010
3 000100010010
3 000100010010
3 000100010010
3 000100010010

12 100100001000
12 100100001000
12 100100001000
12 100100001000
12 100100001000
12 100100001000
12 100100001000
12 100100001000
12 100100001000
12 100100001000
12 100100001000
12 100100001000
8 100100001000
8 100100001000
10 100100001000
10 100100001000

12 000100010010
12 000100010010
12 000100010010
12 000100010010
5 000100010010
5 000100010010
7 000100010010
7 000100010010
7 000100010010
7 000100010010
7 000100010010
7 000100010010
7 000100010010
7 000100010010
7 000100010010
7 000100010010

12 100100001000
12 100100001000
12 100100001000
12 100100001000
0 100100001000
0 100100001000
0 100100001000
0 100100001000
1 010001001000
1 010001001000
1 010001001000
1 010001001000
0 100100001000
0 100100001000
0 100100001000
10 100100001000

12 000100010010
12 000100010010
12 000100010010
12 000100010010
12 000100010010
12 000100010010
12 000100010010
12 000100010010
12 000100010010
12 000100010010
12 000100010010
12 000100010010
3 000100010010
3 000100010010
0 000100010010
0 000100010010

12 100101001000
12 100101001000
12 100101001000
12 100101001000
12 100101001000
12 100101001000
12 100101001000
12 100101001000
12 100101001000
12 100101001000
12 100101001000
12 100101001000
0 100101001000
0 100101001000
0 100101001000
0 100101001000

10 000100010010
10 000100010010
7 000100010010
5 000100010010
3 000100010010
3 000100010010
3 000100010010
3 000100010010
3 100100001000
3 100100001000
3 100100001000
3 100100001000
3 100100001000
3 100100001000
3 100100001000
3 100100001000

3 000100010010
3 000100010010
3 000100010010
3 000100010010
3 000100010010
3 000100010010
3 000100010010
3 000100010010
3 100100001000
3 100100001000
3 100100001000
3 100100001000
3 100100001000
3 100100001000
3 100100001000
3 100100001000

12 000100010010
12 000100010010
12 000100010010
12 000100010010
7 000100010010
7 000100010010
7 000100010010
7 000100010010
5 000100010010
5 000100010010
5 000100010010
5 000100010010
3 000100010010
3 000100010010
3 000100010010
5 000100010010

12 001001001010
12 001001001010
12 001001001010
12 001001001010
12 001001001010
12 001001001010
12 001001001010
12 001001001010
12 001001001010
12 001001001010
12 001001001010
12 001001001010
12 001001001010
12 001001001010
10 001001001010
10 001001001010

12 001001001010
12 001001001010
12 001001001010
12 001001001010
12 001001001010
12 001001001010
10 001001001010
10 001001001010
10 001001001010
10 001001001010
7 001001001010
5 001001001010
5 001001001010
5 001001001010
3 001001001010
3 001001001010

3 000100010010
3 000100010010
3 000100010010
5 000100010010
7 000100010010
7 000100010010
7 000100010010
7 000100010010
7 000100010010
7 000100010010
7 000100010010
7 000100010010
7 000100010010
7 000100010010
7 000100010010
7 000100010010

12 010100010010
12 010100010010
12 010100010010
12 010100010010
10 010100010010
10 010100010010
10 010100010010
10 010100010010
5 010100010010
5 010100010010
7 010100010010
7 010100010010
5 010100010010
5 010100010010
5 010100010010
5 010100010010

3 100100001000
3 100100001000
3 100100001000
3 100100001000
3 100100001000
3 100100001000
3 100100001000
3 100100001000
5 100001000100
5 100001000100
5 100001000100
5 100001000100
5 100001000100
5 100001000100
5 100001000100
5 100001000100

12 001001000010
12 001001000010
12 001001000010
12 001001000010
12 001001000010
12 001001000010
12 001001000010
12 001001000010
5 000100010010
5 000100010010
7 000100010010
7 000100010010
5 001001000010
5 001001000010
5 001001000010
5 001001000010

3 100100001000
3 100100001000
3 100100001000
3 100100001000
3 100100001000
3 100100001000
3 100100001000
3 100100001000
2 100100001000
2 100100001000
2 100100001000
2 100100001000
0 100100100100
0 100100100100
0 100100100100
0 100100100100

0 000100010010
0 000100010010
0 000100010010
10 000100010010
10 000100010010
10 000100010010
10 000100010010
10 000100010010
7 100010010010
7 100010010010
7 100010010010
10 100010010010
10 100010010010
10 100010010010
10 100010010010
10 100010010010

12 100100001000
12 100100001000
12 100100001000
12 100100001000
0 100100001000
0 100100001000
3 100100001000
3 100100001000
5 001001001001
5 001001001001
5 001001001001
5 001001001001
7 001001001001
7 001001001001
7 001001001001
3 001001001001

12 100100010000
12 100100010000
12 100100010000
12 100100010000
12 100100010000
12 100100010000
12 100100010000
12 100100010000
7 000100010010
7 000100010010
7 000100010010
7 000100010010
5 001001000010
7 001001000010
5 001001000010
3 001001000010

12 100100001000
12 100100001000
3 100100001000
3 100100001000
3 100100001000
3 100100001000
3 100100001000
3 100100001000
2 100100001000
2 100100001000
2 100100001000
2 100100001000
0 100100100100
0 100100100100
0 100100100100
0 100100100100

0 000100010010
0 000100010010
0 000100010010
10 000100010010
10 000100010010
10 000100010010
10 000100010010
10 000100010010
7 100010010010
7 100010010010
7 100010010010
10 100010010010
10 100010010010
10 100010010010
10 100010010010
10 100010010010

12 100100001000
12 100100001000
12 100100001000
12 100100001000
0 100100001000
0 100100001000
3 100100001000
3 100100001000
5 001001001001
5 001001001001
5 001001001001
5 001001001001
7 001001001001
7 001001001001
7 001001001001
3 001001001001

12 000100010010
12 000100010010
12 000100010010
12 000100010010
12 000100010010
12 000100010010
12 000100010010
12 000100010010
12 000100010010
12 000100010010
12 000100010010
12 000100010010
12 000100010010
12 000100010010
12 000100010010
12 000100010010

12 100100001000
12 100100001000
12 100100001000
12 100100001000
12 100100001000
12 100100001000
12 100100001000
12 100100001000
12 100100001000
12 100100001000
12 100100001000
12 100100001000
12 100100001000
12 100100001000
12 100100001000
12 100100001000

12 000100010010
12 000100010010
12 000100010010
12 000100010010
12 000100010010
12 000100010010
12 000100010010
12 000100010010
12 000100010010
12 000100010010
12 000100010010
12 000100010010
12 000100010010
12 000100010010
12 000100010010
12 000100010010

12 100100001000
12 100100001000
12 100100001000
12 100100001000
12 100100001000
12 100100001000
12 100100001000
12 100100001000
12 100100001000
12 100100001000
12 100100001000
12 100100001000
12 100100001000
12 100100001000
12 100100001000
12 100100001000

12 000100010010
12 000100010010
12 000100010010
12 000100010010
12 000100010010
12 000100010010
12 000100010010
12 000100010010
12 000100010010
12 000100010010
12 000100010010
12 000100010010
12 000100010010
12 000100010010
12 000100010010
12 000100010010

12 100100001000
12 100100001000
12 100100001000
12 100100001000
12 100100001000
12 100100001000
12 100100001000
12 100100001000
12 100100001000
12 100100001000
12 100100001000
12 100100001000
12 100100001000
12 100100001000
8 100100001000
8 100100001000

12 000100010010
12 000100010010
7 000100010010
7 000100010010
7 000100010010
7 000100010010
7 000100010010
5 000100010010
3 000100010010
3 000100010010
3 000100010010
3 000100010010
3 000100010010
3 000100010010
3 000100010010
3 000100010010

12 100100001000
12 100100001000
12 100100001000
12 100100001000
12 100100001000
12 100100001000
12 100100001000
12 100100001000
12 100100001000
12 100100001000
12 100100001000
8 100100001000
8 100100001000
8 100100001000
10 100100001000
10 100100001000

7 000100010010
7 000100010010
7 000100010010
7 000100010010
7 000100010010
7 000100010010
7 000100010010
7 000100010010
7 000100010010
7 000100010010
7 000100010010
7 000100010010
7 000100010010
7 000100010010
7 000100010010
7 000100010010

12 100100001000
12 100100001000
12 100100001000
12 100100001000
0 100100001000
0 100100001000
0 100100001000
0 100100001000
1 010001001000
1 010001001000
1 010001001000
1 010001001000
0 100100001000
0 100100001000
0 100100001000
10 100100001000

12 000100010010
12 000100010010
12 000100010010
12 000100010010
12 000100010010
12 000100010010
12 000100010010
12 000100010010
12 000100010010
12 000100010010
12 000100010010
12 000100010010
3 000100010010
3 000100010010
3 000100010010
10 000100010010

0 100101001000
0 100101001000
0 100101001000
0 100101001000
0 100101001000
0 100101001000
0 100101001000
0 100101001000
0 100101001000
0 100101001000
0 100101001000
0 100101001000
8 100101001000
10 100101001000
10 100101001000
10 100101001000

0 000100010010
0 000100010010
10 000100010010
10 000100010010
7 000100010010
5 000100010010
5 000100010010
3 000100010010
3 100100001000
3 100100001000
3 100100001000
3 100100001000
3 100100001000
3 100100001000
3 100100001000
0 100100001000

3 000100010010
3 000100010010
3 000100010010
3 000100010010
3 000100010010
3 000100010010
3 000100010010
3 000100010010
3 100100001000
3 100100001000
3 100100001000
3 100100001000
3 100100001000
3 100100001000
3 100100001000
3 100100001000

12 000100010010
12 000100010010
12 000100010010
12 000100010010
7 000100010010
7 000100010010
7 000100010010
7 000100010010
5 000100010010
5 000100010010
5 000100010010
5 000100010010
3 000100010010
3 000100010010
3 000100010010
3 000100010010

5 001001001010
5 001001001010
5 001001001010
5 001001001010
5 001001001010
5 001001001010
5 001001001010
5 001001001010
5 001001001010
5 001001001010
5 001001001010
5 001001001010
5 001001001010
5 001001001010
10 001001001010
10 001001001010

12 001001001010
12 001001001010
12 001001001010
12 001001001010
12 001001001010
12 001001001010
10 001001001010
10 001001001010
7 001001001010
7 001001001010
5 001001001010
5 001001001010
3 001001001010
3 001001001010
5 001001001010
7 001001001010

12 000100010010
12 000100010010
12 000100010010
12 000100010010
12 000100010010
12 000100010010
12 000100010010
12 000100010010
12 000100010010
12 000100010010
12 000100010010
12 000100010010
12 000100010010
12 000100010010
12 000100010010
12 000100010010

12 010100010010
12 010100010010
12 010100010010
12 010100010010
10 010100010010
10 010100010010
10 010100010010
10 010100010010
5 010100010010
5 010100010010
7 010100010010
7 010100010010
5 010100010010
5 010100010010
5 010100010010
5 010100010010

3 100100001000
3 100100001000
3 100100001000
3 100100001000
3 100100001000
3 100100001000
3 100100001000
3 100100001000
5 100001000100
5 100001000100
5 100001000100
5 100001000100
5 100001000100
5 100001000100
5 100001000100
5 100001000100

12 001001000010
12 001001000010
12 001001000010
12 001001000010
12 001001000010
12 001001000010
12 001001000010
12 001001000010
7 000100010010
7 000100010010
7 000100010010
7 000100010010
5 001001000010
5 001001000010
5 001001000010
5 001001000010

3 100100001000
3 100100001000
3 100100001000
3 100100001000
3 100100001000
3 100100001000
3 100100001000
3 100100001000
2 100100001000
2 100100001000
2 100100001000
2 100100001000
0 100100100100
0 100100100100
0 100100100100
0 100100100100

0 000100010010
0 000100010010
0 000100010010
10 000100010010
10 000100010010
10 000100010010
10 000100010010
10 000100010010
7 100010010010
7 100010010010
7 100010010010
10 100010010010
10 100010010010
10 100010010010
10 100010010010
10 100010010010

12 100100001000
12 100100001000
12 100100001000
12 100100001000
0 100100001000
0 100100001000
3 100100001000
3 100100001000
5 001001001001
5 001001001001
5 001001001001
5 001001001001
7 001001001001
7 001001001001
7 001001001001
3 001001001001

12 100100010000
12 100100010000
12 100100010000
12 100100010000
12 100100010000
12 100100010000
12 100100010000
12 100100010000
7 000100010010
7 000100010010
7 000100010010
7 000100010010
5 001001000010
7 001001000010
5 001001000010
3 001001000010

12 100100001000
12 100100001000
3 100100001000
3 100100001000
3 100100001000
3 100100001000
3 100100001000
3 100100001000
2 100100001000
2 100100001000
2 100100001000
2 100100001000
0 100100100100
0 100100100100
0 100100100100
0 100100100100

0 000100010010
0 000100010010
0 000100010010
10 000100010010
10 000100010010
10 000100010010
10 000100010010
10 000100010010
0 100010010010
0 100010010010
0 100010010010
3 100010010010
3 100010010010
3 100010010010
3 100010010010
3 100010010010

12 100100001000
12 100100001000
12 100100001000
12 100100001000
3 100100001000
3 100100001000
5 100100001000
5 100100001000
3 001001010001
3 001001010001
3 001001010001
3 001001010001
2 001001010001
2 001001010001
2 001001010001
2 001001010001

3 100100010000
3 100100010000
3 100100010000
3 100100010000
3 100100010000
3 100100010000
3 100100010000
3 100100010000
3 100100010000
3 100100010000
3 100100010000
3 100100010000
3 100100010000
3 100100010000
3 100100010000
3 100100010000

12 100101000100
12 100101000100
12 100101000100
12 100101000100
12 100101000100
12 100101000100
12 100101000100
12 100101000100
12 100101000100
12 100101000100
12 100101000100
12 100101000100
12 100101000100
12 100101000100
12 100101000100
12 100101000100

12 000100010010
12 000100010010
12 000100010010
12 000100010010
12 000100010010
12 000100010010
12 000100010010
12 000100010010
12 001001000010
12 001001000010
12 001001000010
12 001001000010
12 001001000010
12 001001000010
12 001001000010
12 001001000010

12 100100001000
12 100100001000
12 100100001000
12 100100001000
12 100100001000
12 100100001000
12 100100001000
12 100100001000
12 100100010000
12 100100010000
12 100100010000
12 100100010000
12 100100010000
12 100100010000
12 100100010000
12 100100010000

12 100100001000
12 100100001000
12 100100001000
12 100100001000
12 100100001000
12 100100001000
12 100100001000
12 100100001000
12 000100001001
12 000100001001
12 000100001001
12 000100001001
12 000100001001
12 000100001001
12 000100001001
12 000100001001

12 000100010010
12 000100010010
12 000100010010
12 000100010010
12 000100010010
12 000100010010
12 000100010010
12 000100010010
12 000100010010
12 000100010010
12 000100010010
12 000100010010
12 000100010010
12 000100010010
12 000100010010
12 000100010010

12 100100001000
12 100100001000
12 100100001000
12 100100001000
12 100100001000
12 100100001000
12 100100001000
12 100100001000
12 100100001000
12 100100001000
12 100100001000
12 100100001000
12 100100001000
12 100100001000
12 100100001000
12 100100001000

12 000100010010
12 000100010010
12 000100010010
12 000100010010
12 000100010010
12 000100010010
12 000100010010
12 000100010010
12 000100010010
12 000100010010
12 000100010010
12 000100010010
12 000100010010
12 000100010010
12 000100010010
12 000100010010

12 100100001000
12 100100001000
12 100100001000
12 100100001000
12 100100001000
12 100100001000
12 100100001000
12 100100001000
12 100100001000
12 100100001000
12 100100001000
12 100100001000
12 100100001000
12 100100001000
12 100100001000
12 100100001000

12 000100010010
12 000100010010
12 000100010010
12 000100010010
12 000100010010
12 000100010010
12 000100010010
12 000100010010
12 000100010010
12 000100010010
12 000100010010
12 000100010010
12 000100010010
12 000100010010
12 000100010010
12 000100010010

12 100100001000
12 100100001000
12 100100001000
12 100100001000
12 100100001000
12 100100001000
12 100100001000
12 100100001000
12 100100001000
12 100100001000
12 100100001000
12 100100001000
8 100100001000
8 100100001000
8 100100001000
8 100100001000

12 000100010010
12 000100010010
7 000100010010
7 000100010010
7 000100010010
7 000100010010
5 000100010010
3 000100010010
3 000100010010
3 000100010010
3 000100010010
3 000100010010
3 000100010010
3 000100010010
3 000100010010
3 000100010010

12 100100001000
12 100100001000
12 100100001000
12 100100001000
12 100100001000
12 100100001000
12 100100001000
12 100100001000
12 100100001000
12 100100001000
12 100100001000
12 100100001000
8 100100001000
8 100100001000
8 100100001000
8 100100001000

10 000100010010
10 000100010010
10 000100010010
10 000100010010
7 000100010010
7 000100010010
7 000100010010
7 000100010010
7 000100010010
7 000100010010
7 000100010010
7 000100010010
7 000100010010
7 000100010010
7 000100010010
7 000100010010

12 100100001000
12 100100001000
12 100100001000
12 100100001000
0 100100001000
0 100100001000
0 100100001000
0 100100001000
1 010001001000
1 010001001000
1 010001001000
1 010001001000
0 100100001000
0 100100001000
0 100100001000
0 100100001000

10 000100010010
10 000100010010
10 000100010010
10 000100010010
10 000100010010
10 000100010010
10 000100010010
10 000100010010
10 000100010010
10 000100010010
10 000100010010
10 000100010010
3 000100010010
3 000100010010
3 000100010010
10 000100010010

0 100101001000
0 100101001000
0 100101001000
0 100101001000
0 100101001000
0 100101001000
0 100101001000
0 100101001000
0 100101001000
0 100101001000
0 100101001000
0 100101001000
0 100101001000
0 100101001000
0 100101001000
0 100101001000

10 000100010010
10 000100010010
10 000100010010
0 000100010010
10 000100010010
10 000100010010
10 000100010010
7 000100010010
5 100100001000
3 100100001000
3 100100001000
3 100100001000
3 100100001000
3 100100001000
3 100100001000
3 100100001000

12 000100010010
12 000100010010
12 000100010010
12 000100010010
12 000100010010
12 000100010010
12 000100010010
12 000100010010
12 100100001000
12 100100001000
12 100100001000
12 100100001000
12 100100001000
12 100100001000
12 100100001000
12 100100001000

12 000100010010
12 000100010010
12 000100010010
12 000100010010
7 000100010010
7 000100010010
7 000100010010
7 000100010010
5 000100010010
5 000100010010
5 000100010010
5 000100010010
3 000100010010
3 000100010010
3 000100010010
3 000100010010

5 001001001010
5 001001001010
5 001001001010
5 001001001010
5 001001001010
5 001001001010
5 001001001010
5 001001001010
5 001001001010
5 001001001010
5 001001001010
5 001001001010
5 001001001010
5 001001001010
10 001001001010
10 001001001010

12 001001001010
12 001001001010
12 001001001010
12 001001001010
12 001001001010
12 001001001010
12 001001001010
12 001001001010
12 001001001010
12 001001001010
10 001001001010
10 001001001010
10 001001001010
10 001001001010
10 001001001010
10 001001001010

10 000100010010
10 000100010010
10 000100010010
10 000100010010
8 000100010010
8 000100010010
7 000100010010
7 000100010010
7 000100010010
7 000100010010
7 000100010010
7 000100010010
7 000100010010
7 000100010010
7 000100010010
7 000100010010

12 010100010010
12 010100010010
12 010100010010
12 010100010010
10 010100010010
10 010100010010
10 010100010010
10 010100010010
5 010100010010
7 010100010010
7 010100010010
7 010100010010
5 010100010010
5 010100010010
5 010100010010
5 010100010010

3 100100001000
3 100100001000
3 100100001000
3 100100001000
3 100100001000
3 100100001000
3 100100001000
3 100100001000
5 100001000100
5 100001000100
5 100001000100
5 100001000100
5 100001000100
5 100001000100
5 100001000100
5 100001000100

12 001001000010
12 001001000010
12 001001000010
12 001001000010
12 001001000010
12 001001000010
12 001001000010
12 001001000010
7 000100010010
7 000100010010
7 000100010010
7 000100010010
5 001001000010
5 001001000010
5 001001000010
5 001001000010

3 100100001000
3 100100001000
3 100100001000
3 100100001000
3 100100001000
3 100100001000
3 100100001000
3 100100001000
2 100100001000
2 100100001000
2 100100001000
2 100100001000
0 100100100100
0 100100100100
0 100100100100
0 100100100100

0 000100010010
0 000100010010
0 000100010010
10 000100010010
10 000100010010
10 000100010010
10 000100010010
10 000100010010
0 100010010010
0 100010010010
0 100010010010
3 100010010010
3 100010010010
3 100010010010
3 100010010010
3 100010010010

12 100100001000
12 100100001000
12 100100001000
12 100100001000
3 100100001000
3 100100001000
5 100100001000
5 100100001000
3 001001001001
3 001001001001
3 001001001001
3 001001001001
2 001001001001
2 001001001001
2 001001001001
3 001001001001

12 100100010000
12 100100010000
12 100100010000
12 100100010000
12 100100010000
12 100100010000
12 100100010000
12 100100010000
7 000100010010
7 000100010010
7 000100010010
7 000100010010
5 001001000010
5 001001000010
5 001001000010
5 001001000010

8 100100001000
8 100100001000
8 100100001000
8 100100001000
8 100100001000
8 100100001000
8 100100001000
8 100100001000
7 100100001000
7 100100001000
7 100100001000
7 100100001000
5 100100100100
5 100100100100
5 100100100100
5 100100100100

7 000100010010
7 000100010010
7 000100010010
8 000100010010
8 000100010010
8 000100010010
7 000100010010
7 000100010010
5 100010010010
5 100010010010
5 100010010010
3 100010010010
3 100010010010
3 100010010010
3 100010010010
3 100010010010

12 100100001000
12 100100001000
12 100100001000
12 100100001000
8 100100001000
8 100100001000
8 100100001000
8 100100001000
7 001001010001
7 001001010001
7 001001010001
7 001001010001
5 001001010001
5 001001010001
5 001001010001
5 001001010001

7 100100010000
7 100100010000
7 100100010000
7 100100010000
7 100100010000
7 100100010000
7 100100010000
7 100100010000
7 100100010000
7 100100010000
7 100100010000
7 100100010000
7 100100010000
7 100100010000
7 100100010000
7 100100010000

12 100101000100
12 100101000100
12 100101000100
12 100101000100
12 100101000100
12 100101000100
12 100101000100
12 100101000100
12 100101000100
12 100101000100
12 100101000100
12 100101000100
5 100101000100
7 100101000100
7 100101000100
7 100101000100

5 000100010010
3 000100010010
3 000100010010
3 000100010010
3 000100010010
3 000100010010
3 000100010010
3 000100010010
3 001001000010
3 001001000010
3 001001000010
3 001001000010
3 001001000010
3 001001000010
3 001001000010
3 001001000010

12 100100001000
12 100100001000
12 100100001000
12 100100001000
12 100100001000
12 100100001000
12 100100001000
12 100100001000
12 100100010000
12 100100010000
12 100100010000
12 100100010000
12 100100010000
12 100100010000
12 100100010000
12 100100010000

12 100100001000
12 100100001000
12 100100001000
12 100100001000
12 100100001000
12 100100001000
12 100100001000
12 100100001000
12 000100001001
12 000100001001
12 000100001001
12 000100001001
12 000100001001
12 000100001001
12 000100001001
12 000100001001

12 000100010010
12 000100010010
12 000100010010
12 000100010010
12 000100010010
12 000100010010
12 000100010010
12 000100010010
12 000100010010
12 000100010010
12 000100010010
12 000100010010
12 000100010010
12 000100010010
12 000100010010
12 000100010010

