12 000100100001
12 000100100001
12 000100100001
12 000100100001
12 000100100001
12 000100100001
12 000100100001
12 000100100001
12 000100100001
12 000100100001
12 000100100001
12 000100100001
12 000100100001
12 000100100001
12 000100100001
12 000100100001

12 000100100001
12 000100100001
12 000100100001
12 000100100001
12 000100100001
12 000100100001
12 000100100001
12 000100100001
12 000100100001
12 000100100001
12 000100100001
12 000100100001
12 000100100001
12 000100100001
12 000100100001
12 000100100001

12 000100100001
12 000100100001
12 000100100001
12 000100100001
12 000100100001
12 000100100001
12 000100100001
12 000100100001
12 000100100001
12 000100100001
12 000100100001
12 000100100001
12 000100100001
12 000100100001
12 000100100001
12 000100100001

12 000100100001
12 000100100001
12 000100100001
12 000100100001
12 000100100001
12 000100100001
12 000100100001
12 000100100001
12 000100100001
12 000100100001
12 000100100001
12 000100100001
12 000100100001
12 000100100001
12 000100100001
12 000100100001

12 000100100101
12 000100100101
12 000100100101
12 000100100101
12 000100100101
12 000100100101
12 000100100101
12 000100100101
12 000100100101
12 000100100101
12 000100100101
12 000100100101
12 000100100101
12 000100100101
12 000100100101
12 000100100101

12 000100100101
12 000100100101
12 000100100101
12 000100100101
12 000100100101
12 000100100101
12 000100100101
12 000100100101
12 000100100101
12 000100100101
12 000100100101
12 000100100101
12 000100100101
12 000100100101
12 000100100101
12 000100100101

12 000010001001
12 000010001001
12 000010001001
12 000010001001
12 000010001001
12 000010001001
12 000010001001
12 000010001001
12 000010001001
12 000010001001
12 000010001001
12 000010001001
12 000010001001
12 000010001001
12 000010001001
12 000010001001

12 000010001001
12 000010001001
12 000010001001
12 000010001001
12 000010001001
12 000010001001
12 000010001001
12 000010001001
12 000010001001
12 000010001001
12 000010001001
12 000010001001
12 000010001001
12 000010001001
12 000010001001
12 000010001001

12 010010010100
12 010010010100
12 010010010100
12 010010010100
12 010010010100
12 010010010100
12 010010010100
12 010010010100
12 010010010100
12 010010010100
12 010010010100
12 010010010100
12 010010010100
12 010010010100
12 010010010100
12 010010010100

12 010010010100
12 010010010100
12 010010010100
12 010010010100
12 010010010100
12 010010010100
12 010010010100
12 010010010100
12 010010010100
12 010010010100
12 010010010100
12 010010010100
12 010010010100
12 010010010100
12 010010010100
12 010010010100

12 000100100001
12 000100100001
12 000100100001
12 000100100001
12 000100100001
12 000100100001
12 000100100001
12 000100100001
12 000100100001
12 000100100001
12 000100100001
12 000100100001
12 000100100001
12 000100100001
12 000100100001
12 000100100001

12 000100100001
12 000100100001
12 000100100001
12 000100100001
12 000100100001
12 000100100001
12 000100100001
12 000100100001
12 000100100001
12 000100100001
12 000100100001
12 000100100001
12 000100100001
12 000100100001
12 000100100001
3 000100100001

3 000100100001
3 000100100001
3 000100100001
3 000100100001
1 000100100001
1 000100100001
1 000100100001
1 000100100001
11 000100100001
11 000100100001
11 000100100001
11 000100100001
10 000100100001
10 000100100001
10 000100100001
11 000100100001

12 000100100001
12 000100100001
12 000100100001
6 000100100001
6 000100100001
6 000100100001
6 000100100001
8 000100100001
8 000100100001
8 000100100001
8 000100100001
11 000100100001
11 000100100001
11 000100100001
11 000100100001
8 000100100001

12 010010000100
12 010010000100
12 010010000100
12 010010000100
11 010010000100
11 010010000100
11 010010000100
11 010010000100
8 010010000100
8 010010000100
8 010010000100
8 010010000100
8 010010000100
8 010010000100
8 010010000100
8 010010000100

8 010010000100
8 010010000100
8 010010000100
6 010010000100
6 010010000100
6 010010000100
6 010010000100
6 010010000100
6 010010000100
6 010010000100
6 010010000100
11 010010000100
1 010010000100
1 010010000100
1 010010000100
11 010010000100

1 000010001001
1 000010001001
1 000010001001
1 000010001001
1 000010001001
1 000010001001
1 000010001001
11 000010001001
11 000010001001
11 000010001001
11 000010001001
11 000010001001
1 000010001001
1 000010001001
1 000010001001
4 000010001001

8 000010001001
8 000010001001
8 000010001001
1 000010001001
1 000010001001
1 000010001001
1 000010001001
11 000010001001
11 000010001001
11 000010001001
11 000010001001
4 000010001001
4 000010001001
4 000010001001
4 000010001001
1 000010001001

4 010000100010
4 010000100010
4 010000100010
4 010000100010
3 010000100010
3 010000100010
3 010000100010
1 010000100010
1 010000100010
1 010000100010
1 010000100010
3 010000100010
3 010000100010
3 010000100010
3 010000100010
6 010000100010

12 010000100010
12 010000100010
12 010000100010
12 010000100010
12 010000100010
12 010000100010
12 010000100010
12 010000100010
12 010000100010
12 010000100010
12 010000100010
12 010000100010
12 010000100010
12 010000100010
12 010000100010
3 010000100010

3 000100100001
3 000100100001
3 000100100001
3 000100100001
1 000100100001
1 000100100001
1 000100100001
1 000100100001
11 000100100001
11 000100100001
11 000100100001
11 000100100001
10 000100100001
10 000100100001
10 000100100001
11 000100100001

12 000100100001
12 000100100001
12 000100100001
6 000100100001
6 000100100001
6 000100100001
6 000100100001
8 000100100001
8 000100100001
8 000100100001
8 000100100001
11 000100100001
11 000100100001
11 000100100001
11 000100100001
11 000100100001

8 010010000100
8 010010000100
8 010010000100
8 010010000100
11 010010000100
11 010010000100
11 010010000100
11 010010000100
8 010010000100
8 010010000100
8 010010000100
8 010010000100
8 010010000100
8 010010000100
8 010010000100
8 010010000100

8 010010000100
8 010010000100
8 010010000100
6 010010000100
6 010010000100
6 010010000100
6 010010000100
6 010010000100
6 010010000100
6 010010000100
6 010010000100
11 010010000100
1 010010000100
1 010010000100
1 010010000100
11 010010000100

1 000010001001
1 000010001001
1 000010001001
1 000010001001
1 000010001001
1 000010001001
1 000010001001
11 000010001001
11 000010001001
11 000010001001
11 000010001001
11 000010001001
1 000010001001
1 000010001001
1 000010001001
4 000010001001

8 000010001001
8 000010001001
8 000010001001
1 000010001001
1 000010001001
1 000010001001
1 000010001001
11 000010001001
11 000010001001
11 000010001001
11 000010001001
4 000010001001
4 000010001001
4 000010001001
4 000010001001
1 000010001001

4 010000100010
4 010000100010
4 010000100010
4 010000100010
3 010000100010
3 010000100010
3 010000100010
3 010000100010
1 010000100010
1 010000100010
1 010000100010
3 010000100010
3 010000100010
3 010000100010
3 010000100010
6 010000100010

12 010000100010
12 010000100010
12 010000100010
12 010000100010
12 010000100010
12 010000100010
12 010000100010
12 010000100010
12 010000100010
12 010000100010
12 010000100010
12 010000100010
12 010000100010
12 010000100010
12 010000100010
3 010000100010

6 000100100001
6 000100100001
6 000100100001
6 000100100001
8 000100100001
8 000100100001
8 000100100001
8 000100100001
11 000100100001
11 000100100001
11 000100100001
11 000100100001
3 000100100001
3 000100100001
3 000100100001
1 000100100001

12 010010001000
12 010010001000
12 010010001000
11 010010001000
11 010010001000
11 010010001000
11 010010001000
8 010010001000
6 010010001000
6 010010001000
6 010010001000
8 010010001000
8 010010001000
8 010010001000
8 010010001000
8 010010001000

12 010010000100
12 010010000100
12 010010000100
12 010010000100
12 010010000100
12 010010000100
12 010010000100
12 010010000100
12 010010000100
12 010010000100
12 010010000100
12 010010000100
12 010010000100
12 010010000100
12 010010000100
12 010010000100

12 001000100011
12 001000100011
12 001000100011
12 001000100011
12 001000100011
12 001000100011
12 001000100011
12 001000100011
12 001000100011
12 001000100011
12 001000100011
12 001000100011
12 001000100011
12 001000100011
12 001000100011
1 001000100011

1 001000010001
1 001000010001
1 001000010001
1 001000010001
4 001000010001
4 001000010001
4 001000010001
4 001000010001
6 001000010001
6 001000010001
6 001000010001
6 001000010001
11 001000010001
11 001000010001
11 001000010001
8 001000010001

12 100010010100
12 100010010100
12 100010010100
6 100010010100
6 100010010100
6 100010010100
6 100010010100
4 100010010100
1 100010010100
1 100010010100
1 100010010100
4 100010010100
4 100010010100
4 100010010100
4 100010010100
6 100010010100

12 000100100001
12 000100100001
12 000100100001
12 000100100001
12 000100100001
12 000100100001
12 000100100001
12 000100100001
12 000100100001
12 000100100001
12 000100100001
12 000100100001
12 000100100001
12 000100100001
12 000100100001
12 000100100001

12 000100100001
12 000100100001
12 000100100001
12 000100100001
12 000100100001
12 000100100001
12 000100100001
12 000100100001
12 000100100001
12 000100100001
12 000100100001
12 000100100001
12 000100100001
12 000100100001
12 000100100001
3 000100100001

3 000100100001
3 000100100001
3 000100100001
3 000100100001
1 000100100001
1 000100100001
1 000100100001
1 000100100001
11 000100100001
11 000100100001
11 000100100001
11 000100100001
10 000100100001
10 000100100001
10 000100100001
11 000100100001

12 000100100001
12 000100100001
12 000100100001
6 000100100001
6 000100100001
6 000100100001
6 000100100001
8 000100100001
8 000100100001
8 000100100001
8 000100100001
8 000100100001
11 000100100001
11 000100100001
11 000100100001
11 000100100001

8 010010000100
8 010010000100
8 010010000100
8 010010000100
11 010010000100
11 010010000100
11 010010000100
11 010010000100
8 010010000100
8 010010000100
8 010010000100
8 010010000100
8 010010000100
8 010010000100
8 010010000100
8 010010000100

8 010010000100
8 010010000100
8 010010000100
6 010010000100
6 010010000100
6 010010000100
6 010010000100
6 010010000100
6 010010000100
6 010010000100
6 010010000100
11 010010000100
1 010010000100
1 010010000100
1 010010000100
11 010010000100

1 000010001001
1 000010001001
1 000010001001
1 000010001001
1 000010001001
1 000010001001
1 000010001001
11 000010001001
11 000010001001
11 000010001001
11 000010001001
11 000010001001
1 000010001001
1 000010001001
1 000010001001
6 000010001001

8 000010001001
8 000010001001
8 000010001001
8 000010001001
1 000010001001
1 000010001001
1 000010001001
8 000010001001
11 000010001001
11 000010001001
11 000010001001
11 000010001001
4 000010001001
4 000010001001
4 000010001001
1 000010001001

4 010000100010
4 010000100010
4 010000100010
4 010000100010
3 010000100010
3 010000100010
3 010000100010
3 010000100010
1 010000100010
1 010000100010
1 010000100010
3 010000100010
3 010000100010
3 010000100010
3 010000100010
6 010000100010

12 010000100010
12 010000100010
12 010000100010
12 010000100010
12 010000100010
12 010000100010
12 010000100010
12 010000100010
12 010000100010
12 010000100010
12 010000100010
12 010000100010
12 010000100010
12 010000100010
12 010000100010
1 010000100010

3 000100100001
3 000100100001
3 000100100001
3 000100100001
1 000100100001
1 000100100001
1 000100100001
11 000100100001
11 000100100001
11 000100100001
11 000100100001
11 000100100001
10 000100100001
10 000100100001
10 000100100001
11 000100100001

12 000100100001
12 000100100001
12 000100100001
6 000100100001
6 000100100001
6 000100100001
6 000100100001
8 000100100001
8 000100100001
8 000100100001
8 000100100001
11 000100100001
11 000100100001
11 000100100001
11 000100100001
11 000100100001

8 010010000100
8 010010000100
8 010010000100
8 010010000100
11 010010000100
11 010010000100
11 010010000100
11 010010000100
8 010010000100
8 010010000100
8 010010000100
8 010010000100
8 010010000100
8 010010000100
8 010010000100
8 010010000100

8 010010000100
8 010010000100
8 010010000100
6 010010000100
6 010010000100
6 010010000100
6 010010000100
6 010010000100
6 010010000100
6 010010000100
6 010010000100
11 010010000100
1 010010000100
1 010010000100
1 010010000100
11 010010000100

1 000010001001
1 000010001001
1 000010001001
1 000010001001
1 000010001001
1 000010001001
1 000010001001
1 000010001001
11 000010001001
11 000010001001
11 000010001001
11 000010001001
1 000010001001
1 000010001001
1 000010001001
1 000010001001

8 000010001001
8 000010001001
8 000010001001
8 000010001001
1 000010001001
1 000010001001
1 000010001001
11 000010001001
11 000010001001
11 000010001001
11 000010001001
4 000010001001
4 000010001001
4 000010001001
4 000010001001
1 000010001001

4 010000100010
4 010000100010
4 010000100010
4 010000100010
3 010000100010
3 010000100010
3 010000100010
3 010000100010
1 010000100010
1 010000100010
1 010000100010
3 010000100010
3 010000100010
3 010000100010
3 010000100010
6 010000100010

12 010000100010
12 010000100010
12 010000100010
12 010000100010
12 010000100010
12 010000100010
12 010000100010
12 010000100010
12 010000100010
12 010000100010
12 010000100010
12 010000100010
12 010000100010
12 010000100010
12 010000100010
3 010000100010

6 000100100001
6 000100100001
6 000100100001
6 000100100001
8 000100100001
8 000100100001
8 000100100001
8 000100100001
11 000100100001
11 000100100001
11 000100100001
11 000100100001
3 000100100001
3 000100100001
3 000100100001
1 000100100001

12 010010001000
12 010010001000
12 010010001000
11 010010001000
11 010010001000
11 010010001000
11 010010001000
8 010010001000
6 010010001000
6 010010001000
6 010010001000
8 010010001000
8 010010001000
8 010010001000
8 010010001000
8 010010001000

12 010010000100
12 010010000100
12 010010000100
12 010010000100
12 010010000100
12 010010000100
12 010010000100
12 010010000100
12 010010000100
12 010010000100
12 010010000100
12 010010000100
12 010010000100
12 010010000100
12 010010000100
12 010010000100

12 001000100011
12 001000100011
12 001000100011
12 001000100011
12 001000100011
12 001000100011
12 001000100011
12 001000100011
12 001000100011
12 001000100011
12 001000100011
12 001000100011
12 001000100011
12 001000100011
12 001000100011
1 001000100011

1 001000010001
1 001000010001
1 001000010001
1 001000010001
4 001000010001
4 001000010001
4 001000010001
4 001000010001
6 001000010001
6 001000010001
6 001000010001
6 001000010001
11 001000010001
11 001000010001
11 001000010001
8 001000010001

12 100010010100
12 100010010100
12 100010010100
6 100010010100
6 100010010100
6 100010010100
6 100010010100
4 100010010100
1 100010010100
1 100010010100
1 100010010100
4 100010010100
4 100010010100
4 100010010100
4 100010010100
6 100010010100

12 000100100001
12 000100100001
12 000100100001
12 000100100001
12 000100100001
12 000100100001
12 000100100001
12 000100100001
12 000100100001
12 000100100001
12 000100100001
12 000100100001
12 000100100001
12 000100100001
12 000100100001
12 000100100001

12 000100100001
12 000100100001
12 000100100001
12 000100100001
12 000100100001
12 000100100001
12 000100100001
12 000100100001
12 000100100001
12 000100100001
12 000100100001
12 000100100001
12 000100100001
12 000100100001
12 000100100001
12 000100100001

12 000100100001
12 000100100001
12 000100100001
12 000100100001
12 000100100001
12 000100100001
12 000100100001
12 000100100001
12 000100100001
12 000100100001
12 000100100001
12 000100100001
12 000100100001
12 000100100001
12 000100100001
12 000100100001

12 010000100010
12 010000100010
12 010000100010
12 010000100010
12 010000100010
12 010000100010
12 010000100010
12 010000100010
12 010000100010
12 010000100010
12 010000100010
12 010000100010
12 010000100010
12 010000100010
12 010000100010
3 010000100010

6 000100100001
6 000100100001
6 000100100001
6 000100100001
8 000100100001
8 000100100001
8 000100100001
8 000100100001
11 000100100001
11 000100100001
11 000100100001
11 000100100001
3 000100100001
3 000100100001
3 000100100001
1 000100100001

12 000100100001
12 000100100001
12 000100100001
11 000100100001
11 000100100001
11 000100100001
11 000100100001
8 000100100001
6 000100100001
6 000100100001
6 000100100001
8 000100100001
8 000100100001
8 000100100001
8 000100100001
11 000100100001

12 010010001001
12 010010001001
12 010010001001
12 010010001001
12 010010001001
12 010010001001
12 010010001001
12 010010001001
12 010010001001
12 010010001001
12 010010001001
12 010010001001
12 010010001001
12 010010001001
12 010010001001
12 010010001001

12 010010001001
12 010010001001
12 010010001001
12 010010001001
12 010010001001
12 010010001001
12 010010001001
12 010010001001
12 010010001001
12 010010001001
12 010010001001
12 010010001001
12 010010001001
12 010010001001
12 010010001001
3 010010001001

6 000100100001
6 000100100001
6 000100100001
6 000100100001
8 000100100001
8 000100100001
8 000100100001
8 000100100001
11 000100100001
11 000100100001
11 000100100001
11 000100100001
3 000100100001
3 000100100001
3 000100100001
1 000100100001

12 000100100001
12 000100100001
12 000100100001
11 000100100001
11 000100100001
11 000100100001
11 000100100001
8 000100100001
6 000100100001
6 000100100001
6 000100100001
8 000100100001
8 000100100001
8 000100100001
8 000100100001
11 000100100001

12 010010001001
12 010010001001
12 010010001001
12 010010001001
12 010010001001
12 010010001001
12 010010001001
12 010010001001
12 010010001001
12 010010001001
12 010010001001
12 010010001001
12 010010001001
12 010010001001
12 010010001001
12 010010001001

12 010010001001
12 010010001001
12 010010001001
12 010010001001
12 010010001001
12 010010001001
12 010010001001
12 010010001001
12 010010001001
12 010010001001
12 010010001001
12 010010001001
12 010010001001
12 010010001001
12 010010001001
3 010010001001

6 000100100001
6 000100100001
6 000100100001
6 000100100001
8 000100100001
8 000100100001
8 000100100001
8 000100100001
11 000100100001
11 000100100001
11 000100100001
11 000100100001
3 000100100001
3 000100100001
3 000100100001
1 000100100001

12 000100100001
12 000100100001
12 000100100001
11 000100100001
11 000100100001
11 000100100001
11 000100100001
8 000100100001
6 000100100001
6 000100100001
6 000100100001
8 000100100001
8 000100100001
8 000100100001
8 000100100001
11 000100100001

12 010010001001
12 010010001001
12 010010001001
12 010010001001
12 010010001001
12 010010001001
12 010010001001
12 010010001001
12 010010001001
12 010010001001
12 010010001001
12 010010001001
12 010010001001
12 010010001001
12 010010001001
12 010010001001

12 010010001001
12 010010001001
12 010010001001
12 010010001001
12 010010001001
12 010010001001
12 010010001001
12 010010001001
12 010010001001
12 010010001001
12 010010001001
12 010010001001
12 010010001001
12 010010001001
12 010010001001
12 010010001001

