12 001000010001
12 001000010001
12 001000010001
12 001000010001
12 001000010001
12 001000010001
12 001000010001
12 001000010001
12 001000100100
12 001000100100
12 001000100100
12 001000100100
12 001000100100
12 001000100100
12 001000100100
12 001000100100

12 001000010001
12 001000010001
12 001000010001
12 001000010001
12 001000010001
12 001000010001
12 001000010001
12 001000010001
12 001000100100
12 001000100100
12 001000100100
12 001000100100
12 001000100100
12 001000100100
12 001000100100
12 001000100100

12 001000010001
12 001000010001
12 001000010001
12 001000010001
12 001000010001
12 001000010001
12 001000010001
12 001000010001
12 001000100100
12 001000100100
12 001000100100
12 001000100100
12 001000100100
12 001000100100
12 001000100100
12 001000100100

12 001000010001
12 001000010001
12 001000010001
12 001000010001
2 001000010001
2 001000010001
2 001000010001
2 001000010001
2 001000010001
2 001000010001
2 001000010001
2 001000010001
7 001000010001
7 001000010001
7 001000010001
7 001000010001

4 001000010001
4 001000010001
4 001000010001
4 001000010001
4 001000010001
4 001000010001
4 001000010001
4 001000010001
2 001000100100
2 001000100100
4 001000100100
4 001000100100
2 001000100100
2 001000100100
2 001000100100
2 001000100100

11 001000010001
11 001000010001
11 001000010001
11 001000010001
11 001000010001
11 001000010001
11 001000010001
11 001000010001
11 001000100100
11 001000100100
11 001000100100
11 001000100100
11 001000100100
11 001000100100
2 001000100100
2 001000100100

11 001000010001
11 001000010001
11 001000010001
11 001000010001
11 001000010001
11 001000010001
11 001000010001
11 001000010001
11 001000100100
11 001000100100
11 001000100100
11 001000100100
11 001000100100
11 001000100100
11 001000100100
11 001000100100

12 001000010001
12 001000010001
12 001000010001
12 001000010001
2 001000010001
2 001000010001
2 001000010001
2 001000010001
2 001000100100
2 001000100100
2 001000100100
2 001000100100
7 001000100100
7 001000100100
7 001000100100
7 001000100100

4 001000010001
4 001000010001
4 001000010001
4 001000010001
4 001000010001
4 001000010001
4 001000010001
4 001000010001
2 001000100100
2 001000100100
4 001000100100
4 001000100100
2 001000100100
2 001000100100
2 001000100100
2 001000100100

11 001000010001
11 001000010001
11 001000010001
11 001000010001
11 001000010001
11 001000010001
11 001000010001
11 001000010001
11 001000100100
11 001000100100
11 001000100100
11 001000100100
11 001000100100
11 001000100100
2 001000100100
2 001000100100

12 001000010001
12 001000010001
9 001000010001
9 001000010001
11 001000010001
11 001000010001
11 001000010001
11 001000010001
11 001000100100
11 001000100100
11 001000100100
11 001000100100
11 001000100100
11 001000100100
11 001000100100
11 001000100100

12 001000010001
12 001000010001
12 001000010001
12 001000010001
11 001000010001
11 001000010001
11 001000010001
11 001000010001
11 001000100100
11 001000100100
11 001000100100
11 001000100100
2 001000100100
2 001000100100
2 001000100100
2 001000100100

10 000010010001
10 000010010001
10 000010010001
10 000010010001
11 000010010001
11 000010010001
11 000010010001
11 000010010001
11 000010010001
11 000010010001
11 000010010001
11 000010010001
11 000010010001
11 000010010001
11 000010010001
11 000010010001

12 000010010001
12 000010010001
12 000010010001
12 000010010001
7 000010010001
7 000010010001
7 000010010001
7 000010010001
11 000010010001
11 000010010001
11 000010010001
11 000010010001
11 000010010001
11 000010010001
9 000010010001
9 000010010001

12 100010010000
12 100010010000
7 100010010000
7 100010010000
7 100010010000
7 100010010000
7 100010010000
7 100010010000
7 100010010000
7 100010010000
7 100010010000
7 100010010000
7 100010010000
7 100010010000
7 100010010000
7 100010010000

12 001000100100
12 001000100100
12 001000100100
12 001000100100
12 001000100100
12 001000100100
12 001000100100
12 001000100100
2 001000100100
2 001000100100
2 001000100100
2 001000100100
7 001000100100
7 001000100100
7 001000100100
7 001000100100

4 001000010001
4 001000010001
4 001000010001
4 001000010001
4 001000010001
4 001000010001
4 001000010001
4 001000010001
2 001000100100
2 001000100100
4 001000100100
4 001000100100
2 001000100100
2 001000100100
2 001000100100
2 001000100100

11 001000010001
11 001000010001
11 001000010001
11 001000010001
11 001000010001
11 001000010001
11 001000010001
11 001000010001
11 001000100100
11 001000100100
11 001000100100
11 001000100100
11 001000100100
11 001000100100
2 001000100100
2 001000100100

9 001000010001
9 001000010001
9 001000010001
9 001000010001
11 001000010001
11 001000010001
11 001000010001
11 001000010001
11 001000100100
11 001000100100
11 001000100100
11 001000100100
11 001000100100
11 001000100100
11 001000100100
11 001000100100

12 001000010001
12 001000010001
12 001000010001
12 001000010001
7 001000010001
7 001000010001
7 001000010001
7 001000010001
11 001000010001
11 001000010001
2 001000010001
2 001000010001
11 001000010001
9 001000010001
7 001000010001
7 001000010001

12 001000010001
7 001000010001
7 001000010001
7 001000010001
7 001000010001
7 001000010001
7 001000010001
7 001000010001
7 100010010000
7 100010010000
7 100010010000
7 100010010000
7 100010010000
7 100010010000
7 100010010000
7 100010010000

12 001000010001
12 001000010001
7 001000010001
7 001000010001
7 001000010001
7 001000010001
7 001000010001
7 001000010001
9 100010010000
9 100010010000
10 100010010000
10 100010010000
9 100010010000
9 100010010000
9 100010010000
9 100010010000

7 001000010001
7 001000010001
7 001000010001
7 001000010001
7 001000010001
7 001000010001
7 001000010001
7 001000010001
7 100010010000
7 100010010000
7 100010010000
7 100010010000
7 100010010000
7 100010010000
7 100010010000
7 100010010000

12 001000010001
12 001000010001
7 001000010001
7 001000010001
7 001000010001
7 001000010001
7 001000010001
7 001000010001
9 100010010000
9 100010010000
11 100010010000
11 100010010000
9 100010010000
9 100010010000
7 100010010000
7 100010010000

7 100010010000
7 100010010000
7 100010010000
7 100010010000
7 100010010000
7 100010010000
7 100010010000
7 100010010000
9 000010010001
9 000010010001
11 000010010001
11 000010010001
9 000010010001
9 000010010001
7 000010010001
7 000010010001

7 000010010001
7 000010010001
4 000010010001
4 000010010001
4 000010010001
4 000010010001
7 000010010001
7 000010010001
9 001000100100
9 001000100100
10 001000100100
10 001000100100
9 001000100100
9 001000100100
7 001000100100
7 001000100100

7 001000010001
7 001000010001
7 001000010001
7 001000010001
7 001000010001
7 001000010001
7 001000010001
7 001000010001
7 100010010000
7 100010010000
7 100010010000
7 100010010000
7 100010010000
7 100010010000
7 100010010000
7 100010010000

12 001000010001
12 001000010001
12 001000010001
12 001000010001
2 001000010001
2 001000010001
2 001000010001
2 001000010001
2 001000010001
2 001000010001
2 001000010001
2 001000010001
7 001000010001
7 001000010001
7 001000010001
7 001000010001

4 001000010001
4 001000010001
4 001000010001
4 001000010001
4 001000010001
4 001000010001
4 001000010001
4 001000010001
2 001000100100
2 001000100100
4 001000100100
4 001000100100
2 001000100100
2 001000100100
2 001000100100
2 001000100100

11 001000010001
11 001000010001
11 001000010001
11 001000010001
11 001000010001
11 001000010001
11 001000010001
11 001000010001
11 001000100100
11 001000100100
11 001000100100
11 001000100100
11 001000100100
11 001000100100
2 001000100100
2 001000100100

11 001000010001
11 001000010001
11 001000010001
11 001000010001
11 001000010001
11 001000010001
11 001000010001
11 001000010001
11 001000100100
11 001000100100
11 001000100100
11 001000100100
11 001000100100
11 001000100100
11 001000100100
11 001000100100

12 001000010001
12 001000010001
12 001000010001
12 001000010001
2 001000010001
2 001000010001
2 001000010001
2 001000010001
2 001000100100
2 001000100100
2 001000100100
2 001000100100
7 001000100100
7 001000100100
7 001000100100
7 001000100100

4 001000010001
4 001000010001
4 001000010001
4 001000010001
4 001000010001
4 001000010001
4 001000010001
4 001000010001
2 001000100100
2 001000100100
4 001000100100
4 001000100100
2 001000100100
2 001000100100
2 001000100100
2 001000100100

11 001000010001
11 001000010001
11 001000010001
11 001000010001
11 001000010001
11 001000010001
11 001000010001
11 001000010001
11 001000100100
11 001000100100
11 001000100100
11 001000100100
11 001000100100
11 001000100100
2 001000100100
2 001000100100

12 001000010001
12 001000010001
9 001000010001
9 001000010001
11 001000010001
11 001000010001
11 001000010001
11 001000010001
11 001000100100
11 001000100100
11 001000100100
11 001000100100
11 001000100100
11 001000100100
11 001000100100
11 001000100100

12 001000010001
12 001000010001
12 001000010001
12 001000010001
11 001000010001
11 001000010001
11 001000010001
11 001000010001
11 001000100100
11 001000100100
11 001000100100
11 001000100100
2 001000100100
2 001000100100
2 001000100100
2 001000100100

10 000010010001
10 000010010001
10 000010010001
10 000010010001
11 000010010001
11 000010010001
11 000010010001
11 000010010001
11 000010010001
11 000010010001
11 000010010001
11 000010010001
11 000010010001
11 000010010001
11 000010010001
11 000010010001

12 000010010001
12 000010010001
12 000010010001
12 000010010001
7 000010010001
7 000010010001
7 000010010001
7 000010010001
11 000010010001
11 000010010001
11 000010010001
11 000010010001
11 000010010001
11 000010010001
9 000010010001
9 000010010001

12 100010010000
12 100010010000
7 100010010000
7 100010010000
7 100010010000
7 100010010000
7 100010010000
7 100010010000
7 100010010000
7 100010010000
7 100010010000
7 100010010000
7 100010010000
7 100010010000
7 100010010000
7 100010010000

12 001000100100
12 001000100100
12 001000100100
12 001000100100
12 001000100100
12 001000100100
12 001000100100
12 001000100100
2 001000100100
2 001000100100
2 001000100100
2 001000100100
7 001000100100
7 001000100100
7 001000100100
7 001000100100

4 001000010001
4 001000010001
4 001000010001
4 001000010001
4 001000010001
4 001000010001
4 001000010001
4 001000010001
2 001000100100
2 001000100100
4 001000100100
4 001000100100
2 001000100100
2 001000100100
2 001000100100
2 001000100100

11 001000010001
11 001000010001
11 001000010001
11 001000010001
11 001000010001
11 001000010001
11 001000010001
11 001000010001
11 001000100100
11 001000100100
11 001000100100
11 001000100100
11 001000100100
11 001000100100
2 001000100100
2 001000100100

9 001000010001
9 001000010001
9 001000010001
9 001000010001
11 001000010001
11 001000010001
11 001000010001
11 001000010001
11 001000100100
11 001000100100
11 001000100100
11 001000100100
11 001000100100
11 001000100100
11 001000100100
11 001000100100

12 001000010001
12 001000010001
12 001000010001
12 001000010001
7 001000010001
7 001000010001
7 001000010001
7 001000010001
11 001000010001
11 001000010001
2 001000010001
2 001000010001
11 001000010001
11 001000010001
9 001000010001
7 001000010001

12 001000010001
7 001000010001
7 001000010001
7 001000010001
7 001000010001
7 001000010001
7 001000010001
7 001000010001
7 100010010000
7 100010010000
7 100010010000
7 100010010000
7 100010010000
7 100010010000
7 100010010000
7 100010010000

12 001000010001
12 001000010001
7 001000010001
7 001000010001
7 001000010001
7 001000010001
7 001000010001
7 001000010001
9 100010010000
9 100010010000
10 100010010000
10 100010010000
9 100010010000
9 100010010000
7 100010010000
7 100010010000

12 001000010001
12 001000010001
7 001000010001
7 001000010001
7 001000010001
7 001000010001
7 001000010001
7 001000010001
7 100010010000
7 100010010000
7 100010010000
7 100010010000
7 100010010000
7 100010010000
7 100010010000
7 100010010000

12 001000010001
12 001000010001
7 001000010001
7 001000010001
7 001000010001
7 001000010001
7 001000010001
7 001000010001
9 100010010000
9 100010010000
11 100010010000
11 100010010000
9 100010010000
9 100010010000
7 100010010000
7 100010010000

7 100010010000
7 100010010000
7 100010010000
7 100010010000
7 100010010000
7 100010010000
7 100010010000
7 100010010000
9 000010010001
9 000010010001
11 000010010001
11 000010010001
9 000010010001
9 000010010001
7 000010010001
7 000010010001

7 000010010001
7 000010010001
4 000010010001
4 000010010001
4 000010010001
4 000010010001
7 000010010001
7 000010010001
9 001000100100
9 001000100100
11 001000100100
11 001000100100
9 001000100100
9 001000100100
7 001000100100
7 001000100100

12 001000010001
12 001000010001
7 001000010001
7 001000010001
7 001000010001
7 001000010001
7 001000010001
7 001000010001
7 100010010000
7 100010010000
7 100010010000
7 100010010000
7 100010010000
7 100010010000
7 100010010000
7 100010010000

12 001000010001
12 001000010001
12 001000010001
12 001000010001
2 001000010001
2 001000010001
2 001000010001
2 001000010001
2 001000010001
2 001000010001
2 001000010001
2 001000010001
7 001000010001
7 001000010001
7 001000010001
7 001000010001

4 001000010001
4 001000010001
4 001000010001
4 001000010001
4 001000010001
4 001000010001
4 001000010001
4 001000010001
2 001000100100
2 001000100100
4 001000100100
4 001000100100
2 001000100100
2 001000100100
2 001000100100
2 001000100100

11 001000010001
11 001000010001
11 001000010001
11 001000010001
11 001000010001
11 001000010001
11 001000010001
11 001000010001
11 001000100100
11 001000100100
11 001000100100
11 001000100100
11 001000100100
11 001000100100
2 001000100100
2 001000100100

11 001000010001
11 001000010001
11 001000010001
11 001000010001
11 001000010001
11 001000010001
11 001000010001
11 001000010001
11 001000100100
11 001000100100
11 001000100100
11 001000100100
11 001000100100
11 001000100100
11 001000100100
11 001000100100

12 001000010001
12 001000010001
12 001000010001
12 001000010001
2 001000010001
2 001000010001
2 001000010001
2 001000010001
2 001000100100
2 001000100100
2 001000100100
2 001000100100
7 001000100100
7 001000100100
7 001000100100
7 001000100100

4 001000010001
4 001000010001
4 001000010001
4 001000010001
4 001000010001
4 001000010001
4 001000010001
4 001000010001
2 001000100100
2 001000100100
4 001000100100
4 001000100100
2 001000100100
2 001000100100
2 001000100100
2 001000100100

11 001000010001
11 001000010001
11 001000010001
11 001000010001
11 001000010001
11 001000010001
11 001000010001
11 001000010001
11 001000100100
11 001000100100
11 001000100100
11 001000100100
11 001000100100
11 001000100100
2 001000100100
2 001000100100

12 001000010001
12 001000010001
9 001000010001
9 001000010001
11 001000010001
11 001000010001
11 001000010001
11 001000010001
11 001000100100
11 001000100100
11 001000100100
11 001000100100
11 001000100100
11 001000100100
11 001000100100
11 001000100100

12 001000010001
12 001000010001
12 001000010001
12 001000010001
11 001000010001
11 001000010001
11 001000010001
11 001000010001
11 001000100100
11 001000100100
11 001000100100
11 001000100100
2 001000100100
2 001000100100
2 001000100100
2 001000100100

10 000010010001
10 000010010001
10 000010010001
10 000010010001
11 000010010001
11 000010010001
11 000010010001
11 000010010001
11 000010010001
11 000010010001
11 000010010001
11 000010010001
11 000010010001
11 000010010001
11 000010010001
11 000010010001

12 000010010001
12 000010010001
12 000010010001
12 000010010001
7 000010010001
7 000010010001
7 000010010001
7 000010010001
11 000010010001
11 000010010001
11 000010010001
11 000010010001
11 000010010001
11 000010010001
9 000010010001
9 000010010001

12 100010010000
12 100010010000
7 100010010000
7 100010010000
7 100010010000
7 100010010000
7 100010010000
7 100010010000
7 100010010000
7 100010010000
7 100010010000
7 100010010000
7 100010010000
7 100010010000
7 100010010000
7 100010010000

12 001000100100
12 001000100100
12 001000100100
12 001000100100
12 001000100100
12 001000100100
12 001000100100
12 001000100100
2 001000100100
2 001000100100
2 001000100100
2 001000100100
7 001000100100
7 001000100100
7 001000100100
7 001000100100

4 001000010001
4 001000010001
4 001000010001
4 001000010001
4 001000010001
4 001000010001
4 001000010001
4 001000010001
2 001000100100
2 001000100100
4 001000100100
4 001000100100
2 001000100100
2 001000100100
2 001000100100
2 001000100100

11 001000010001
11 001000010001
11 001000010001
11 001000010001
11 001000010001
11 001000010001
11 001000010001
11 001000010001
11 001000100100
11 001000100100
11 001000100100
11 001000100100
11 001000100100
11 001000100100
2 001000100100
2 001000100100

9 001000010001
9 001000010001
9 001000010001
9 001000010001
11 001000010001
11 001000010001
11 001000010001
11 001000010001
11 001000100100
11 001000100100
11 001000100100
11 001000100100
11 001000100100
11 001000100100
11 001000100100
11 001000100100

12 001000010001
12 001000010001
12 001000010001
12 001000010001
7 001000010001
7 001000010001
7 001000010001
7 001000010001
11 001000100100
11 001000100100
11 001000100100
11 001000100100
11 001000100100
11 001000100100
2 001000100100
2 001000100100

9 001000010001
9 001000010001
9 001000010001
9 001000010001
11 001000010001
11 001000010001
11 001000010001
11 001000010001
11 001000100100
11 001000100100
11 001000100100
11 001000100100
11 001000100100
11 001000100100
11 001000100100
11 001000100100

12 001000010001
12 001000010001
12 001000010001
12 001000010001
12 001000010001
12 001000010001
12 001000010001
12 001000010001
12 001000100100
12 001000100100
12 001000100100
12 001000100100
12 001000100100
12 001000100100
12 001000100100
12 001000100100

