12 100010010000
12 100010010000
12 100010010000
12 100010010000
12 100010010000
12 100010010000
12 100010010000
12 100010010000
12 100010010000
12 100010010000
12 100010010000
12 100010010000
12 100010010000
12 100010010000
12 100010010000
12 100010010000

12 010001001000
12 010001001000
12 010001001000
12 010001001000
12 010001001000
12 010001001000
12 010001001000
12 010001001000
12 010001001000
12 010001001000
12 010001001000
12 010001001000
12 010001001000
12 010001001000
12 010001001000
12 010001001000

12 001001000100
12 001001000100
12 001001000100
12 001001000100
12 001001000100
12 001001000100
12 001001000100
12 001001000100
12 001001000100
12 001001000100
12 001001000100
12 001001000100
12 001001000100
12 001001000100
12 001001000100
12 001001000100

12 010100010010
12 010100010010
12 010100010010
12 010100010010
12 010100010010
12 010100010010
12 010100010010
12 010100010010
12 010100010010
12 010100010010
12 010100010010
12 010100010010
12 010100010010
12 010100010010
12 010100010010
12 010100010010

12 100001000100
12 100001000100
12 100001000100
12 100001000100
12 100001000100
12 100001000100
12 100001000100
12 100001000100
12 100001000100
12 100001000100
12 100001000100
12 100001000100
12 100001000100
12 100001000100
12 100001000100
12 100001000100

12 001000100100
12 001000100100
12 001000100100
12 001000100100
12 001000100100
12 001000100100
12 001000100100
12 001000100100
12 001000100100
12 001000100100
12 001000100100
12 001000100100
12 001000100100
12 001000100100
12 001000100100
12 001000100100

12 100001000100
12 100001000100
12 100001000100
12 100001000100
12 100001000100
12 100001000100
12 100001000100
12 100001000100
12 100001000100
12 100001000100
12 100001000100
12 100001000100
12 100001000100
12 100001000100
12 100001000100
12 100001000100

12 001000100100
12 001000100100
12 001000100100
12 001000100100
12 001000100100
12 001000100100
12 001000100100
12 001000100100
12 001000100100
12 001000100100
12 001000100100
12 001000100100
12 001000100100
12 001000100100
12 001000100100
12 001000100100

12 100001000100
12 100001000100
12 100001000100
12 100001000100
12 100001000100
12 100001000100
12 100001000100
12 100001000100
12 100001000100
12 100001000100
12 100001000100
12 100001000100
12 100001000100
12 100001000100
12 100001000100
12 100001000100

12 100010010000
12 100010010000
12 100010010000
12 100010010000
4 100010010000
4 100010010000
4 100010010000
4 100010010000
4 100010010000
4 100010010000
4 100010010000
2 100010010000
4 100010010000
4 100010010000
7 100010010000
7 100010010000

12 000010010001
12 000010010001
12 000010010001
12 000010010001
11 000010010001
7 000010010001
7 000010010001
7 000010010001
7 000010010001
7 000010010001
7 000010010001
7 000010010001
7 000010010001
7 000010010001
0 000010010001
0 000010010001

0 100001000100
0 100001000100
0 100001000100
0 100001000100
0 100001000100
0 100001000100
9 100001000100
9 100001000100
9 100001000100
9 100001000100
9 100001000100
9 100001000100
7 100001000100
7 100001000100
7 100001000100
7 100001000100

9 001000010001
9 001000010001
9 001000010001
2 001000010001
2 001000010001
2 001000010001
4 001000010001
4 001000010001
4 100001000100
4 100001000100
4 100001000100
4 100001000100
2 100001000100
2 100001000100
0 100001000100
0 100001000100

12 100010010000
12 100010010000
12 100010010000
12 100010010000
12 100010010000
12 100010010000
4 100010010000
2 100010010000
4 100010010000
4 100010010000
4 100010010000
4 100010010000
4 100010010000
4 100010010000
7 100010010000
7 100010010000

12 000010010001
12 000010010001
12 000010010001
12 000010010001
9 000010010001
11 000010010001
11 000010010001
11 000010010001
11 000010010001
11 000010010001
11 000010010001
7 000010010001
9 000010010001
9 000010010001
9 000010010001
0 000010010001

0 100001000100
0 100001000100
0 100001000100
0 100001000100
0 100001000100
0 100001000100
9 100001000100
9 100001000100
0 100001000100
0 100001000100
2 100001000100
2 100001000100
2 100001000100
2 100001000100
4 100001000100
4 100001000100

12 001000010001
12 001000010001
12 001000010001
12 001000010001
12 001000010001
12 001000010001
12 001000010001
12 001000010001
12 001000010001
12 001000010001
12 001000010001
12 001000010001
12 001000010001
12 001000010001
4 001000010001
5 001000010001

7 100010010000
7 100010010000
7 100010010000
7 100010010000
4 100010010000
4 100010010000
4 100010010000
4 100010010000
2 001001000100
2 001001000100
0 001001000100
0 001001000100
2 001001000100
2 001001000100
11 001001000100
11 001001000100

12 000010010001
12 000010010001
7 000010010001
9 000010010001
9 000010010001
9 000010010001
9 000010010001
9 000010010001
9 000100100010
9 000100100010
9 000100100010
9 000100100010
9 000100100010
9 000100100010
9 000100100010
0 000100100010

0 001001000100
0 001001000100
0 001001000100
0 001001000100
0 001001000100
0 001001000100
0 001001000100
0 001001000100
0 001001000100
0 001001000100
4 001001000100
4 001001000100
4 001001000100
4 001001000100
4 001001000100
4 001001000100

12 001000010001
12 001000010001
12 001000010001
12 001000010001
12 001000010001
12 001000010001
12 001000010001
12 001000010001
12 001000010001
12 001000010001
12 001000010001
12 001000010001
4 001000010001
4 001000010001
5 001000010001
5 001000010001

7 100010010000
7 100010010000
4 100010010000
4 100010010000
4 100010010000
4 100010010000
0 100010010000
0 100010010000
4 001001000100
4 001001000100
4 001001000100
4 001001000100
4 001001000100
4 001001000100
0 001001000100
0 001001000100

7 000010010001
9 000010010001
9 000010010001
9 000010010001
9 000010010001
9 000010010001
9 000010010001
9 000010010001
9 000100100010
9 000100100010
0 000100100010
0 000100100010
0 000100100010
0 000100100010
0 000100100010
0 000100100010

0 001001000100
0 001001000100
0 001001000100
0 001001000100
9 001001000100
9 001001000100
0 001001000100
0 001001000100
0 001001000100
0 001001000100
4 001001000100
4 001001000100
4 001001000100
4 001001000100
4 001001000100
4 001001000100

12 001000010001
12 001000010001
5 001000010001
5 001000010001
5 001000010001
5 001000010001
5 001000010001
5 001000010001
5 100001000100
5 100001000100
7 100001000100
7 100001000100
7 100001000100
7 100001000100
4 100001000100
4 100001000100

4 100010010000
4 100010010000
4 100010010000
4 100010010000
4 100010010000
4 100010010000
4 100010010000
4 100010010000
7 000010010001
7 000010010001
7 000010010001
7 000010010001
9 000010010001
9 000010010001
0 000010010001
0 000010010001

12 100010000100
12 100010000100
4 100010000100
4 100010000100
4 100010000100
4 100010000100
9 100010000100
9 100010000100
9 100010010000
9 100010010000
7 100010010000
7 100010010000
4 100010010000
4 100010010000
4 100010010000
4 100010010000

12 100001000100
12 100001000100
12 100001000100
12 100001000100
12 100001000100
12 100001000100
0 100001000100
0 100001000100
0 100001000100
0 100001000100
0 100001000100
0 100001000100
0 100001000100
0 100001000100
2 100001000100
2 100001000100

2 001000100100
2 001000100100
4 001000100100
4 001000100100
4 001000100100
4 001000100100
4 001000100100
4 001000100100
4 001000100100
4 001000100100
4 001000100100
4 001000100100
4 001000100100
4 001000100100
4 001000100100
4 001000100100

12 001000010001
12 001000010001
5 001000010001
5 001000010001
5 001000010001
5 001000010001
5 001000010001
5 001000010001
5 100001000100
5 100001000100
7 100001000100
7 100001000100
7 100001000100
7 100001000100
4 100001000100
4 100001000100

4 100010010000
4 100010010000
4 100010010000
4 100010010000
4 100010010000
4 100010010000
4 100010010000
4 100010010000
7 000010010001
7 000010010001
7 000010010001
7 000010010001
9 000010010001
9 000010010001
0 000010010001
0 000010010001

12 100010000100
12 100010000100
4 100010000100
4 100010000100
4 100010000100
4 100010000100
9 100010000100
9 100010000100
9 100010010000
9 100010010000
7 100010010000
7 100010010000
4 100010010000
4 100010010000
4 100010010000
4 100010010000

12 100001000100
12 100001000100
12 100001000100
12 100001000100
12 100001000100
12 100001000100
0 100001000100
0 100001000100
0 100001000100
0 100001000100
0 100001000100
0 100001000100
0 100001000100
0 100001000100
0 100001000100
0 100001000100

2 001000100100
2 001000100100
2 001000100100
2 001000100100
2 001000100100
2 001000100100
4 001000100100
4 001000100100
4 001000100100
4 001000100100
4 001000100100
4 001000100100
4 001000100100
4 001000100100
4 001000100100
4 001000100100

4 100010000100
4 100010000100
4 100010000100
4 100010000100
4 100010000100
4 100010000100
2 001000010001
4 001000010001
4 001000010001
4 001000010001
4 001000010001
0 001001000010
0 001001000010
0 001001000010
0 001001000010
0 001001000010

5 100001000100
5 100001000100
5 100001000100
5 100001000100
5 100001000100
5 100001000100
5 100001000100
5 100001000100
5 100001000100
5 100001000100
5 100001000100
5 100001000100
5 100001000100
5 100001000100
4 100001000100
4 100001000100

4 000010001001
4 000010001001
4 000010001001
4 000010001001
4 000010001001
4 000010001001
2 001000100100
2 001000100100
2 001000100100
2 001000100100
2 001000100100
0 001001000100
0 001001000100
0 001001000100
0 001001000100
0 001001000100

7 100010010000
7 100010010000
7 100010010000
7 100010010000
7 100010010000
7 100010010000
7 100010010000
7 100010010000
7 100010010000
7 100010010000
7 100010010000
7 100010010000
7 100010010000
7 100010010000
7 100010010000
7 100010010000

12 100010010000
12 100010010000
12 100010010000
12 100010010000
12 100010010000
12 100010010000
12 100010010000
12 100010010000
12 100010010000
12 100010010000
12 100010010000
12 100010010000
12 100010010000
12 100010010000
12 100010010000
12 100010010000

12 001000100100
12 001000100100
12 001000100100
12 001000100100
12 001000100100
12 001000100100
12 001000100100
12 001000100100
12 001000100100
12 001000100100
12 001000100100
12 001000100100
12 001000100100
12 001000100100
12 001000100100
12 001000100100

12 100001000100
12 100001000100
12 100001000100
12 100001000100
12 100001000100
12 100001000100
12 100001000100
12 100001000100
12 100001000100
12 100001000100
12 100001000100
12 100001000100
12 100001000100
12 100001000100
12 100001000100
12 100001000100

12 001000100100
12 001000100100
12 001000100100
12 001000100100
12 001000100100
12 001000100100
12 001000100100
12 001000100100
12 001000100100
12 001000100100
12 001000100100
12 001000100100
12 001000100100
12 001000100100
12 001000100100
12 001000100100

12 100001000100
12 100001000100
12 100001000100
12 100001000100
12 100001000100
12 100001000100
12 100001000100
12 100001000100
12 100001000100
12 100001000100
12 100001000100
12 100001000100
12 100001000100
12 100001000100
12 100001000100
12 100001000100

12 100010010000
12 100010010000
0 100010010000
0 100010010000
4 100010010000
4 100010010000
2 100010010000
2 100010010000
4 100010010000
4 100010010000
7 100010010000
7 100010010000
7 100010010000
7 100010010000
7 100010010000
7 100010010000

11 000010010001
11 000010010001
11 000010010001
11 000010010001
7 000010010001
7 000010010001
7 000010010001
7 000010010001
4 000010010001
4 000010010001
4 000010010001
4 000010010001
4 000010010001
4 000010010001
11 000010010001
11 000010010001

0 100001000100
0 100001000100
0 100001000100
0 100001000100
0 100001000100
0 100001000100
0 100001000100
0 100001000100
9 100001000100
9 100001000100
9 100001000100
9 100001000100
7 100001000100
7 100001000100
9 100001000100
9 100001000100

12 001000010001
12 001000010001
2 001000010001
2 001000010001
4 001000010001
4 001000010001
4 001000010001
4 001000010001
4 100001000100
4 100001000100
2 100001000100
2 100001000100
2 100001000100
2 100001000100
0 100001000100
0 100001000100

12 100010010000
12 100010010000
12 100010010000
12 100010010000
4 100010010000
4 100010010000
2 100010010000
4 100010010000
4 100010010000
4 100010010000
4 100010010000
4 100010010000
7 100010010000
7 100010010000
7 100010010000
7 100010010000

11 000010010001
11 000010010001
11 000010010001
11 000010010001
2 000010010001
2 000010010001
2 000010010001
2 000010010001
2 000010010001
2 000010010001
2 000010010001
2 000010010001
0 000010010001
0 000010010001
0 000010010001
0 000010010001

12 100001000100
12 100001000100
12 100001000100
12 100001000100
0 100001000100
0 100001000100
0 100001000100
0 100001000100
0 100001000100
0 100001000100
0 100001000100
0 100001000100
0 100001000100
0 100001000100
4 100001000100
4 100001000100

12 001000010001
12 001000010001
12 001000010001
12 001000010001
12 001000010001
12 001000010001
12 001000010001
12 001000010001
12 001000010001
12 001000010001
12 001000010001
12 001000010001
12 001000010001
12 001000010001
4 001000010001
5 001000010001

7 100010010000
7 100010010000
7 100010010000
7 100010010000
4 100010010000
4 100010010000
4 100010010000
4 100010010000
4 001001000100
4 001001000100
4 001001000100
4 001001000100
2 001001000100
2 001001000100
2 001001000100
2 001001000100

12 000010010001
12 000010010001
12 000010010001
11 000010010001
7 000010010001
9 000010010001
9 000010010001
9 000010010001
9 000100100010
9 000100100010
0 000100100010
0 000100100010
0 000100100010
0 000100100010
0 000100100010
0 000100100010

12 001001000100
12 001001000100
0 001001000100
0 001001000100
0 001001000100
0 001001000100
9 001001000100
9 001001000100
0 001001000100
0 001001000100
0 001001000100
0 001001000100
0 001001000100
0 001001000100
4 001001000100
4 001001000100

4 001000010001
4 001000010001
4 001000010001
4 001000010001
4 001000010001
4 001000010001
4 001000010001
4 001000010001
4 001000010001
4 001000010001
4 001000010001
4 001000010001
5 001000010001
5 001000010001
7 001000010001
7 001000010001

12 100010010000
12 100010010000
12 100010010000
12 100010010000
4 100010010000
4 100010010000
4 100010010000
4 100010010000
4 001001000100
4 001001000100
5 001001000100
5 001001000100
4 001001000100
4 001001000100
2 001001000100
2 001001000100

12 000010010001
12 000010010001
11 000010010001
11 000010010001
11 000010010001
11 000010010001
9 000010010001
7 000010010001
7 000100100010
7 000100100010
7 000100100010
7 000100100010
9 000100100010
9 000100100010
9 000100100010
0 000100100010

12 001001000100
12 001001000100
12 001001000100
12 001001000100
0 001001000100
0 001001000100
7 001001000100
7 001001000100
7 001001000100
9 001001000100
9 001001000100
9 001001000100
9 001001000100
9 001001000100
9 001001000100
9 001001000100

12 001000010001
12 001000010001
5 001000010001
5 001000010001
5 001000010001
5 001000010001
5 001000010001
5 001000010001
5 100001000100
5 100001000100
7 100001000100
7 100001000100
7 100001000100
7 100001000100
4 100001000100
4 100001000100

4 100010010000
4 100010010000
4 100010010000
4 100010010000
4 100010010000
4 100010010000
4 100010010000
4 100010010000
7 000010010001
7 000010010001
7 000010010001
7 000010010001
9 000010010001
9 000010010001
0 000010010001
0 000010010001

12 100010000100
12 100010000100
4 100010000100
4 100010000100
4 100010000100
4 100010000100
9 100010000100
9 100010000100
9 100010010000
9 100010010000
7 100010010000
7 100010010000
4 100010010000
4 100010010000
4 100010010000
4 100010010000

12 100001000100
12 100001000100
0 100001000100
0 100001000100
0 100001000100
0 100001000100
0 100001000100
9 100001000100
0 100001000100
0 100001000100
0 100001000100
0 100001000100
0 100001000100
9 100001000100
9 100001000100
9 100001000100

2 001000100100
2 001000100100
2 001000100100
2 001000100100
2 001000100100
2 001000100100
4 001000100100
4 001000100100
4 001000100100
4 001000100100
4 001000100100
4 001000100100
4 001000100100
4 001000100100
4 001000100100
4 001000100100

12 001000010001
12 001000010001
5 001000010001
5 001000010001
5 001000010001
5 001000010001
5 001000010001
5 001000010001
5 100001000100
5 100001000100
7 100001000100
7 100001000100
7 100001000100
7 100001000100
4 100001000100
4 100001000100

4 100010010000
4 100010010000
4 100010010000
4 100010010000
4 100010010000
4 100010010000
4 100010010000
4 100010010000
7 000010010001
7 000010010001
7 000010010001
7 000010010001
9 000010010001
9 000010010001
0 000010010001
0 000010010001

12 100010000100
12 100010000100
4 100010000100
4 100010000100
4 100010000100
4 100010000100
9 100010000100
9 100010000100
9 100010010000
9 100010010000
7 100010010000
7 100010010000
4 100010010000
4 100010010000
4 100010010000
4 100010010000

0 100001000100
0 100001000100
9 100001000100
9 100001000100
0 100001000100
0 100001000100
9 100001000100
9 100001000100
0 100001000100
0 100001000100
9 100001000100
0 100001000100
0 100001000100
0 100001000100
0 100001000100
0 100001000100

2 001000100100
2 001000100100
2 001000100100
2 001000100100
2 001000100100
2 001000100100
4 001000100100
4 001000100100
4 001000100100
4 001000100100
4 001000100100
4 001000100100
4 001000100100
4 001000100100
4 001000100100
4 001000100100

4 100010000100
4 100010000100
4 100010000100
4 100010000100
4 100010000100
4 100010000100
2 001000010001
4 001000010001
4 001000010001
4 001000010001
4 001000010001
0 001001000010
0 001001000010
0 001001000010
0 001001000010
0 001001000010

5 100001000100
5 100001000100
5 100001000100
5 100001000100
5 100001000100
5 100001000100
5 100001000100
5 100001000100
5 100001000100
5 100001000100
5 100001000100
5 100001000100
5 100001000100
5 100001000100
5 100001000100
5 100001000100

4 000010001001
4 000010001001
4 000010001001
4 000010001001
4 000010001001
4 000010001001
2 001000100100
2 001000100100
2 001000100100
2 001000100100
2 001000100100
9 001001000100
0 001001000100
0 001001000100
0 001001000100
0 001001000100

4 100010010000
4 100010010000
4 100010010000
4 100010010000
4 100010010000
4 100010010000
4 100010010000
4 100010010000
4 100010010000
4 100010010000
4 100010010000
4 100010010000
4 100010010000
4 100010010000
4 100010010000
4 100010010000

2 100001000100
2 100001000100
2 100001000100
2 100001000100
2 100001000100
2 100001000100
0 100001000100
0 100001000100
0 100001000100
0 100001000100
0 100001000100
0 100001000100
11 100001000100
11 100001000100
11 100001000100
11 100001000100

2 100001000100
2 100001000100
2 100001000100
2 100001000100
2 100001000100
2 100001000100
0 100001000100
0 100001000100
0 100001000100
0 100001000100
0 100001000100
0 100001000100
11 100001000100
11 100001000100
11 100001000100
11 100001000100

2 100010010000
2 100010010000
0 100010010000
0 100010010000
0 100010010000
0 100010010000
4 100010010000
4 100010010000
4 100010010000
4 100010010000
4 100010010000
4 100010010000
4 100010010000
4 100010010000
4 100010010000
4 100010010000

12 100010010000
12 100010010000
12 100010010000
12 100010010000
12 100010010000
12 100010010000
12 100010010000
12 100010010000
12 100010010000
12 100010010000
12 100010010000
12 100010010000
2 100010010000
2 100010010000
2 100010010000
2 100010010000

2 100001000100
2 100001000100
2 100001000100
2 100001000100
2 100001000100
2 100001000100
0 100001000100
0 100001000100
0 100001000100
0 100001000100
0 100001000100
0 100001000100
11 100001000100
11 100001000100
11 100001000100
11 100001000100

2 100001000100
2 100001000100
2 100001000100
2 100001000100
2 100001000100
2 100001000100
0 100001000100
0 100001000100
0 100001000100
0 100001000100
0 100001000100
0 100001000100
0 100001000100
0 100001000100
2 100001000100
2 100001000100

4 001000010001
4 001000010001
4 001000010001
4 001000010001
4 001000010001
4 001000010001
4 001000010001
4 001000010001
5 001000010001
5 001000010001
5 001000010001
5 001000010001
5 001000010001
5 001000010001
5 001000010001
5 001000010001

12 001000010001
12 001000010001
5 001000010001
5 001000010001
5 001000010001
5 001000010001
5 001000010001
5 001000010001
5 100001000100
5 100001000100
7 100001000100
7 100001000100
7 100001000100
7 100001000100
4 100001000100
4 100001000100

4 100010010000
4 100010010000
4 100010010000
4 100010010000
4 100010010000
4 100010010000
4 100010010000
4 100010010000
7 000010010001
7 000010010001
7 000010010001
7 000010010001
9 000010010001
9 000010010001
0 000010010001
0 000010010001

12 100010000100
12 100010000100
4 100010000100
4 100010000100
4 100010000100
4 100010000100
9 100010000100
9 100010000100
9 100010010000
9 100010010000
7 100010010000
7 100010010000
4 100010010000
4 100010010000
4 100010010000
4 100010010000

12 100001000100
12 100001000100
0 100001000100
0 100001000100
0 100001000100
0 100001000100
0 100001000100
0 100001000100
0 100001000100
0 100001000100
0 100001000100
0 100001000100
0 100001000100
9 100001000100
2 100001000100
2 100001000100

4 001000100100
4 001000100100
4 001000100100
4 001000100100
4 001000100100
4 001000100100
4 001000100100
4 001000100100
4 001000100100
4 001000100100
4 001000100100
4 001000100100
4 001000100100
4 001000100100
4 001000100100
4 001000100100

12 001000010001
12 001000010001
5 001000010001
5 001000010001
5 001000010001
5 001000010001
5 001000010001
5 001000010001
5 100001000100
5 100001000100
7 100001000100
7 100001000100
7 100001000100
7 100001000100
4 100001000100
4 100001000100

4 100010010000
4 100010010000
4 100010010000
4 100010010000
4 100010010000
4 100010010000
4 100010010000
4 100010010000
7 000010010001
7 000010010001
7 000010010001
7 000010010001
9 000010010001
9 000010010001
0 000010010001
0 000010010001

12 100010000100
12 100010000100
4 100010000100
4 100010000100
4 100010000100
4 100010000100
9 100010000100
9 100010000100
9 100010010000
9 100010010000
7 100010010000
7 100010010000
4 100010010000
4 100010010000
4 100010010000
4 100010010000

4 100001000100
2 100001000100
2 100001000100
4 100001000100
4 100001000100
4 100001000100
0 100001000100
0 100001000100
0 100001000100
0 100001000100
0 100001000100
0 100001000100
0 100001000100
0 100001000100
0 100001000100
2 100001000100

12 001000100100
12 001000100100
4 001000100100
4 001000100100
4 001000100100
4 001000100100
4 001000100100
4 001000100100
4 001000100100
4 001000100100
4 001000100100
4 001000100100
4 001000100100
4 001000100100
4 001000100100
4 001000100100

4 100010000100
4 100010000100
4 100010000100
4 100010000100
4 100010000100
4 100010000100
2 001000010001
4 001000010001
4 001000010001
4 001000010001
4 001000010001
0 001001000010
0 001001000010
0 001001000010
0 001001000010
0 001001000010

5 100001000100
5 100001000100
5 100001000100
5 100001000100
5 100001000100
5 100001000100
5 100001000100
5 100001000100
5 100001000100
5 100001000100
5 100001000100
5 100001000100
5 100001000100
5 100001000100
4 100001000100
4 100001000100

4 000010001001
4 000010001001
4 000010001001
4 000010001001
4 000010001001
4 000010001001
2 001000100100
2 001000100100
2 001000100100
2 001000100100
2 001000100100
0 001001000100
0 001001000100
0 001001000100
0 001001000100
0 001001000100

7 100010010000
7 100010010000
7 100010010000
7 100010010000
7 100010010000
7 100010010000
7 100010010000
7 100010010000
7 100010010000
7 100010010000
7 100010010000
9 100010010000
9 100010010000
9 100010010000
0 100010010000
0 100010010000

4 100010000100
4 100010000100
4 100010000100
4 100010000100
4 100010000100
4 100010000100
2 001000010001
4 001000010001
4 001000010001
4 001000010001
4 001000010001
0 001001000010
0 001001000010
0 001001000010
0 001001000010
0 001001000010

5 100001000100
5 100001000100
5 100001000100
5 100001000100
5 100001000100
5 100001000100
5 100001000100
5 100001000100
5 100001000100
5 100001000100
5 100001000100
5 100001000100
5 100001000100
5 100001000100
4 100001000100
4 100001000100

4 000010001001
4 000010001001
4 000010001001
4 000010001001
4 000010001001
4 000010001001
2 001000100100
2 001000100100
2 001000100100
2 001000100100
2 001000100100
0 001001000100
0 001001000100
0 001001000100
0 001001000100
0 001001000100

7 100010010000
7 100010010000
7 100010010000
7 100010010000
7 100010010000
7 100010010000
7 100010010000
7 100010010000
7 100010010000
7 100010010000
7 100010010000
7 100010010000
7 100010010000
7 100010010000
7 100010010000
7 100010010000

12 001001000100
12 001001000100
12 001001000100
12 001001000100
12 001001000100
12 001001000100
12 001001000100
12 001001000100
12 001001000100
12 001001000100
12 001001000100
12 001001000100
12 001001000100
12 001001000100
12 001001000100
12 001001000100

12 000010010001
12 000010010001
12 000010010001
12 000010010001
12 000010010001
12 000010010001
12 000010010001
12 000010010001
12 000010010001
12 000010010001
12 000010010001
12 000010010001
12 000010010001
12 000010010001
12 000010010001
12 000010010001

12 010100010010
12 010100010010
12 010100010010
12 010100010010
12 010100010010
12 010100010010
12 010100010010
12 010100010010
12 010100010010
12 010100010010
12 010100010010
12 010100010010
12 010100010010
12 010100010010
12 010100010010
12 010100010010

12 001001000100
12 001001000100
12 001001000100
12 001001000100
12 001001000100
12 001001000100
12 001001000100
12 001001000100
12 001001000100
12 001001000100
12 001001000100
12 001001000100
12 001001000100
12 001001000100
12 001001000100
12 001001000100

12 010001001000
12 010001001000
12 010001001000
12 010001001000
12 010001001000
12 010001001000
12 010001001000
12 010001001000
12 010001001000
12 010001001000
12 010001001000
12 010001001000
12 010001001000
12 010001001000
12 010001001000
12 010001001000

12 100010010000
12 100010010000
12 100010010000
12 100010010000
12 100010010000
12 100010010000
12 100010010000
12 100010010000
12 100010010000
12 100010010000
12 100010010000
12 100010010000
12 100010010000
12 100010010000
12 100010010000
12 100010010000

