12 001001000010
12 001001000010
12 001001000010
12 001001000010
12 001001000010
12 001001000010
12 001001000010
12 001001000010
12 001001000010
12 001001000010
12 001001000010
12 001001000010
12 001001000010
12 001001000010
12 001001000010
12 001001000010

12 000100010010
12 000100010010
12 000100010010
12 000100010010
12 000100010010
12 000100010010
12 000100010010
12 000100010010
12 000100010010
12 000100010010
12 000100010010
12 000100010010
12 000100010010
12 000100010010
12 000100010010
12 000100010010

12 000100010010
12 000100010010
12 000100010010
12 000100010010
12 000100010010
12 000100010010
12 000100010010
12 000100010010
12 001001000100
12 001001000100
12 001001000100
12 001001000100
12 001001000100
12 001001000100
12 001001000100
12 001001000100

12 100100010000
12 100100010000
12 100100010000
12 100100010000
12 100100010000
12 100100010000
12 100100010000
12 100100010000
12 100001000100
12 100001000100
12 100001000100
12 100001000100
12 100001000100
12 100001000100
12 100001000100
12 100001000100

12 001001000010
12 001001000010
0 001001000010
2 001001000010
2 001001000010
5 001001000010
5 001001000010
5 001001000010
5 001001000010
5 001001000010
5 001001000010
5 001001000010
5 100001001000
5 100001001000
6 100001001000
6 100001001000

12 001001010001
12 001001010001
7 001001010001
7 001001010001
0 001001010001
0 001001010001
2 001001010001
2 001001010001
7 001001010001
7 001001010001
5 001001010001
7 001001010001
5 001001010001
5 001001010001
5 001001010001
5 001001010001

12 100100010000
12 100100010000
2 100100010000
2 100100010000
3 100100010000
3 100100010000
5 100100010000
5 100100010000
7 100100010000
7 100100010000
7 100100010000
7 100100010000
7 100100010000
7 100100010000
7 100100010000
7 100100010000

12 100100010000
12 100100010000
12 100100010000
12 100100010000
12 100100010000
12 100100010000
12 100100010000
12 100100010000
12 100100010000
12 100100010000
12 100100010000
12 100100010000
5 100100010000
5 100100010000
7 100100010000
5 100100010000

7 100001000100
7 100001000100
7 100001000100
9 100001000100
9 100001000100
9 100001000100
9 100001000100
9 100001000100
9 100001000100
9 100001000100
9 100001000100
9 100001000100
9 100001000100
9 100001000100
9 100001000100
9 100001000100

5 100001000100
5 100001000100
5 100001000100
9 100001000100
9 100001000100
9 100001000100
0 100001000100
0 100001000100
10 010010010010
10 010010010010
10 010010010010
7 010010010010
9 010010010010
9 010010010010
9 010010010010
7 010010010010

12 001001000010
12 001001000010
12 001001000010
7 001001000010
5 001001000010
5 001001000010
7 001001000010
7 001001000010
5 001001000001
5 001001000001
5 001001000001
5 001001000001
5 001001000001
5 001001000001
5 001001000001
5 001001000001

12 100100010000
12 100100010000
12 100100010000
12 100100010000
12 100100010000
12 100100010000
12 100100010000
12 100100010000
12 100001000100
12 100001000100
12 100001000100
12 100001000100
12 100001000100
12 100001000100
12 100001000100
12 100001000100

12 001001000010
12 001001000010
12 001001000010
0 001001000010
2 001001000010
2 001001000010
2 001001000010
5 001001000010
5 001001000010
5 001001000010
5 001001000010
5 001001000010
5 100001001000
5 100001001000
5 100001001000
6 100001001000

7 001001010001
7 001001010001
7 001001010001
0 001001010001
0 001001010001
0 001001010001
0 001001010001
2 001001010001
5 001001010001
5 001001010001
7 001001010001
7 001001010001
7 001001010001
7 001001010001
5 001001010001
7 001001010001

2 100100010000
2 100100010000
2 100100010000
2 100100010000
3 100100010000
3 100100010000
3 100100010000
7 100100010000
7 100100010000
7 100100010000
7 100100010000
7 100100010000
7 100100010000
7 100100010000
7 100100010000
7 100100010000

12 100100010000
12 100100010000
12 100100010000
12 100100010000
12 100100010000
12 100100010000
12 100100010000
12 100100010000
12 100100010000
5 100100010000
5 100100010000
5 100100010000
7 100100010000
5 100100010000
5 100100010000
7 100100010000

12 100001000100
12 100001000100
7 100001000100
7 100001000100
9 100001000100
9 100001000100
9 100001000100
9 100001000100
9 100001000100
9 100001000100
9 100001000100
9 100001000100
9 100001000100
9 100001000100
9 100001000100
5 100001000100

5 100001000100
5 100001000100
5 100001000100
9 100001000100
9 100001000100
9 100001000100
9 100001000100
0 100001000100
3 100001000100
3 100001000100
3 100001000100
3 100001000100
3 100001000100
3 100001000100
3 100001000100
2 100001000100

0 001001000010
0 001001000010
0 001001000010
10 001001000010
10 001001000010
10 001001000010
10 001001000010
10 001001000010
10 100100010010
10 100100010010
10 100100010010
10 100100010010
10 100100010010
10 100100010010
10 100100010010
10 100100010010

12 010010010010
12 010010010010
12 010010010010
12 010010010010
12 010010010010
12 010010010010
12 010010010010
12 010010010010
12 001001001010
12 001001001010
12 001001001010
12 001001001010
12 001001001010
12 001001001010
12 001001001010
9 001001001010

10 000100010010
10 000100010010
10 000100010010
7 000100010010
7 000100010010
7 000100010010
7 000100010010
7 000100010010
7 000100010010
7 000100010010
7 000100010010
7 000100010010
7 000100010010
7 000100010010
7 000100010010
7 000100010010

9 000100010010
9 000100010010
10 000100010010
10 000100010010
10 000100010010
10 000100010010
3 000100010010
3 000100010010
7 010010010010
7 010010010010
10 010010010010
10 010010010010
10 010010010010
10 010010010010
9 010010010010
9 010010010010

7 001001000010
7 001001000010
7 001001000010
10 001001000010
10 001001000010
10 001001000010
5 001001000010
5 001001000010
5 001001000010
5 001001000010
5 001001000010
5 001001000010
5 001001000010
5 001001000010
5 001001000010
5 001001000010

12 001001000010
12 001001000010
12 001001000010
12 001001000010
12 001001000010
12 001001000010
12 001001000010
12 001001000010
12 001001000010
12 001001000010
12 001001000010
12 001001000010
12 001001000010
12 001001000010
12 001001000010
12 001001000010

10 100010010010
10 100010010010
10 100010010010
10 100010010010
7 100010010010
7 100010010010
7 100010010010
7 100010010010
7 100010010010
7 100010010010
7 100010010010
7 100010010010
7 100010010010
7 100010010010
7 100010010010
7 100010010010

10 100010010010
10 100010010010
0 100010010010
0 100010010010
0 100010010010
0 100010010010
0 100010010010
5 100010010010
7 100010010010
7 100010010010
9 100010010010
9 100010010010
10 100010010010
10 100010010010
10 100010010010
9 100010010010

7 100101000100
7 100101000100
7 100101000100
9 100101000100
9 100101000100
9 100101000100
9 100101000100
9 100101000100
9 100101000100
9 100101000100
9 100101000100
9 100101000100
9 100101000100
7 100101000100
7 100101000100
9 100101000100

9 100101000100
7 100101000100
7 100101000100
7 100101000100
7 100101000100
7 100101000100
7 100101000100
7 100101000100
5 100101000100
5 100101000100
5 100101000100
5 100101000100
5 100101000100
5 100101000100
5 100101000100
5 100101000100

12 001001000010
12 001001000010
12 001001000010
0 001001000010
2 001001000010
5 001001000010
5 001001000010
5 001001000010
5 001001000010
5 001001000010
5 001001000010
5 001001000010
5 100001001000
5 100001001000
5 100001001000
6 100001001000

7 001001010001
7 001001010001
0 001001010001
0 001001010001
0 001001010001
0 001001010001
0 001001010001
2 001001010001
2 001001010001
5 001001010001
7 001001010001
7 001001010001
7 001001010001
5 001001010001
5 001001010001
5 001001010001

12 100100010000
12 100100010000
2 100100010000
3 100100010000
3 100100010000
3 100100010000
5 100100010000
7 100100010000
7 100100010000
7 100100010000
7 100100010000
7 100100010000
7 100100010000
7 100100010000
7 100100010000
7 100100010000

12 100100010000
12 100100010000
12 100100010000
12 100100010000
12 100100010000
12 100100010000
12 100100010000
12 100100010000
5 100100010000
5 100100010000
5 100100010000
5 100100010000
7 100100010000
7 100100010000
7 100100010000
7 100100010000

10 000100010010
10 000100010010
10 000100010010
10 000100010010
7 000100010010
7 000100010010
7 000100010010
3 000100010010
9 001001000100
9 001001000100
5 001001000100
5 001001000100
5 001001000100
5 001001000100
5 001001000100
2 001001000100

12 100100010000
12 100100010000
5 100100010000
5 100100010000
7 100100010000
7 100100010000
3 100100010000
3 100100010000
0 001001001001
5 001001001001
2 001001001001
2 001001001001
2 001001001001
2 001001001001
2 001001001001
2 001001001001

12 100100010000
2 100100010000
2 100100010000
3 100100010000
3 100100010000
3 100100010000
6 100100010000
6 100100010000
7 100001000100
7 100001000100
2 100001000100
9 100001000100
9 100001000100
9 100001000100
9 100001000100
0 100001000100

2 000100100001
2 000100100001
10 000100100001
10 000100100001
10 000100100001
10 000100100001
10 000100100001
10 000100100001
10 010010100010
10 010010100010
10 010010100010
10 010010100010
10 010010100010
10 010010100010
10 010010100010
10 010010100010

12 000100100001
12 000100100001
1 000100100001
3 000100100001
6 000100100001
6 000100100001
6 000100100001
6 000100100001
6 000100100001
6 000100100001
6 000100100001
6 000100100001
6 010000100100
6 010000100100
6 010000100100
6 010000100100

8 100100101000
8 100100101000
0 100100101000
0 100100101000
0 100100101000
0 100100101000
3 100100101000
3 100100101000
6 100100101000
6 100100101000
8 100100101000
8 100100101000
6 100100101000
6 100100101000
6 100100101000
6 100100101000

12 010010001000
12 010010001000
3 010010001000
3 010010001000
4 010010001000
4 010010001000
6 010010001000
6 010010001000
8 010010001000
8 010010001000
8 010010001000
8 010010001000
8 010010001000
8 010010001000
8 010010001000
8 010010001000

12 010010001000
12 010010001000
12 010010001000
12 010010001000
12 010010001000
12 010010001000
12 010010001000
12 010010001000
12 010010001000
12 010010001000
12 010010001000
12 010010001000
6 010010001000
6 010010001000
8 010010001000
8 010010001000

11 000010001001
11 000010001001
11 000010001001
8 000010001001
8 000010001001
8 000010001001
8 000010001001
4 000010001001
10 000100100010
10 000100100010
6 000100100010
6 000100100010
6 000100100010
6 000100100010
6 000100100010
3 000100100010

12 010010001000
12 010010001000
6 010010001000
6 010010001000
8 010010001000
8 010010001000
4 010010001000
4 010010001000
1 100100100100
6 100100100100
3 100100100100
3 100100100100
3 100100100100
3 100100100100
3 100100100100
3 100100100100

12 010010001000
3 010010001000
3 010010001000
4 010010001000
6 010010001000
6 010010001000
8 010000100010
8 010000100010
3 010000100010
3 010000100010
10 010000100010
10 010000100010
1 010000100010
3 010000100010
1 010000100010
10 010000100010

12 000100100001
12 000100100001
12 000100100001
12 000100100001
12 000100100001
12 000100100001
12 000100100001
12 000100100001
12 000100100001
12 000100100001
12 000100100001
12 000100100001
12 000100100001
12 000100100001
12 000100100001
12 000100100001

12 000110001001
12 000110001001
12 000110001001
12 000110001001
12 000110001001
12 000110001001
12 000110001001
12 000110001001
12 000110001001
12 000110001001
12 000110001001
12 000110001001
12 000110001001
12 000110001001
12 000110001001
12 000110001001

12 000100100001
12 000100100001
12 000100100001
12 000100100001
12 000100100001
12 000100100001
12 000100100001
12 000100100001
12 000100100001
12 000100100001
12 000100100001
12 000100100001
12 000100100001
12 000100100001
12 000100100001
12 000100100001

