12 001000100100
12 001000100100
12 001000100100
12 001000100100
12 001000100100
12 001000100100
12 001000100100
12 001000100100
12 001000100100
12 001000100100
12 001000100100
12 001000100100
12 001000100100
12 001000100100
12 001000100100
12 001000100100

12 001000100100
12 001000100100
12 001000100100
12 001000100100
12 001000100100
12 001000100100
12 001000100100
12 001000100100
12 001000100100
12 001000100100
6 001000100100
6 001000100100
6 001000100100
9 001000100100
9 001000100100
9 001000100100

11 001000100100
11 001000100100
11 001000100100
11 001000100100
11 001000100100
11 001000100100
11 001000100100
11 001000100100
11 001000100100
11 001000100100
11 001000100100
11 001000100100
6 001000100100
6 001000100100
9 001000100100
9 001000100100

11 001000100100
11 001000100100
11 001000100100
11 001000100100
11 001000100100
11 001000100100
11 001000100100
11 001000100100
11 001000100100
11 001000100100
11 001000100100
11 001000100100
6 001000100100
6 001000100100
9 001000100100
9 001000100100

11 001000100100
11 001000100100
11 001000100100
11 001000100100
11 001000100100
11 001000100100
11 001000100100
11 001000100100
1 001000100100
1 001000100100
1 001000100100
1 001000100100
1 001000100100
1 001000100100
9 001000100100
9 001000100100

6 001000100100
6 001000100100
6 001000100100
6 001000100100
6 001000100100
6 001000100100
6 001000100100
6 001000100100
6 001000100100
6 001000100100
6 001000100100
6 001000100100
1 001000100100
1 001000100100
2 001000100100
2 001000100100

4 001000100100
4 001000100100
2 001000100100
2 001000100100
2 001000100100
2 001000100100
2 001000100100
2 001000100100
2 001000100100
2 001000100100
2 001000100100
2 001000100100
1 001000100100
1 001000100100
2 001000100100
2 001000100100

4 001000100100
4 001000100100
4 001000100100
4 001000100100
2 001000100100
2 001000100100
2 001000100100
2 001000100100
2 001000100100
2 001000100100
2 001000100100
2 001000100100
1 001000100100
1 001000100100
2 001000100100
2 001000100100

4 001000010001
4 001000010001
4 001000010001
4 001000010001
4 001000010001
4 001000010001
2 001000010001
2 001000010001
11 001000010001
11 001000010001
11 001000010001
11 001000010001
7 001000010001
7 001000010001
7 001000010001
7 001000010001

4 001010010010
4 001010010010
4 001010010010
4 001010010010
4 001010010010
4 001010010010
4 001010010010
4 001010010010
4 001010010010
4 001010010010
4 001010010010
4 001010010010
11 001010010010
11 001010010010
11 001010010010
11 001010010010

11 001000100100
11 001000100100
9 001000100100
9 001000100100
9 001000100100
9 001000100100
9 001000100100
9 001000100100
9 001000100100
9 001000100100
9 001000100100
9 001000100100
9 001000100100
9 001000100100
9 001000100100
9 001000100100

12 010010010100
12 010010010100
11 010010010100
11 010010010100
1 010010010100
1 010010010100
11 010010010100
11 010010010100
9 010010010100
9 010010010100
9 010010010100
9 010010010100
9 010010010100
9 010010010100
9 010010010100
9 010010010100

12 010010010100
12 010010010100
12 010010010100
12 010010010100
9 010010010100
9 010010010100
9 010010010100
9 010010010100
11 010010010100
11 010010010100
11 010010010100
11 010010010100
1 010010010100
1 010010010100
1 010010010100
1 010010010100

2 001000100100
2 001000100100
9 001000100100
9 001000100100
11 001000100100
11 001000100100
6 001000100100
6 001000100100
9 001000100100
9 001000100100
9 001000100100
9 001000100100
9 001000100100
9 001000100100
9 001000100100
9 001000100100

9 010000100100
9 010000100100
6 010000100100
6 010000100100
6 010000100100
6 010000100100
1 010000100100
1 010000100100
1 010000100100
1 010000100100
1 010000100100
1 010000100100
1 010000100100
1 010000100100
1 010000100100
1 010000100100

2 001000100100
2 001000100100
9 001000100100
9 001000100100
11 001000100100
11 001000100100
6 001000100100
6 001000100100
9 001000100100
9 001000100100
9 001000100100
9 001000100100
9 001000100100
9 001000100100
9 001000100100
9 001000100100

9 010000100100
9 010000100100
6 010000100100
6 010000100100
6 010000100100
6 010000100100
1 010000100100
1 010000100100
1 010000100100
1 010000100100
1 010000100100
1 010000100100
1 010000100100
1 010000100100
9 010000100100
9 010000100100

7 001000010001
7 001000010001
7 001000010001
7 001000010001
7 001000010001
7 001000010001
7 001000010001
7 001000010001
7 001000010001
7 001000010001
7 001000010001
7 001000010001
7 001000010001
7 001000010001
7 001000010001
7 001000010001

6 010010010100
6 010010010100
6 010010010100
6 010010010100
6 010010010100
6 010010010100
6 010010010100
6 010010010100
6 010010010100
6 010010010100
6 010010010100
6 010010010100
2 010010010100
2 010010010100
4 010010010100
4 010010010100

4 001000010001
4 001000010001
2 001000010001
2 001000010001
2 001000010001
2 001000010001
2 001000010001
2 001000010001
2 001000010001
2 001000010001
2 001000010001
2 001000010001
2 001000010001
2 001000010001
1 001000010001
2 001000010001

1 010010010100
1 010010010100
1 010010010100
1 010010010100
1 010010010100
1 010010010100
1 010010010100
1 010010010100
1 010010010100
1 010010010100
1 010010010100
1 010010010100
2 010010010100
2 010010010100
4 010010010100
4 010010010100

4 001000100100
4 001000100100
4 001000100100
4 001000100100
2 001000100100
2 001000100100
2 001000100100
2 001000100100
2 001000100100
2 001000100100
2 001000100100
2 001000100100
2 001000100100
2 001000100100
2 001000100100
2 001000100100

4 001000100100
4 001000100100
2 001000100100
2 001000100100
2 001000100100
2 001000100100
2 001000100100
2 001000100100
2 001000100100
2 001000100100
2 001000100100
2 001000100100
2 001000100100
2 001000100100
2 001000100100
2 001000100100

4 001000010001
4 001000010001
2 001000010001
2 001000010001
2 001000010001
2 001000010001
2 001000010001
2 001000010001
2 001000010001
2 001000010001
2 001000010001
2 001000010001
2 001000010001
2 001000010001
2 001000010001
2 001000010001

6 001010010010
6 001010010010
6 001010010010
6 001010010010
6 001010010010
6 001010010010
7 001010010010
6 001010010010
4 001010010010
4 001010010010
2 001010010010
2 001010010010
2 001010010010
2 001010010010
2 001010010010
2 001010010010

9 001000100100
9 001000100100
9 001000100100
9 001000100100
9 001000100100
9 001000100100
9 001000100100
9 001000100100
9 001000100100
9 001000100100
9 001000100100
9 001000100100
9 001000100100
9 001000100100
2 001000100100
2 001000100100

2 001000100100
2 001000100100
2 001000100100
2 001000100100
2 001000100100
2 001000100100
2 001000100100
2 001000100100
2 001000100100
2 001000100100
2 001000100100
2 001000100100
2 001000100100
2 001000100100
2 001000100100
2 001000100100

9 010010010100
9 010010010100
9 010010010100
9 010010010100
9 010010010100
9 010010010100
9 010010010100
9 010010010100
9 010010010100
9 010010010100
9 010010010100
9 010010010100
2 010010010100
2 010010010100
2 010010010100
2 010010010100

1 010010010100
1 010010010100
1 010010010100
1 010010010100
1 010010010100
1 010010010100
1 010010010100
1 010010010100
1 010010010100
1 010010010100
1 010010010100
1 010010010100
2 010010010100
2 010010010100
4 010010010100
4 010010010100

4 001000100100
4 001000100100
4 001000100100
4 001000100100
2 001000100100
2 001000100100
2 001000100100
2 001000100100
2 001000100100
2 001000100100
2 001000100100
2 001000100100
2 001000100100
2 001000100100
2 001000100100
2 001000100100

12 001000100100
12 001000100100
12 001000100100
12 001000100100
12 001000100100
12 001000100100
12 001000100100
12 001000100100
12 001000100100
12 001000100100
6 001000100100
6 001000100100
6 001000100100
6 001000100100
9 001000100100
11 001000100100

12 001000100100
12 001000100100
12 001000100100
12 001000100100
12 001000100100
12 001000100100
12 001000100100
12 001000100100
12 001000100100
12 001000100100
2 001000100100
2 001000100100
6 001000100100
6 001000100100
9 001000100100
9 001000100100

11 001000100100
11 001000100100
11 001000100100
11 001000100100
11 001000100100
11 001000100100
11 001000100100
11 001000100100
11 001000100100
11 001000100100
11 001000100100
11 001000100100
6 001000100100
6 001000100100
9 001000100100
9 001000100100

11 001000100100
11 001000100100
11 001000100100
11 001000100100
11 001000100100
11 001000100100
11 001000100100
11 001000100100
1 001000100100
1 001000100100
1 001000100100
1 001000100100
1 001000100100
1 001000100100
9 001000100100
9 001000100100

9 001000100100
6 001000100100
6 001000100100
6 001000100100
6 001000100100
6 001000100100
6 001000100100
6 001000100100
6 001000100100
6 001000100100
6 001000100100
6 001000100100
6 001000100100
1 001000100100
1 001000100100
2 001000100100

4 001000100100
4 001000100100
2 001000100100
2 001000100100
2 001000100100
2 001000100100
2 001000100100
2 001000100100
2 001000100100
2 001000100100
2 001000100100
2 001000100100
1 001000100100
1 001000100100
2 001000100100
2 001000100100

4 001000100100
4 001000100100
4 001000100100
4 001000100100
2 001000100100
2 001000100100
2 001000100100
2 001000100100
2 001000100100
2 001000100100
2 001000100100
2 001000100100
2 001000100100
2 001000100100
2 001000100100
2 001000100100

4 001000010001
4 001000010001
2 001000010001
2 001000010001
2 001000010001
2 001000010001
2 001000010001
2 001000010001
2 001000010001
2 001000010001
11 001000010001
11 001000010001
11 001000010001
11 001000010001
2 001000010001
2 001000010001

6 001010010010
6 001010010010
6 001010010010
6 001010010010
6 001010010010
6 001010010010
7 001010010010
6 001010010010
4 001010010010
4 001010010010
4 001010010010
4 001010010010
2 001010010010
2 001010010010
2 001010010010
2 001010010010

9 001000100100
9 001000100100
9 001000100100
9 001000100100
9 001000100100
9 001000100100
9 001000100100
9 001000100100
9 001000100100
9 001000100100
9 001000100100
9 001000100100
2 001000100100
2 001000100100
2 001000100100
2 001000100100

12 001000100100
12 001000100100
12 001000100100
12 001000100100
12 001000100100
12 001000100100
12 001000100100
12 001000100100
12 001000100100
12 001000100100
12 001000100100
12 001000100100
2 001000100100
2 001000100100
2 001000100100
2 001000100100

9 010010010100
9 010010010100
9 010010010100
9 010010010100
9 010010010100
9 010010010100
9 010010010100
9 010010010100
9 010010010100
9 010010010100
9 010010010100
9 010010010100
1 010010010100
1 010010010100
1 010010010100
1 010010010100

1 010010010100
1 010010010100
1 010010010100
1 010010010100
1 010010010100
1 010010010100
1 010010010100
1 010010010100
1 010010010100
1 010010010100
1 010010010100
1 010010010100
1 010010010100
1 010010010100
1 010010010100
1 010010010100

2 001000100100
2 001000100100
9 001000100100
9 001000100100
11 001000100100
11 001000100100
6 001000100100
6 001000100100
9 001000100100
9 001000100100
6 001000100100
6 001000100100
6 001000100100
2 001000100100
2 001000100100
2 001000100100

1 010000100100
1 010000100100
6 010000100100
6 010000100100
6 010000100100
6 010000100100
1 010000100100
1 010000100100
1 010000100100
1 010000100100
1 010000100100
1 010000100100
1 010000100100
1 010000100100
1 010000100100
1 010000100100

2 001000100100
2 001000100100
9 001000100100
9 001000100100
11 001000100100
11 001000100100
6 001000100100
6 001000100100
9 001000100100
9 001000100100
6 001000100100
6 001000100100
6 001000100100
2 001000100100
2 001000100100
2 001000100100

1 010000100100
1 010000100100
6 010000100100
6 010000100100
6 010000100100
6 010000100100
1 010000100100
1 010000100100
1 010000100100
1 010000100100
1 010000100100
1 010000100100
1 010000100100
1 010000100100
1 010000100100
1 010000100100

2 001000010001
2 001000010001
2 001000010001
2 001000010001
2 001000010001
2 001000010001
2 001000010001
2 001000010001
2 001000010001
2 001000010001
2 001000010001
2 001000010001
2 001000010001
2 001000010001
6 001000010001
6 001000010001

12 010010010100
12 010010010100
1 010010010100
1 010010010100
1 010010010100
1 010010010100
1 010010010100
1 010010010100
1 010010010100
1 010010010100
1 010010010100
1 010010010100
1 010010010100
1 010010010100
11 010010010100
11 010010010100

12 001000010001
12 001000010001
2 001000010001
2 001000010001
2 001000010001
2 001000010001
2 001000010001
2 001000010001
2 001000010001
2 001000010001
2 001000010001
2 001000010001
2 001000010001
2 001000010001
1 001000010001
2 001000010001

1 010010010100
1 010010010100
1 010010010100
1 010010010100
1 010010010100
1 010010010100
1 010010010100
1 010010010100
1 010010010100
1 010010010100
1 010010010100
1 010010010100
2 010010010100
2 010010010100
4 010010010100
4 010010010100

4 001000100100
4 001000100100
2 001000100100
2 001000100100
2 001000100100
2 001000100100
2 001000100100
2 001000100100
2 001000100100
2 001000100100
2 001000100100
2 001000100100
2 001000100100
2 001000100100
2 001000100100
2 001000100100

4 001000100100
4 001000100100
2 001000100100
2 001000100100
2 001000100100
2 001000100100
2 001000100100
2 001000100100
2 001000100100
2 001000100100
2 001000100100
2 001000100100
2 001000100100
2 001000100100
2 001000100100
2 001000100100

4 001000010001
4 001000010001
2 001000010001
2 001000010001
2 001000010001
2 001000010001
2 001000010001
2 001000010001
2 001000010001
2 001000010001
2 001000010001
2 001000010001
2 001000010001
2 001000010001
2 001000010001
2 001000010001

6 001010010010
6 001010010010
6 001010010010
6 001010010010
6 001010010010
6 001010010010
7 001010010010
6 001010010010
4 001010010010
4 001010010010
4 001010010010
4 001010010010
2 001010010010
2 001010010010
2 001010010010
2 001010010010

6 001000100100
6 001000100100
6 001000100100
6 001000100100
6 001000100100
6 001000100100
6 001000100100
6 001000100100
6 001000100100
6 001000100100
6 001000100100
6 001000100100
6 001000100100
6 001000100100
6 001000100100
6 001000100100

2 001000100100
2 001000100100
2 001000100100
2 001000100100
2 001000100100
2 001000100100
2 001000100100
2 001000100100
2 001000100100
2 001000100100
2 001000100100
2 001000100100
2 001000100100
2 001000100100
2 001000100100
2 001000100100

9 001000100100
9 001000100100
9 001000100100
9 001000100100
9 001000100100
9 001000100100
9 001000100100
9 001000100100
9 001000100100
9 001000100100
9 001000100100
9 001000100100
9 001000100100
9 001000100100
9 001000100100
9 001000100100

2 001000100001
2 001000100001
2 001000100001
2 001000100001
2 001000100001
2 001000100001
2 001000100001
2 001000100001
2 001000100001
2 001000100001
2 001000100001
2 001000100001
2 001000100001
2 001000100001
2 001000100001
2 001000100001

7 001000010001
7 001000010001
7 001000010001
7 001000010001
7 001000010001
7 001000010001
7 001000010001
7 001000010001
7 001000010001
7 001000010001
7 001000010001
7 001000010001
6 001000010001
6 001000010001
7 001000010001
7 001000010001

9 010010010100
9 010010010100
9 010010010100
9 010010010100
9 010010010100
9 010010010100
9 010010010100
9 010010010100
9 010010010100
9 010010010100
9 010010010100
9 010010010100
8 010010010100
8 010010010100
8 010010010100
8 010010010100

9 001000100100
9 001000100100
9 001000100100
9 001000100100
9 001000100100
9 001000100100
9 001000100100
9 001000100100
9 010010010100
9 010010010100
9 010010010100
9 010010010100
9 010010010100
9 010010010100
9 010010010100
9 010010010100

12 001000100100
12 001000100100
12 001000100100
12 001000100100
12 001000100100
12 001000100100
12 001000100100
12 001000100100
12 001000010001
12 001000010001
12 001000010001
12 001000010001
12 001000010001
12 001000010001
12 001000010001
12 001000010001

12 001000100100
12 001000100100
12 001000100100
12 001000100100
12 001000100100
12 001000100100
12 001000100100
12 001000100100
12 001000100100
12 001000100100
12 001000100100
12 001000100100
12 001000100100
12 001000100100
12 001000100100
12 001000100100

12 001000100100
12 001000100100
12 001000100100
12 001000100100
12 001000100100
12 001000100100
12 001000100100
12 001000100100
12 001000100100
12 001000100100
12 001000100100
12 001000100100
12 001000100100
12 001000100100
12 001000100100
12 001000100100

