12 010010000100
12 010010000100
12 010010000100
12 010010000100
12 010010000100
12 010010000100
12 010010000100
12 010010000100
12 010010000100
12 010010000100
12 010010000100
12 010010000100
12 010010000100
12 010010000100
12 010010000100
12 010010000100

12 001000100100
12 001000100100
12 001000100100
12 001000100100
12 001000100100
12 001000100100
12 001000100100
12 001000100100
12 001000100100
12 001000100100
12 001000100100
12 001000100100
12 001000100100
12 001000100100
12 001000100100
12 001000100100

12 010010000100
12 010010000100
12 010010000100
12 010010000100
12 010010000100
12 010010000100
12 010010000100
12 010010000100
12 010010000100
12 010010000100
12 010010000100
12 010010000100
12 010010000100
12 010010000100
12 010010000100
12 010010000100

12 001000100100
12 001000100100
12 001000100100
12 001000100100
12 001000100100
12 001000100100
12 001000100100
12 001000100100
12 001000100100
12 001000100100
12 001000100100
12 001000100100
12 001000100100
12 001000100100
12 001000100100
12 001000100100

12 010010000100
12 010010000100
12 010010000100
12 010010000100
12 010010000100
12 010010000100
12 010010000100
12 010010000100
12 010010000100
12 010010000100
12 010010000100
12 010010000100
12 010010000100
12 010010000100
12 010010000100
12 010010000100

12 001000100100
12 001000100100
12 001000100100
12 001000100100
12 001000100100
12 001000100100
12 001000100100
12 001000100100
12 001000100100
12 001000100100
12 001000100100
12 001000100100
12 001000100100
12 001000100100
12 001000100100
12 001000100100

12 010010000100
12 010010000100
12 010010000100
12 010010000100
12 010010000100
12 010010000100
12 010010000100
12 010010000100
12 010010000100
12 010010000100
12 010010000100
12 010010000100
11 000010001001
11 000010001001
11 000010001001
11 000010001001

1 001000100100
11 001000100100
9 001000100100
9 001000100100
9 001000100100
9 001000100100
9 001000100100
9 001000100100
9 010010000100
9 010010000100
9 010010000100
9 010010000100
9 010010000100
9 010010000100
9 010010000100
9 010010000100

1 000010001001
1 000010001001
11 000010001001
11 000010001001
11 000010001001
11 000010001001
11 000010001001
11 000010001001
11 000010001001
11 000010001001
11 000010001001
11 000010001001
11 000010001001
11 000010001001
11 000010001001
11 000010001001

1 010001001000
1 010001001000
11 010001001000
11 010001001000
11 010001001000
11 010001001000
11 010001001000
11 010001001000
11 010001001000
11 010001001000
1 010001001000
1 010001001000
1 010001001000
1 010001001000
1 010001001000
1 010001001000

9 010000100100
9 010000100100
9 010000100100
11 010000100100
11 010000100100
11 010000100100
8 010000100100
8 010000100100
9 010000100100
9 010000100100
9 010000100100
11 010000100100
11 010000100100
11 010000100100
8 010000100100
8 010000100100

9 000100100101
8 000100100101
6 000100100101
6 000100100101
6 000100100101
6 000100100101
6 000100100101
6 000100100101
1 000100100101
1 000100100101
1 000100100101
11 000100100101
1 000100100101
11 000100100101
9 000100100101
9 000100100101

8 001000100100
8 001000100100
8 001000100100
9 001000100100
9 001000100100
9 001000100100
9 001000100100
9 001000100100
9 001000100100
9 001000100100
9 001000100100
9 001000100100
9 001000100100
9 001000100100
9 001000100100
9 001000100100

8 001000100101
8 001000100101
8 001000100101
9 001000100101
9 001000100101
9 001000100101
9 001000100101
9 001000100101
9 001000100101
9 001000100101
9 001000100101
9 001000100101
11 001000100101
9 001000100101
9 001000100101
9 001000100101

8 010010000100
8 010010000100
8 010010000100
9 010010000100
9 010010000100
9 010010000100
9 010010000100
9 010010000100
9 010010000100
9 010010000100
9 010010000100
9 010010000100
9 010010000100
9 010010000100
9 010010000100
9 010010000100

12 001000100100
12 001000100100
12 001000100100
12 001000100100
12 001000100100
12 001000100100
12 001000100100
12 001000100100
12 001000100100
12 001000100100
12 001000100100
12 001000100100
12 001000100100
12 001000100100
12 001000100100
12 001000100100

12 010010000100
12 010010000100
12 010010000100
12 010010000100
12 010010000100
12 010010000100
12 010010000100
12 010010000100
12 001000100100
12 001000100100
12 001000100100
12 001000100100
12 001000100100
12 001000100100
12 001000100100
12 001000100100

12 010010000100
12 010010000100
12 010010000100
12 010010000100
12 010010000100
12 010010000100
12 010010000100
12 010010000100
12 001000100100
12 001000100100
12 001000100100
12 001000100100
12 001000100100
12 001000100100
12 001000100100
12 001000100100

1 010010000100
1 010010000100
4 010010000100
4 010010000100
4 010010000100
4 010010000100
4 010010000100
4 010010000100
4 010010000100
4 010010000100
4 010010000100
4 010010000100
4 010010000100
6 010010000100
6 010010000100
6 010010000100

12 001000100100
12 001000100100
12 001000100100
12 001000100100
12 001000100100
12 001000100100
12 001000100100
12 001000100100
12 001000100100
12 001000100100
12 001000100100
12 001000100100
12 001000100100
12 001000100100
12 001000100100
12 001000100100

1 010010000100
1 010010000100
4 010010000100
4 010010000100
4 010010000100
4 010010000100
4 010010000100
4 010010000100
4 010010000100
4 010010000100
4 010010000100
4 010010000100
11 010010000100
11 010010000100
1 010010000100
1 010010000100

12 010000100100
12 010000100100
12 010000100100
12 010000100100
12 010000100100
12 010000100100
12 010000100100
12 010000100100
12 010000100100
12 010000100100
12 010000100100
1 010000100100
1 010000100100
11 010000100100
9 010000100100
9 010000100100

11 001010001001
11 001010001001
11 001010001001
11 001010001001
11 001010001001
11 001010001001
11 001010001001
11 001010001001
1 010010000100
1 010010000100
1 010010000100
1 010010000100
1 010010000100
1 010010000100
1 010010000100
1 010010000100

11 001010001001
11 001010001001
11 001010001001
11 001010001001
11 001010001001
11 001010001001
11 001010001001
1 001010001001
1 010010000100
1 010010000100
1 010010000100
1 010010000100
11 010010000100
9 010010000100
9 010010000100
8 010010000100

4 000010001001
4 000010001001
4 000010001001
6 000010001001
6 000010001001
6 000010001001
6 000010001001
6 000010001001
6 010000100100
6 010000100100
6 010000100100
6 010000100100
6 010000100100
6 010000100100
6 010000100100
6 010000100100

12 010000100100
12 010000100100
12 010000100100
12 010000100100
12 010000100100
12 010000100100
12 010000100100
12 010000100100
12 010000100100
12 010000100100
12 010000100100
12 010000100100
12 010000100100
12 010000100100
12 010000100100
12 010000100100

1 010010000100
1 010010000100
4 010010000100
4 010010000100
4 010010000100
4 010010000100
4 010010000100
4 010010000100
4 010010000100
4 010010000100
9 010010000100
9 010010000100
9 010010000100
9 010010000100
4 010010000100
4 010010000100

6 001000100100
6 001000100100
6 001000100100
6 001000100100
6 001000100100
6 001000100100
6 001000100100
6 001000100100
6 001000100100
6 001000100100
6 001000100100
6 001000100100
6 001000100100
6 001000100100
6 001000100100
6 001000100100

1 010010000100
1 010010000100
4 010010000100
4 010010000100
4 010010000100
4 010010000100
4 010010000100
4 010010000100
4 010010000100
4 010010000100
4 010010000100
4 010010000100
4 010010000100
4 010010000100
4 010010000100
4 010010000100

11 010000100100
11 010000100100
11 010000100100
11 010000100100
11 010000100100
11 010000100100
11 010000100100
11 010000100100
1 010000100100
1 010000100100
1 010000100100
1 010000100100
1 010000100100
1 010000100100
1 010000100100
1 010000100100

11 001010001001
11 001010001001
11 001010001001
11 001010001001
11 001010001001
11 001010001001
11 001010001001
11 001010001001
1 010010000100
1 010010000100
1 010010000100
1 010010000100
1 010010000100
1 010010000100
1 010010000100
1 010010000100

11 001010001001
11 001010001001
11 001010001001
11 001010001001
11 001010001001
11 001010001001
11 001010001001
11 001010001001
1 010010000100
1 010010000100
1 010010000100
1 010010000100
11 010010000100
9 010010000100
9 010010000100
8 010010000100

4 000010001001
4 000010001001
4 000010001001
6 000010001001
6 000010001001
6 000010001001
6 000010001001
6 000010001001
6 010000100100
6 010000100100
6 010000100100
6 010000100100
6 010000100100
6 010000100100
6 010000100100
6 010000100100

12 010000100100
12 010000100100
12 010000100100
12 010000100100
12 010000100100
12 010000100100
12 010000100100
12 010000100100
9 010000100100
9 010000100100
9 010000100100
11 010000100100
11 010000100100
11 010000100100
1 010000100100
1 010000100100

1 001000100001
1 001000100001
1 001000100001
2 001000100001
2 001000100001
2 001000100001
2 001000100001
2 001000100001
2 001000100001
2 001000100001
2 001000100001
2 001000100001
2 001000100001
2 001000100001
2 001000100001
2 001000100001

11 000010001001
11 000010001001
11 000010001001
11 000010001001
11 000010001001
11 000010001001
11 000010001001
11 000010001001
4 000010001001
4 000010001001
4 000010001001
6 000010001001
6 000010001001
6 000010001001
8 000010001001
8 000010001001

8 010010000100
8 010010000100
8 010010000100
9 010010000100
9 010010000100
9 010010000100
9 010010000100
9 010010000100
9 010010000100
9 010010000100
9 010010000100
9 010010000100
9 010010000100
9 010010000100
9 010010000100
9 010010000100

8 001000100100
8 001000100100
8 001000100100
9 001000100100
9 001000100100
9 001000100100
9 001000100100
9 001000100100
9 001000100100
9 001000100100
11 001000100100
11 001000100100
11 001000100100
11 001000100100
9 001000100100
9 001000100100

8 010010000100
8 010010000100
8 010010000100
9 010010000100
9 010010000100
9 010010000100
9 010010000100
9 010010000100
9 010010000100
9 010010000100
9 010010000100
9 010010000100
9 010010000100
9 010010000100
9 010010000100
9 010010000100

12 001000100100
12 001000100100
12 001000100100
12 001000100100
12 001000100100
12 001000100100
12 001000100100
12 001000100100
12 001000100100
12 001000100100
12 001000100100
12 001000100100
12 001000100100
12 001000100100
12 001000100100
12 001000100100

8 010010000100
8 010010000100
8 010010000100
9 010010000100
9 010010000100
9 010010000100
9 010010000100
9 010010000100
9 010010000100
9 010010000100
9 010010000100
9 010010000100
9 010010000100
9 010010000100
9 010010000100
9 010010000100

8 001000100100
8 001000100100
8 001000100100
8 001000100100
9 001000100100
9 001000100100
9 001000100100
9 001000100100
9 001000100100
9 001000100100
11 001000100100
11 001000100100
11 001000100100
11 001000100100
9 001000100100
9 001000100100

11 010010000100
11 010010000100
11 010010000100
11 010010000100
1 010010000100
1 010010000100
1 010010000100
1 010010000100
1 010010000100
1 010010000100
1 010010000100
1 010010000100
11 000010001001
11 000010001001
11 000010001001
11 000010001001

1 001000100100
11 001000100100
9 001000100100
9 001000100100
9 001000100100
9 001000100100
9 001000100100
9 001000100100
9 010010000100
9 010010000100
9 010010000100
9 010010000100
9 010010000100
9 010010000100
9 010010000100
9 010010000100

1 000010001001
1 000010001001
11 000010001001
11 000010001001
11 000010001001
11 000010001001
11 000010001001
11 000010001001
11 000010001001
11 000010001001
11 000010001001
11 000010001001
11 000010001001
11 000010001001
11 000010001001
11 000010001001

1 010001001000
1 010001001000
11 010001001000
11 010001001000
11 010001001000
11 010001001000
11 010001001000
11 010001001000
11 010001001000
11 010001001000
1 010001001000
1 010001001000
1 010001001000
1 010001001000
1 010001001000
1 010001001000

9 010000100100
9 010000100100
9 010000100100
11 010000100100
11 010000100100
11 010000100100
8 010000100100
8 010000100100
9 010000100100
9 010000100100
9 010000100100
11 010000100100
11 010000100100
11 010000100100
8 010000100100
8 010000100100

9 000100100101
8 000100100101
6 000100100101
6 000100100101
6 000100100101
6 000100100101
6 000100100101
6 000100100101
1 000100100101
1 000100100101
1 000100100101
11 000100100101
1 000100100101
11 000100100101
9 000100100101
9 000100100101

8 001000100100
8 001000100100
8 001000100100
9 001000100100
9 001000100100
9 001000100100
9 001000100100
9 001000100100
9 001000100100
9 001000100100
9 001000100100
9 001000100100
9 001000100100
9 001000100100
9 001000100100
9 001000100100

8 001000100101
8 001000100101
8 001000100101
9 001000100101
9 001000100101
9 001000100101
9 001000100101
9 001000100101
9 001000100101
9 001000100101
9 001000100101
9 001000100101
11 001000100101
9 001000100101
9 001000100101
9 001000100101

8 010010000100
8 010010000100
8 010010000100
9 010010000100
9 010010000100
9 010010000100
9 010010000100
9 010010000100
9 010010000100
9 010010000100
9 010010000100
9 010010000100
9 010010000100
9 010010000100
9 010010000100
9 010010000100

12 001000100100
12 001000100100
12 001000100100
12 001000100100
12 001000100100
12 001000100100
12 001000100100
12 001000100100
12 001000100100
12 001000100100
12 001000100100
12 001000100100
12 001000100100
12 001000100100
12 001000100100
12 001000100100

12 010010000100
12 010010000100
12 010010000100
12 010010000100
12 010010000100
12 010010000100
12 010010000100
12 010010000100
12 010010000100
12 010010000100
12 010010000100
12 010010000100
12 010010000100
12 010010000100
12 010010000100
12 010010000100

12 001000100100
12 001000100100
12 001000100100
12 001000100100
12 001000100100
12 001000100100
12 001000100100
12 001000100100
12 001000100100
12 001000100100
12 001000100100
12 001000100100
12 001000100100
12 001000100100
12 001000100100
12 001000100100

12 010010000100
12 010010000100
12 010010000100
12 010010000100
12 010010000100
12 010010000100
12 010010000100
12 010010000100
12 001000100100
12 001000100100
12 001000100100
12 001000100100
12 001000100100
12 001000100100
12 001000100100
12 001000100100

12 010010000100
12 010010000100
12 010010000100
12 010010000100
12 010010000100
12 010010000100
12 010010000100
12 010010000100
12 001000100100
12 001000100100
12 001000100100
12 001000100100
12 001000100100
12 001000100100
12 001000100100
12 001000100100

1 010010000100
1 010010000100
4 010010000100
4 010010000100
4 010010000100
4 010010000100
4 010010000100
4 010010000100
4 010010000100
4 010010000100
4 010010000100
4 010010000100
4 010010000100
6 010010000100
6 010010000100
6 010010000100

12 001000100100
12 001000100100
12 001000100100
12 001000100100
12 001000100100
12 001000100100
12 001000100100
12 001000100100
12 001000100100
12 001000100100
12 001000100100
12 001000100100
12 001000100100
12 001000100100
12 001000100100
12 001000100100

1 010010000100
1 010010000100
4 010010000100
4 010010000100
4 010010000100
4 010010000100
4 010010000100
4 010010000100
4 010010000100
4 010010000100
4 010010000100
4 010010000100
4 010010000100
4 010010000100
4 010010000100
4 010010000100

1 010000100100
1 010000100100
1 010000100100
1 010000100100
1 010000100100
1 010000100100
1 010000100100
1 010000100100
1 010000100100
1 010000100100
1 010000100100
1 010000100100
1 010000100100
1 010000100100
1 010000100100
1 010000100100

11 001010001001
11 001010001001
11 001010001001
11 001010001001
11 001010001001
11 001010001001
11 001010001001
11 001010001001
1 010010000100
1 010010000100
1 010010000100
1 010010000100
1 010010000100
1 010010000100
1 010010000100
1 010010000100

11 001010001001
11 001010001001
11 001010001001
11 001010001001
11 001010001001
11 001010001001
11 001010001001
1 001010001001
1 010010000100
1 010010000100
1 010010000100
1 010010000100
11 010010000100
9 010010000100
9 010010000100
8 010010000100

4 000010001001
4 000010001001
4 000010001001
6 000010001001
6 000010001001
6 000010001001
6 000010001001
6 000010001001
6 010000100100
6 010000100100
6 010000100100
6 010000100100
6 010000100100
6 010000100100
6 010000100100
6 010000100100

12 010000100100
12 010000100100
12 010000100100
12 010000100100
12 010000100100
12 010000100100
12 010000100100
12 010000100100
9 010000100100
9 010000100100
9 010000100100
11 010000100100
11 010000100100
11 010000100100
1 010000100100
1 010000100100

1 001000100001
1 001000100001
1 001000100001
2 001000100001
2 001000100001
2 001000100001
2 001000100001
2 001000100001
2 001000100001
2 001000100001
2 001000100001
2 001000100001
2 001000100001
2 001000100001
2 001000100001
2 001000100001

12 000010001001
12 000010001001
12 000010001001
12 000010001001
12 000010001001
12 000010001001
12 000010001001
12 000010001001
4 000010001001
4 000010001001
4 000010001001
6 000010001001
6 000010001001
6 000010001001
8 000010001001
8 000010001001

8 010010000100
8 010010000100
8 010010000100
9 010010000100
9 010010000100
9 010010000100
9 010010000100
9 010010000100
9 010010000100
9 010010000100
9 010010000100
9 010010000100
9 010010000100
9 010010000100
9 010010000100
9 010010000100

8 001000100100
8 001000100100
8 001000100100
9 001000100100
9 001000100100
9 001000100100
9 001000100100
9 001000100100
9 001000100100
9 001000100100
11 001000100100
11 001000100100
11 001000100100
11 001000100100
9 001000100100
9 001000100100

8 010010000100
8 010010000100
8 010010000100
9 010010000100
9 010010000100
9 010010000100
9 010010000100
9 010010000100
9 010010000100
9 010010000100
9 010010000100
9 010010000100
9 010010000100
9 010010000100
9 010010000100
9 010010000100

12 001000100100
12 001000100100
12 001000100100
12 001000100100
12 001000100100
12 001000100100
12 001000100100
12 001000100100
12 001000100100
12 001000100100
12 001000100100
12 001000100100
12 001000100100
12 001000100100
12 001000100100
12 001000100100

8 010010000100
8 010010000100
8 010010000100
9 010010000100
9 010010000100
9 010010000100
9 010010000100
9 010010000100
9 010010000100
9 010010000100
9 010010000100
9 010010000100
9 010010000100
9 010010000100
9 010010000100
9 010010000100

8 001000100100
8 001000100100
8 001000100100
9 001000100100
9 001000100100
9 001000100100
9 001000100100
9 001000100100
9 001000100100
9 001000100100
11 001000100100
11 001000100100
11 001000100100
11 001000100100
9 001000100100
9 001000100100

11 010010000100
11 010010000100
11 010010000100
11 010010000100
1 010010000100
1 010010000100
1 010010000100
1 010010000100
1 010010000100
1 010010000100
1 010010000100
1 010010000100
11 000010001001
11 000010001001
11 000010001001
11 000010001001

1 001000100100
11 001000100100
9 001000100100
9 001000100100
9 001000100100
9 001000100100
9 001000100100
9 001000100100
9 010010000100
9 010010000100
9 010010000100
9 010010000100
9 010010000100
9 010010000100
9 010010000100
9 010010000100

1 000010001001
1 000010001001
11 000010001001
11 000010001001
11 000010001001
11 000010001001
11 000010001001
11 000010001001
11 000010001001
11 000010001001
11 000010001001
11 000010001001
11 000010001001
11 000010001001
11 000010001001
11 000010001001

1 010001001000
1 010001001000
11 010001001000
11 010001001000
11 010001001000
11 010001001000
11 010001001000
11 010001001000
11 010001001000
11 010001001000
1 010001001000
1 010001001000
1 010001001000
1 010001001000
1 010001001000
1 010001001000

9 010000100100
9 010000100100
9 010000100100
11 010000100100
11 010000100100
11 010000100100
8 010000100100
8 010000100100
9 010000100100
9 010000100100
9 010000100100
11 010000100100
11 010000100100
11 010000100100
8 010000100100
8 010000100100

9 000100100101
8 000100100101
6 000100100101
6 000100100101
6 000100100101
6 000100100101
6 000100100101
6 000100100101
1 000100100101
1 000100100101
1 000100100101
11 000100100101
1 000100100101
11 000100100101
9 000100100101
9 000100100101

8 001000100100
8 001000100100
8 001000100100
9 001000100100
9 001000100100
9 001000100100
9 001000100100
9 001000100100
9 001000100100
9 001000100100
9 001000100100
9 001000100100
9 001000100100
9 001000100100
9 001000100100
9 001000100100

8 001000100101
8 001000100101
8 001000100101
9 001000100101
9 001000100101
9 001000100101
9 001000100101
9 001000100101
9 001000100101
9 001000100101
9 001000100101
9 001000100101
11 001000100101
9 001000100101
9 001000100101
9 001000100101

8 010010000100
8 010010000100
8 010010000100
9 010010000100
9 010010000100
9 010010000100
9 010010000100
9 010010000100
9 010010000100
9 010010000100
9 010010000100
9 010010000100
9 010010000100
9 010010000100
9 010010000100
9 010010000100

12 001000100100
12 001000100100
12 001000100100
12 001000100100
12 001000100100
12 001000100100
12 001000100100
12 001000100100
12 001000100100
12 001000100100
12 001000100100
12 001000100100
12 001000100100
12 001000100100
12 001000100100
12 001000100100

12 010010000100
12 010010000100
12 010010000100
12 010010000100
12 010010000100
12 010010000100
12 010010000100
12 010010000100
12 010010000100
12 010010000100
12 010010000100
12 010010000100
12 010010000100
12 010010000100
12 010010000100
12 010010000100

12 001000100100
12 001000100100
12 001000100100
12 001000100100
12 001000100100
12 001000100100
12 001000100100
12 001000100100
12 001000100100
12 001000100100
12 001000100100
12 001000100100
11 001000100100
9 001000100100
9 001000100100
9 001000100100

8 010010000100
8 010010000100
8 010010000100
9 010010000100
9 010010000100
9 010010000100
9 010010000100
9 010010000100
9 010010000100
9 010010000100
9 010010000100
9 010010000100
9 010010000100
9 010010000100
9 010010000100
9 010010000100

12 001000100100
12 001000100100
12 001000100100
12 001000100100
12 001000100100
12 001000100100
12 001000100100
12 001000100100
12 001000100100
12 001000100100
12 001000100100
12 001000100100
12 001000100100
12 001000100100
12 001000100100
12 001000100100

12 010010000100
12 010010000100
12 010010000100
12 010010000100
12 010010000100
12 010010000100
12 010010000100
12 010010000100
12 010010000100
12 010010000100
12 010010000100
12 010010000100
12 010010000100
12 010010000100
12 010010000100
12 010010000100

12 001000100100
12 001000100100
12 001000100100
12 001000100100
12 001000100100
12 001000100100
12 001000100100
12 001000100100
12 001000100100
12 001000100100
12 001000100100
12 001000100100
12 001000100100
12 001000100100
12 001000100100
12 001000100100

12 010010000100
12 010010000100
12 010010000100
12 010010000100
12 010010000100
12 010010000100
12 010010000100
12 010010000100
12 010010000100
12 010010000100
12 010010000100
12 010010000100
12 010010000100
12 010010000100
12 010010000100
12 010010000100

12 001000100100
12 001000100100
12 001000100100
12 001000100100
12 001000100100
12 001000100100
12 001000100100
12 001000100100
12 001000100100
12 001000100100
12 001000100100
12 001000100100
12 001000100100
12 001000100100
12 001000100100
12 001000100100

12 010010000100
12 010010000100
12 010010000100
12 010010000100
12 010010000100
12 010010000100
12 010010000100
12 010010000100
12 010010000100
12 010010000100
12 010010000100
12 010010000100
12 010010000100
12 010010000100
12 010010000100
12 010010000100

12 001000100100
12 001000100100
12 001000100100
12 001000100100
12 001000100100
12 001000100100
12 001000100100
12 001000100100
12 001000100100
12 001000100100
12 001000100100
12 001000100100
12 001000100100
12 001000100100
12 001000100100
12 001000100100

12 010010000100
12 010010000100
12 010010000100
12 010010000100
12 010010000100
12 010010000100
12 010010000100
12 010010000100
12 010010000100
12 010010000100
12 010010000100
12 010010000100
12 010010000100
12 010010000100
12 010010000100
12 010010000100

12 001000100100
12 001000100100
12 001000100100
12 001000100100
12 001000100100
12 001000100100
12 001000100100
12 001000100100
12 001000100100
12 001000100100
12 001000100100
12 001000100100
12 001000100100
12 001000100100
12 001000100100
12 001000100100

