12 000000000000
12 000000000000
12 000000000000
12 000000000000
12 000000000000
12 000000000000
12 000000000000
12 000000000000
12 000000000000
12 000000000000
12 000000000000
12 000000000000
12 000000000000
12 000000000000
12 000000000000
12 000000000000

12 000010001001
12 000010001001
12 000010001001
12 000010001001
12 000010001001
12 000010001001
12 000010001001
12 000010001001
12 000010001001
12 000010001001
12 000010001001
12 000010001001
12 000010001001
12 000010001001
12 000010001001
12 000010001001

12 000010001001
12 000010001001
12 000010001001
12 000010001001
12 000010001001
12 000010001001
12 000010001001
12 000010001001
12 000010001001
12 000010001001
12 000010001001
12 000010001001
12 000010001001
12 000010001001
12 000010001001
12 000010001001

12 010010000100
12 010010000100
12 010010000100
12 010010000100
12 010010000100
12 010010000100
12 010010000100
12 010010000100
12 010010000100
12 010010000100
12 010010000100
12 010010000100
12 010010000100
12 010010000100
12 010010000100
12 010010000100

12 000100100001
12 000100100001
12 000100100001
12 000100100001
12 000100100001
12 000100100001
12 000100100001
12 000100100001
12 000100100001
12 000100100001
12 000100100001
12 000100100001
12 000100100001
12 000100100001
12 000100100001
12 000100100001

12 000010001001
12 000010001001
12 000010001001
12 000010001001
12 000010001001
12 000010001001
12 000010001001
12 000010001001
12 000010001001
12 000010001001
12 000010001001
12 000010001001
12 000010001001
12 000010001001
12 000010001001
12 000010001001

12 000010001001
12 000010001001
12 000010001001
12 000010001001
12 000010001001
12 000010001001
12 000010001001
12 000010001001
12 000010001001
12 000010001001
12 000010001001
12 000010001001
12 000010001001
12 000010001001
12 000010001001
12 000010001001

12 010010000100
12 010010000100
12 010010000100
12 010010000100
12 010010000100
12 010010000100
12 010010000100
12 010010000100
12 010010000100
12 010010000100
12 010010000100
12 010010000100
12 010010000100
12 010010000100
12 010010000100
12 010010000100

12 000100100001
12 000100100001
12 000100100001
12 000100100001
12 000100100001
12 000100100001
12 000100100001
12 000100100001
12 000100100001
12 000100100001
12 000100100001
12 000100100001
12 000100100001
12 000100100001
12 000100100001
12 000100100001

12 000010001001
12 000010001001
12 000010001001
12 000010001001
12 000010001001
12 000010001001
4 000010001001
4 000010001001
4 000010001001
4 000010001001
6 000010001001
6 000010001001
6 000010001001
6 000010001001
4 000010001001
4 000010001001

11 000010001001
11 000010001001
11 000010001001
11 000010001001
1 000010001001
1 000010001001
1 000010001001
1 000010001001
3 000010001001
3 000010001001
3 000010001001
3 000010001001
4 000010001001
4 000010001001
4 000010001001
4 000010001001

12 010010000100
12 010010000100
1 010010000100
1 010010000100
9 010010000100
9 010010000100
9 010010000100
9 010010000100
9 010010000100
9 010010000100
9 010010000100
9 010010000100
9 010010000100
9 010010000100
8 010010000100
8 010010000100

12 000100100001
12 000100100001
8 000100100001
9 000100100001
8 000100100001
8 000100100001
6 000100100001
6 000100100001
6 000100100001
6 000100100001
6 000100100001
6 000100100001
6 000100100001
6 000100100001
6 000100100001
6 000100100001

12 000010001001
12 000010001001
12 000010001001
12 000010001001
12 000010001001
12 000010001001
4 000010001001
4 000010001001
4 000010001001
4 000010001001
6 000010001001
6 000010001001
6 000010001001
6 000010001001
4 000010001001
4 000010001001

11 000010001001
11 000010001001
11 000010001001
11 000010001001
1 000010001001
1 000010001001
1 000010001001
1 000010001001
3 000010001001
3 000010001001
3 000010001001
3 000010001001
4 000010001001
4 000010001001
4 000010001001
4 000010001001

1 010010000100
1 010010000100
9 010010000100
9 010010000100
9 010010000100
9 010010000100
9 010010000100
9 010010000100
9 010010000100
9 010010000100
9 010010000100
9 010010000100
9 010010000100
9 010010000100
8 010010000100
8 010010000100

12 000100100001
12 000100100001
8 000100100001
9 000100100001
8 000100100001
8 000100100001
6 000100100001
6 000100100001
6 000100100001
6 000100100001
6 000100100001
6 000100100001
6 000100100001
6 000100100001
6 000100100001
6 000100100001

12 010000100100
12 010000100100
12 010000100100
12 010000100100
1 010000100100
1 010000100100
1 010000100100
1 010000100100
11 010000100100
11 010000100100
11 010000100100
11 010000100100
9 010000100100
9 010000100100
9 010000100100
9 010000100100

8 000100100001
8 000100100001
8 000100100001
8 000100100001
6 000100100001
6 000100100001
6 000100100001
6 000100100001
6 000100100001
6 000100100001
6 000100100001
6 000100100001
6 000100100001
6 000100100001
6 000100100001
6 000100100001

12 000100001001
12 000100001001
12 000100001001
12 000100001001
3 000100001001
3 000100001001
3 000100001001
3 000100001001
1 000100001001
1 000100001001
1 000100001001
1 000100001001
11 000100001001
11 000100001001
11 000100001001
11 000100001001

10 010001001000
10 010001001000
10 010001001000
10 010001001000
8 010001001000
8 010001001000
8 010001001000
8 010001001000
8 010001001000
8 010001001000
8 010001001000
8 010001001000
10 010001001000
10 010001001000
10 010001001000
10 010001001000

12 010000100010
12 010000100010
8 010000100010
8 010000100010
6 010000100010
6 010000100010
6 010000100010
6 010000100010
6 010000100010
6 010000100010
6 010000100010
6 010000100010
6 010000100010
6 010000100010
6 010000100010
6 010000100010

12 010000100010
12 010000100010
12 010000100010
12 010000100010
12 010000100010
12 010000100010
10 010000100010
10 010000100010
10 010000100010
10 010000100010
8 010000100010
8 010000100010
6 010000100010
6 010000100010
5 010000100010
5 010000100010

12 000100101001
12 000100101001
6 000100101001
6 000100101001
6 000100101001
6 000100101001
6 000100101001
6 000100101001
6 000100101001
6 000100101001
6 000100101001
6 000100101001
6 000100101001
6 000100101001
6 000100101001
6 000100101001

12 010001001000
12 010001001000
5 010001001000
5 010001001000
6 010001001000
6 010001001000
8 010001001000
8 010001001000
8 010001001000
8 010001001000
5 010001001000
5 010001001000
3 010001001000
3 010001001000
5 010001001000
5 010001001000

12 010000100010
12 010000100010
3 010000100010
5 010000100010
3 010000100010
3 010000100010
3 010000100010
3 010000100010
1 010000100010
1 010000100010
1 010000100010
1 010000100010
1 010000100010
1 010000100010
1 010000100010
1 010000100010

12 010000100010
12 010000100010
12 010000100010
12 010000100010
12 010000100010
12 010000100010
10 010000100010
10 010000100010
10 010000100010
10 010000100010
8 010000100010
8 010000100010
6 010000100010
6 010000100010
5 010000100010
5 010000100010

12 000100101001
12 000100101001
6 000100101001
6 000100101001
6 000100101001
6 000100101001
6 000100101001
6 000100101001
6 000100101001
6 000100101001
6 000100101001
6 000100101001
6 000100101001
6 000100101001
6 000100101001
6 000100101001

12 010001001000
12 010001001000
12 010001001000
12 010001001000
12 010001001000
12 010001001000
12 010001001000
12 010001001000
12 010001001000
12 010001001000
12 010001001000
12 010001001000
12 010001001000
12 010001001000
12 010001001000
12 010001001000

12 000100100101
12 000100100101
12 000100100101
12 000100100101
12 000100100101
12 000100100101
12 000100100101
12 000100100101
12 000100100101
12 000100100101
12 000100100101
12 000100100101
12 000100100101
12 000100100101
12 000100100101
12 000100100101

12 000010001001
12 000010001001
12 000010001001
12 000010001001
12 000010001001
12 000010001001
4 000010001001
4 000010001001
4 000010001001
4 000010001001
6 000010001001
6 000010001001
6 000010001001
6 000010001001
4 000010001001
4 000010001001

11 000010001001
11 000010001001
11 000010001001
11 000010001001
1 000010001001
1 000010001001
1 000010001001
1 000010001001
3 000010001001
3 000010001001
3 000010001001
3 000010001001
4 000010001001
4 000010001001
4 000010001001
4 000010001001

12 010010000100
12 010010000100
1 010010000100
1 010010000100
1 010010000100
1 010010000100
9 010010000100
9 010010000100
9 010010000100
9 010010000100
9 010010000100
9 010010000100
9 010010000100
9 010010000100
8 010010000100
8 010010000100

8 000100100001
8 000100100001
6 000100100001
6 000100100001
6 000100100001
6 000100100001
6 000100100001
6 000100100001
6 000100100001
6 000100100001
6 000100100001
6 000100100001
6 000100100001
6 000100100001
6 000100100001
6 000100100001

12 000010001001
12 000010001001
12 000010001001
12 000010001001
12 000010001001
12 000010001001
4 000010001001
4 000010001001
4 000010001001
4 000010001001
6 000010001001
6 000010001001
6 000010001001
6 000010001001
4 000010001001
4 000010001001

11 000010001001
11 000010001001
11 000010001001
11 000010001001
1 000010001001
1 000010001001
1 000010001001
1 000010001001
3 000010001001
3 000010001001
3 000010001001
3 000010001001
4 000010001001
4 000010001001
4 000010001001
4 000010001001

12 010010000100
12 010010000100
1 010010000100
1 010010000100
1 010010000100
1 010010000100
9 010010000100
9 010010000100
9 010010000100
9 010010000100
9 010010000100
9 010010000100
9 010010000100
9 010010000100
8 010010000100
8 010010000100

8 000100100001
8 000100100001
8 000100100001
8 000100100001
6 000100100001
6 000100100001
6 000100100001
6 000100100001
6 000100100001
6 000100100001
6 000100100001
6 000100100001
6 000100100001
6 000100100001
6 000100100001
6 000100100001

12 010000100100
12 010000100100
12 010000100100
12 010000100100
1 010000100100
1 010000100100
1 010000100100
1 010000100100
11 010000100100
11 010000100100
11 010000100100
11 010000100100
9 010000100100
9 010000100100
9 010000100100
9 010000100100

8 000100100001
8 000100100001
8 000100100001
8 000100100001
6 000100100001
6 000100100001
6 000100100001
6 000100100001
6 000100100001
6 000100100001
6 000100100001
6 000100100001
6 000100100001
6 000100100001
6 000100100001
6 000100100001

12 000100001001
12 000100001001
12 000100001001
12 000100001001
3 000100001001
3 000100001001
3 000100001001
3 000100001001
1 000100001001
1 000100001001
1 000100001001
1 000100001001
11 000100001001
11 000100001001
11 000100001001
11 000100001001

10 010001001000
10 010001001000
10 010001001000
10 010001001000
8 010001001000
8 010001001000
8 010001001000
8 010001001000
8 010001001000
8 010001001000
6 010001001000
6 010001001000
10 010001001000
10 010001001000
10 010001001000
10 010001001000

12 010000100010
12 010000100010
8 010000100010
8 010000100010
6 010000100010
6 010000100010
6 010000100010
6 010000100010
6 010000100010
6 010000100010
6 010000100010
6 010000100010
6 010000100010
6 010000100010
6 010000100010
6 010000100010

12 010000100010
12 010000100010
12 010000100010
12 010000100010
12 010000100010
12 010000100010
10 010000100010
10 010000100010
10 010000100010
10 010000100010
8 010000100010
8 010000100010
6 010000100010
6 010000100010
5 010000100010
5 010000100010

12 000100101001
12 000100101001
6 000100101001
6 000100101001
6 000100101001
6 000100101001
6 000100101001
6 000100101001
6 000100101001
6 000100101001
6 000100101001
6 000100101001
6 000100101001
6 000100101001
6 000100101001
6 000100101001

12 010001001000
12 010001001000
5 010001001000
5 010001001000
6 010001001000
6 010001001000
8 010001001000
8 010001001000
8 010001001000
8 010001001000
5 010001001000
5 010001001000
3 010001001000
3 010001001000
5 010001001000
5 010001001000

12 010000100010
12 010000100010
3 010000100010
5 010000100010
3 010000100010
3 010000100010
3 010000100010
3 010000100010
1 010000100010
1 010000100010
1 010000100010
1 010000100010
1 010000100010
1 010000100010
1 010000100010
1 010000100010

12 010000100010
12 010000100010
12 010000100010
12 010000100010
12 010000100010
12 010000100010
10 010000100010
10 010000100010
10 010000100010
10 010000100010
8 010000100010
8 010000100010
6 010000100010
6 010000100010
5 010000100010
5 010000100010

12 000100101001
12 000100101001
6 000100101001
6 000100101001
6 000100101001
6 000100101001
6 000100101001
6 000100101001
6 000100101001
6 000100101001
6 000100101001
6 000100101001
6 000100101001
6 000100101001
6 000100101001
6 000100101001

12 010001001000
12 010001001000
12 010001001000
12 010001001000
12 010001001000
12 010001001000
12 010001001000
12 010001001000
12 010001001000
12 010001001000
12 010001001000
12 010001001000
12 010001001000
12 010001001000
12 010001001000
12 010001001000

12 000100100101
12 000100100101
12 000100100101
12 000100100101
12 000100100101
12 000100100101
12 000100100101
12 000100100101
12 000100100101
12 000100100101
12 000100100101
12 000100100101
12 000100100101
12 000100100101
12 000100100101
12 000100100101

12 000010001001
12 000010001001
12 000010001001
12 000010001001
12 000010001001
12 000010001001
12 000010001001
12 000010001001
12 000010001001
12 000010001001
12 000010001001
12 000010001001
12 000010001001
12 000010001001
12 000010001001
12 000010001001

12 000010001001
12 000010001001
12 000010001001
12 000010001001
12 000010001001
12 000010001001
12 000010001001
12 000010001001
12 000010001001
12 000010001001
12 000010001001
12 000010001001
12 000010001001
12 000010001001
12 000010001001
12 000010001001

12 010010000100
12 010010000100
12 010010000100
12 010010000100
12 010010000100
12 010010000100
12 010010000100
12 010010000100
12 010010000100
12 010010000100
12 010010000100
12 010010000100
12 010010000100
12 010010000100
12 010010000100
12 010010000100

12 000100100001
12 000100100001
12 000100100001
12 000100100001
12 000100100001
12 000100100001
12 000100100001
12 000100100001
12 000100100001
12 000100100001
12 000100100001
12 000100100001
12 000100100001
12 000100100001
12 000100100001
12 000100100001

12 000010001001
12 000010001001
12 000010001001
12 000010001001
12 000010001001
12 000010001001
12 000010001001
12 000010001001
12 000010001001
12 000010001001
12 000010001001
12 000010001001
12 000010001001
12 000010001001
12 000010001001
12 000010001001

12 000010001001
12 000010001001
12 000010001001
12 000010001001
12 000010001001
12 000010001001
12 000010001001
12 000010001001
12 000010001001
12 000010001001
12 000010001001
12 000010001001
12 000010001001
12 000010001001
12 000010001001
12 000010001001

12 010010000100
12 010010000100
12 010010000100
12 010010000100
12 010010000100
12 010010000100
12 010010000100
12 010010000100
12 010010000100
12 010010000100
12 010010000100
12 010010000100
12 010010000100
12 010010000100
12 010010000100
12 010010000100

12 000100100001
12 000100100001
12 000100100001
12 000100100001
12 000100100001
12 000100100001
12 000100100001
12 000100100001
12 000100100001
12 000100100001
12 000100100001
12 000100100001
12 000100100001
12 000100100001
12 000100100001
12 000100100001

12 000010001001
12 000010001001
12 000010001001
12 000010001001
12 000010001001
12 000010001001
4 000010001001
4 000010001001
4 000010001001
4 000010001001
6 000010001001
6 000010001001
6 000010001001
6 000010001001
4 000010001001
4 000010001001

11 000010001001
11 000010001001
11 000010001001
11 000010001001
1 000010001001
1 000010001001
1 000010001001
1 000010001001
3 000010001001
3 000010001001
3 000010001001
3 000010001001
4 000010001001
4 000010001001
4 000010001001
4 000010001001

12 010010000100
12 010010000100
1 010010000100
1 010010000100
1 010010000100
1 010010000100
9 010010000100
9 010010000100
9 010010000100
9 010010000100
9 010010000100
9 010010000100
9 010010000100
9 010010000100
8 010010000100
8 010010000100

12 000100100001
12 000100100001
8 000100100001
8 000100100001
6 000100100001
6 000100100001
6 000100100001
6 000100100001
6 000100100001
6 000100100001
6 000100100001
6 000100100001
6 000100100001
6 000100100001
6 000100100001
6 000100100001

12 000010001001
12 000010001001
12 000010001001
12 000010001001
12 000010001001
12 000010001001
4 000010001001
4 000010001001
4 000010001001
4 000010001001
6 000010001001
6 000010001001
6 000010001001
6 000010001001
4 000010001001
4 000010001001

11 000010001001
11 000010001001
11 000010001001
11 000010001001
1 000010001001
1 000010001001
1 000010001001
1 000010001001
3 000010001001
3 000010001001
3 000010001001
3 000010001001
4 000010001001
4 000010001001
4 000010001001
4 000010001001

12 010010000100
12 010010000100
1 010010000100
1 010010000100
1 010010000100
1 010010000100
9 010010000100
9 010010000100
9 010010000100
9 010010000100
9 010010000100
9 010010000100
9 010010000100
9 010010000100
8 010010000100
8 010010000100

12 000100100001
12 000100100001
8 000100100001
8 000100100001
6 000100100001
6 000100100001
6 000100100001
6 000100100001
6 000100100001
6 000100100001
6 000100100001
6 000100100001
6 000100100001
6 000100100001
6 000100100001
6 000100100001

12 010000100100
12 010000100100
12 010000100100
12 010000100100
1 010000100100
1 010000100100
1 010000100100
1 010000100100
11 010000100100
11 010000100100
11 010000100100
11 010000100100
9 010000100100
9 010000100100
9 010000100100
9 010000100100

8 000100100001
8 000100100001
8 000100100001
8 000100100001
6 000100100001
6 000100100001
6 000100100001
6 000100100001
6 000100100001
6 000100100001
6 000100100001
6 000100100001
6 000100100001
6 000100100001
6 000100100001
6 000100100001

12 000100001001
12 000100001001
12 000100001001
12 000100001001
3 000100001001
3 000100001001
3 000100001001
3 000100001001
1 000100001001
1 000100001001
1 000100001001
1 000100001001
11 000100001001
11 000100001001
11 000100001001
11 000100001001

10 010001001000
10 010001001000
10 010001001000
10 010001001000
8 010001001000
8 010001001000
8 010001001000
8 010001001000
8 010001001000
8 010001001000
6 010001001000
6 010001001000
10 010001001000
10 010001001000
10 010001001000
10 010001001000

12 010000100010
12 010000100010
8 010000100010
8 010000100010
6 010000100010
6 010000100010
6 010000100010
6 010000100010
6 010000100010
6 010000100010
6 010000100010
6 010000100010
6 010000100010
6 010000100010
6 010000100010
6 010000100010

12 010000100010
12 010000100010
12 010000100010
12 010000100010
12 010000100010
12 010000100010
10 010000100010
10 010000100010
10 010000100010
10 010000100010
8 010000100010
8 010000100010
6 010000100010
6 010000100010
5 010000100010
5 010000100010

12 000100101001
12 000100101001
6 000100101001
6 000100101001
6 000100101001
6 000100101001
6 000100101001
6 000100101001
6 000100101001
6 000100101001
6 000100101001
6 000100101001
6 000100101001
6 000100101001
6 000100101001
6 000100101001

12 010001001000
12 010001001000
5 010001001000
5 010001001000
6 010001001000
6 010001001000
8 010001001000
8 010001001000
8 010001001000
8 010001001000
5 010001001000
5 010001001000
3 010001001000
3 010001001000
5 010001001000
5 010001001000

12 010000100010
12 010000100010
3 010000100010
5 010000100010
3 010000100010
3 010000100010
3 010000100010
3 010000100010
1 010000100010
1 010000100010
1 010000100010
1 010000100010
1 010000100010
1 010000100010
1 010000100010
1 010000100010

12 010000100010
12 010000100010
12 010000100010
12 010000100010
12 010000100010
12 010000100010
10 010000100010
10 010000100010
10 010000100010
10 010000100010
8 010000100010
8 010000100010
6 010000100010
6 010000100010
5 010000100010
5 010000100010

12 000100101001
12 000100101001
6 000100101001
6 000100101001
6 000100101001
6 000100101001
6 000100101001
6 000100101001
6 000100101001
6 000100101001
6 000100101001
6 000100101001
6 000100101001
6 000100101001
6 000100101001
6 000100101001

12 010001001000
12 010001001000
5 010001001000
5 010001001000
6 010001001000
6 010001001000
8 010001001000
8 010001001000
8 010001001000
8 010001001000
5 010001001000
5 010001001000
3 010001001000
3 010001001000
5 010001001000
5 010001001000

12 010000100010
12 010000100010
3 010000100010
5 010000100010
3 010000100010
3 010000100010
3 010000100010
3 010000100010
1 010000100010
1 010000100010
1 010000100010
1 010000100010
1 010000100010
1 010000100010
1 010000100010
1 010000100010

12 010000100010
12 010000100010
12 010000100010
12 010000100010
12 010000100010
12 010000100010
10 010000100010
10 010000100010
10 010000100010
10 010000100010
8 010000100010
8 010000100010
6 010000100010
6 010000100010
8 010000100010
8 010000100010

12 000100101001
12 000100101001
3 000100101001
3 000100101001
3 000100101001
3 000100101001
3 000100101001
3 000100101001
3 000100101001
3 000100101001
3 000100101001
3 000100101001
3 000100101001
3 000100101001
3 000100101001
3 000100101001

12 010001001000
12 010001001000
12 010001001000
12 010001001000
12 010001001000
12 010001001000
12 010001001000
12 010001001000
12 010001001000
12 010001001000
12 010001001000
12 010001001000
12 010001001000
12 010001001000
12 010001001000
12 010001001000

