12 100001001000
12 100001001000
12 100001001000
12 100001001000
12 100001001000
12 100001001000
12 100001001000
12 100001001000
12 100100010000
12 100100010000
12 100100010000
12 100100010000
12 100100010000
12 100100010000
12 100100010000
12 100100010000

12 001001001010
12 001001001010
12 001001001010
12 001001001010
12 001001001010
12 001001001010
12 001001001010
12 001001001010
12 010001010010
12 010001010010
12 010001010010
12 010001010010
12 010001010010
12 010001010010
12 010001010010
12 010001010010

12 100001001000
12 100001001000
12 100001001000
12 100001001000
12 100001001000
12 100001001000
12 100001001000
12 100001001000
12 100010010010
12 100010010010
12 100010010010
12 100010010010
12 100010010010
12 100010010010
12 100010010010
12 100010010010

12 100001001000
12 100001001000
12 100001001000
12 100001001000
12 100001001000
12 100001001000
12 100001001000
12 100001001000
12 100001001000
12 100001001000
12 100001001000
12 100001001000
12 100001001000
12 100001001000
12 100001001000
12 100001001000

12 100001001000
12 100001001000
12 100001001000
12 100001001000
12 100001001000
12 100001001000
12 100001001000
12 100001001000
12 100100010000
12 100100010000
12 100100010000
12 100100010000
12 100100010000
12 100100010000
12 100100010000
12 100100010000

12 001001001010
12 001001001010
12 001001001010
12 001001001010
12 001001001010
12 001001001010
12 001001001010
12 001001001010
12 010001010010
12 010001010010
12 010001010010
12 010001010010
12 010001010010
12 010001010010
12 010001010010
12 010001010010

12 100001001000
12 100001001000
12 100001001000
12 100001001000
12 100001001000
12 100001001000
12 100001001000
12 100001001000
12 100010010010
12 100010010010
12 100010010010
12 100010010010
12 100010010010
12 100010010010
12 100010010010
12 100010010010

12 100001001000
12 100001001000
12 100001001000
12 100001001000
12 100001001000
12 100001001000
12 100001001000
12 100001001000
12 100001001000
12 100001001000
12 100001001000
12 100001001000
12 100001001000
12 100001001000
12 100001001000
12 100001001000

12 001001001010
12 001001001010
12 001001001010
12 001001001010
12 001001001010
12 001001001010
12 001001001010
12 001001001010
12 001001001010
12 001001001010
12 001001001010
12 001001001010
12 001001001010
12 001001001010
12 001001001010
12 001001001010

12 010100010010
12 010100010010
12 010100010010
12 010100010010
12 010100010010
12 010100010010
12 010100010010
12 010100010010
12 100010010000
12 100010010000
12 100010010000
12 100010010000
12 100010010000
12 100010010000
12 100010010000
12 100010010000

12 100001001000
12 100001001000
12 100001001000
12 100001001000
12 100001001000
12 100001001000
12 100001001000
12 100001001000
12 100001001000
12 100001001000
12 100001001000
12 100001001000
12 100001001000
12 100001001000
12 100001001000
12 100001001000

12 100001001000
12 100001001000
12 100001001000
12 100001001000
12 100001001000
12 100001001000
12 100001001000
12 100001001000
12 100001001000
12 100001001000
12 100001001000
12 100001001000
12 100001001000
12 100001001000
12 100001001000
12 100001001000

12 100001001000
12 100001001000
12 100001001000
12 100001001000
10 100001001000
0 100001001000
0 100001001000
0 100001001000
5 100100010000
5 100100010000
5 100100010000
5 100100010000
5 100100010000
0 100100010000
8 100100010000
8 100100010000

10 001001001010
0 001001001010
0 001001001010
0 001001001010
10 001001001010
10 001001001010
0 001001001010
10 001001001010
10 010001010010
8 010001010010
8 010001010010
8 010001010010
8 010001010010
8 010001010010
8 010001010010
8 010001010010

12 100001001000
12 100001001000
12 100001001000
12 100001001000
0 100001001000
0 100001001000
0 100001001000
0 100001001000
5 100100010000
5 100100010000
5 100100010000
5 100100010000
5 100100010000
0 100100010000
8 100100010000
8 100100010000

10 001001001010
0 001001001010
0 001001001010
0 001001001010
10 001001001010
10 001001001010
10 001001001010
10 001001001010
10 010001010010
8 010001010010
10 010001010010
10 010001010010
10 010001010010
10 010001010010
10 010001010010
10 010001010010

12 100001001000
12 100001001000
12 100001001000
12 100001001000
12 100001001000
12 100001001000
12 100001001000
12 100001001000
12 100100010000
12 100100010000
10 100100010000
8 100100010000
8 100100010000
8 100100010000
10 100100010000
5 100100010000

12 001001001010
12 001001001010
12 001001001010
12 001001001010
12 001001001010
12 001001001010
12 001001001010
12 001001001010
12 010001010010
12 010001010010
12 010001010010
12 010001010010
12 010001010010
12 010001010010
12 010001010010
12 010001010010

7 100001001000
7 100001001000
7 100001001000
7 100001001000
5 100001001000
5 100001001000
5 100001001000
5 100001001000
3 100100010000
3 100100010000
3 100100010000
3 100100010000
3 100100010000
3 100100010000
0 100100010000
10 100100010000

12 001001001010
8 001001001010
8 001001001010
8 001001001010
10 001001001010
10 001001001010
0 001001001010
8 001001001010
3 010001010010
3 010001010010
5 010001010010
5 010001010010
5 010001010010
5 010001010010
5 010001010010
5 010001010010

12 101001001000
12 101001001000
5 101001001000
7 101001001000
8 101001001000
8 101001001000
10 101001001000
0 101001001000
0 100010010000
0 100010010000
0 100010010000
0 100010010000
0 100010010000
0 100010010000
0 100010010000
8 100010010000

12 101001001000
8 101001001000
8 101001001000
8 101001001000
7 101001001000
5 101001001000
5 101001001000
5 101001001000
3 010001010010
3 010001010010
3 010001010010
0 010001010010
10 010001010010
10 010001010010
8 010001010010
0 010001010010

12 100010010000
12 100010010000
12 100010010000
12 100010010000
12 100010010000
12 100010010000
12 100010010000
12 100010010000
12 100010010000
12 100010010000
12 100010010000
12 100010010000
12 100010010000
12 100010010000
12 100010010000
12 100010010000

12 100010010000
12 100010010000
12 100010010000
12 100010010000
12 100010010000
12 100010010000
12 100010010000
12 100010010000
12 100010010000
12 100010010000
12 100010010000
0 100010010000
2 100010010000
5 100010010000
5 100010010000
5 100010010000

12 100001001000
5 100001001000
5 100001001000
5 100001001000
3 100001001000
3 100001001000
3 100001001000
3 100001001000
5 000100010010
5 000100010010
5 000100010010
3 000100010010
0 000100010010
0 000100010010
0 000100010010
0 000100010010

5 010001001000
3 010001001000
3 010001001000
5 010001001000
3 010001001000
3 010001001000
3 010001001000
5 010001001000
3 000100010010
3 000100010010
3 000100010010
5 000100010010
3 000100010010
3 000100010010
3 000100010010
3 000100010010

12 100001001000
5 100001001000
5 100001001000
5 100001001000
3 100001001000
3 100001001000
3 100001001000
5 100001001000
5 000100010010
3 000100010010
5 000100010010
3 000100010010
0 000100010010
0 000100010010
0 000100010010
0 000100010010

5 010001001000
3 010001001000
3 010001001000
3 010001001000
10 010001001000
10 010001001000
8 010001001000
10 010001001000
8 000100010010
10 000100010010
10 000100010010
10 000100010010
10 000100010010
8 000100010010
10 000100010010
5 000100010010

12 100001001000
12 100001001000
12 100001001000
12 100001001000
12 100001001000
12 100001001000
12 100001001000
12 100001001000
12 100100010000
12 100100010000
12 100100010000
12 100100010000
12 100100010000
12 100100010000
12 100100010000
12 100100010000

12 001001001010
12 001001001010
12 001001001010
12 001001001010
12 001001001010
12 001001001010
12 001001001010
12 001001001010
12 010001010010
12 010001010010
12 010001010010
12 010001010010
12 010001010010
12 010001010010
12 010001010010
12 010001010010

12 100001001000
12 100001001000
12 100001001000
12 100001001000
12 100001001000
12 100001001000
12 100001001000
12 100001001000
12 100010010010
12 100010010010
12 100010010010
12 100010010010
12 100010010010
12 100010010010
12 100010010010
12 100010010010

12 100001001000
12 100001001000
12 100001001000
12 100001001000
12 100001001000
12 100001001000
12 100001001000
12 100001001000
12 100001001000
12 100001001000
12 100001001000
12 100001001000
12 100001001000
12 100001001000
12 100001001000
12 100001001000

12 100001001000
12 100001001000
12 100001001000
0 100001001000
0 100001001000
0 100001001000
0 100001001000
0 100001001000
5 100100010000
5 100100010000
5 100100010000
5 100100010000
5 100100010000
5 100100010000
10 100100010000
8 100100010000

0 001001001010
0 001001001010
0 001001001010
0 001001001010
10 001001001010
10 001001001010
10 001001001010
10 001001001010
10 010001010010
10 010001010010
8 010001010010
8 010001010010
8 010001010010
8 010001010010
8 010001010010
8 010001010010

12 100001001000
12 100001001000
12 100001001000
12 100001001000
10 100001001000
0 100001001000
0 100001001000
0 100001001000
5 100100010000
5 100100010000
5 100100010000
5 100100010000
5 100100010000
0 100100010000
8 100100010000
8 100100010000

10 001001001010
0 001001001010
0 001001001010
0 001001001010
10 001001001010
10 001001001010
10 001001001010
11 001001001010
10 010001010010
10 010001010010
8 010001010010
10 010001010010
10 010001010010
10 010001010010
10 010001010010
10 010001010010

12 100001001000
12 100001001000
12 100001001000
12 100001001000
12 100001001000
12 100001001000
12 100001001000
12 100001001000
12 100100010000
12 100100010000
10 100100010000
8 100100010000
8 100100010000
8 100100010000
10 100100010000
10 100100010000

5 001001001010
5 001001001010
5 001001001010
5 001001001010
5 001001001010
5 001001001010
5 001001001010
5 001001001010
5 010001010010
5 010001010010
5 010001010010
5 010001010010
5 010001010010
5 010001010010
5 010001010010
5 010001010010

5 100001001000
5 100001001000
5 100001001000
5 100001001000
5 100001001000
7 100001001000
8 100001001000
8 100001001000
7 100100010000
7 100100010000
5 100100010000
5 100100010000
5 100100010000
5 100100010000
5 100100010000
5 100100010000

12 001001001010
12 001001001010
5 001001001010
5 001001001010
7 001001001010
7 001001001010
8 001001001010
7 001001001010
7 010001010010
8 010001010010
5 010001010010
5 010001010010
5 010001010010
5 010001010010
5 010001010010
5 010001010010

12 100001001000
12 100001001000
7 100001001000
8 100001001000
7 100001001000
5 100001001000
5 100001001000
5 100001001000
7 000100010010
7 000100010010
7 000100010010
8 000100010010
7 000100010010
5 000100010010
5 000100010010
5 000100010010

8 010001001000
8 010001001000
5 010001001000
3 010001001000
5 010001001000
5 010001001000
3 010001001000
5 010001001000
5 000100010010
3 000100010010
5 000100010010
3 000100010010
5 000100010010
3 000100010010
5 000100010010
5 000100010010

12 100001001000
12 100001001000
7 100001001000
8 100001001000
7 100001001000
5 100001001000
5 100001001000
5 100001001000
7 000100010010
7 000100010010
7 000100010010
8 000100010010
7 000100010010
5 000100010010
5 000100010010
5 000100010010

8 101001001000
8 101001001000
8 101001001000
7 101001001000
7 101001001000
5 101001001000
5 101001001000
5 101001001000
7 010001001000
8 010001001000
7 010001001000
5 010001001000
7 010001001000
5 010001001000
5 010001001000
7 010001001000

12 100010010000
12 100010010000
12 100010010000
12 100010010000
12 100010010000
12 100010010000
12 100010010000
3 100010010000
4 100010010000
4 100010010000
0 100010010000
10 100010010000
0 100010010000
0 100010010000
0 100010010000
0 100010010000

12 100010010000
12 100010010000
3 100010010000
3 100010010000
3 100010010000
3 100010010000
4 100010010000
4 100010010000
4 100010010000
4 100010010000
4 100010010000
4 100010010000
4 100010010000
4 100010010000
4 100010010000
4 100010010000

12 100001001000
12 100001001000
12 100001001000
12 100001001000
12 100001001000
12 100001001000
12 100001001000
12 100001001000
12 100010010000
12 100010010000
12 100010010000
12 100010010000
12 100010010000
12 100010010000
12 100010010000
12 100010010000

12 100011001000
12 100011001000
12 100011001000
12 100011001000
12 100011001000
12 100011001000
12 100011001000
12 100011001000
12 001001001010
12 001001001010
12 001001001010
12 001001001010
12 001001001010
12 001001001010
12 001001001010
12 001001001010

12 010100010010
12 010100010010
12 010100010010
12 010100010010
12 010100010010
12 010100010010
12 010100010010
12 010100010010
12 100010010000
12 100010010000
12 100010010000
12 100010010000
12 100010010000
12 100010010000
12 100010010000
12 100010010000

12 100001001000
12 100001001000
12 100001001000
12 100001001000
12 100001001000
12 100001001000
12 100001001000
12 100001001000
12 100001001000
12 100001001000
12 100001001000
12 100001001000
12 100001001000
12 100001001000
12 100001001000
12 100001001000

12 100001001000
12 100001001000
12 100001001000
12 100001001000
12 100001001000
12 100001001000
12 100001001000
12 100001001000
12 100010010000
12 100010010000
12 100010010000
12 100010010000
12 100010010000
12 100010010000
12 100010010000
12 100010010000

12 100011001000
12 100011001000
12 100011001000
12 100011001000
12 100011001000
12 100011001000
12 100011001000
12 100011001000
12 001001001010
12 001001001010
12 001001001010
12 001001001010
12 001001001010
12 001001001010
12 001001001010
12 001001001010

12 010100010010
12 010100010010
12 010100010010
12 010100010010
12 010100010010
12 010100010010
12 010100010010
12 010100010010
12 100010010000
12 100010010000
12 100010010000
12 100010010000
12 100010010000
12 100010010000
5 100010010000
5 100010010000

12 100001001000
12 100001001000
7 100001001000
8 100001001000
7 100001001000
5 100001001000
5 100001001000
5 100001001000
7 000100010010
7 000100010010
7 000100010010
8 000100010010
7 000100010010
5 000100010010
5 000100010010
5 000100010010

8 010001001000
8 010001001000
5 010001001000
3 010001001000
5 010001001000
5 010001001000
3 010001001000
5 010001001000
5 000100010010
3 000100010010
5 000100010010
3 000100010010
5 000100010010
3 000100010010
5 000100010010
5 000100010010

12 100001001000
12 100001001000
7 100001001000
8 100001001000
7 100001001000
5 100001001000
5 100001001000
5 100001001000
7 000100010010
7 000100010010
7 000100010010
8 000100010010
7 000100010010
5 000100010010
5 000100010010
5 000100010010

8 101001001000
8 101001001000
8 101001001000
7 101001001000
7 101001001000
5 101001001000
5 101001001000
5 101001001000
7 010001001000
8 010001001000
7 010001001000
5 010001001000
7 010001001000
5 010001001000
5 010001001000
7 010001001000

12 100010010000
12 100010010000
12 100010010000
3 100010010000
4 100010010000
4 100010010000
0 100010010000
10 100010010000
0 100010010000
0 100010010000
0 100010010000
0 100010010000
0 100010010000
0 100010010000
0 100010010000
0 100010010000

12 100010010000
12 100010010000
12 100010010000
12 100010010000
12 100010010000
12 100010010000
12 100010010000
12 100010010000
12 100010010000
12 100010010000
12 100010010000
12 100010010000
12 100010010000
12 100010010000
5 100010010000
5 100010010000

12 001001000010
12 001001000010
8 001001000010
8 001001000010
7 001001000010
5 001001000010
5 001001000010
5 001001000010
5 100010010000
5 100010010000
8 100010010000
8 100010010000
7 100010010000
5 100010010000
5 100010010000
5 100010010000

12 010001001000
5 010001001000
8 010001001000
8 010001001000
7 010001001000
5 010001001000
5 010001001000
5 010001001000
8 000100010010
8 000100010010
7 000100010010
5 000100010010
5 000100010010
5 000100010010
5 000100010010
5 000100010010

8 100001001000
8 100001001000
8 100001001000
8 100001001000
8 100001001000
8 100001001000
3 100001001000
3 100001001000
5 100001001000
5 100001001000
5 100001001000
5 100001001000
5 100001001000
5 100001001000
5 100001001000
5 100001001000

12 100001001000
12 100001001000
12 100001001000
12 100001001000
12 100001001000
12 100001001000
12 100001001000
12 100001001000
12 100001001000
12 100001001000
12 100001001000
12 100001001000
12 100001001000
12 100001001000
12 100001001000
12 100001001000

12 001001000010
5 001001000010
8 001001000010
8 001001000010
7 001001000010
5 001001000010
5 001001000010
5 001001000010
5 100010010000
5 100010010000
8 100010010000
8 100010010000
7 100010010000
5 100010010000
5 100010010000
5 100010010000

12 010001001000
5 010001001000
8 010001001000
8 010001001000
7 010001001000
5 010001001000
5 010001001000
5 010001001000
8 000100010010
8 000100010010
7 000100010010
5 000100010010
5 000100010010
5 000100010010
5 000100010010
5 000100010010

12 100001001000
12 100001001000
5 100001001000
5 100001001000
5 100001001000
5 100001001000
5 100001001000
5 100001001000
5 100001001000
5 100001001000
5 100001001000
5 100001001000
5 100001001000
5 100001001000
5 100001001000
5 100001001000

12 100001001000
12 100001001000
12 100001001000
12 100001001000
12 100001001000
12 100001001000
12 100001001000
12 100001001000
12 100001001000
12 100001001000
12 100001001000
12 100001001000
12 100001001000
12 100001001000
12 100001001000
12 100001001000

12 001001000010
5 001001000010
8 001001000010
8 001001000010
7 001001000010
5 001001000010
5 001001000010
5 001001000010
5 100010010000
5 100010010000
8 100010010000
8 100010010000
7 100010010000
5 100010010000
5 100010010000
5 100010010000

12 010001001000
12 010001001000
8 010001001000
8 010001001000
7 010001001000
5 010001001000
5 010001001000
5 010001001000
5 000100010010
5 000100010010
8 000100010010
8 000100010010
7 000100010010
5 000100010010
5 000100010010
5 000100010010

12 100001001000
12 100001001000
8 100001001000
8 100001001000
7 100001001000
5 100001001000
5 100001001000
5 100001001000
5 001000010010
5 001000010010
8 001000010010
8 001000010010
7 001000010010
5 001000010010
5 001000010010
5 001000010010

12 100100001000
12 100100001000
8 100100001000
8 100100001000
7 100100001000
5 100100001000
5 100100001000
5 100100001000
5 001001000010
8 001001000010
8 001001000010
8 001001000010
8 001001000010
8 001001000010
8 001001000010
8 001001000010

7 100010010000
7 100010010000
8 100010010000
8 100010010000
7 100010010000
7 100010010000
8 100010010000
8 100010010000
7 100010010000
7 100010010000
8 100010010000
8 100010010000
7 100010010000
7 100010010000
8 100010010000
8 100010010000

7 100010010000
7 100010010000
8 100010010000
8 100010010000
7 100010010000
7 100010010000
8 100010010000
8 100010010000
7 100010010000
7 100010010000
8 100010010000
8 100010010000
8 100010010000
8 100010010000
8 100010010000
8 100010010000

12 100001001000
5 100001001000
8 100001001000
8 100001001000
7 100001001000
5 100001001000
5 100001001000
5 100001001000
7 000100010010
7 000100010010
7 000100010010
8 000100010010
7 000100010010
5 000100010010
5 000100010010
5 000100010010

8 010001001000
3 010001001000
5 010001001000
3 010001001000
5 010001001000
5 010001001000
3 010001001000
5 010001001000
5 000100010010
3 000100010010
5 000100010010
3 000100010010
5 000100010010
3 000100010010
5 000100010010
5 000100010010

12 100001001000
12 100001001000
7 100001001000
8 100001001000
7 100001001000
5 100001001000
5 100001001000
5 100001001000
7 000100010010
7 000100010010
7 000100010010
8 000100010010
7 000100010010
5 000100010010
5 000100010010
5 000100010010

8 010001001000
8 010001001000
5 010001001000
8 010001001000
8 010001001000
8 010001001000
8 010001001000
8 010001001000
8 000100010010
8 000100010010
7 000100010010
5 000100010010
5 000100010010
5 000100010010
3 000100010010
5 000100010010

12 100001001000
12 100001001000
8 100001001000
8 100001001000
7 100001001000
5 100001001000
5 100001001000
5 100001001000
7 000100010010
7 000100010010
7 000100010010
8 000100010010
7 000100010010
5 000100010010
5 000100010010
5 000100010010

8 010001001000
8 010001001000
5 010001001000
3 010001001000
5 010001001000
5 010001001000
3 010001001000
5 010001001000
5 000100010010
3 000100010010
5 000100010010
3 000100010010
5 000100010010
3 000100010010
5 000100010010
5 000100010010

12 100001001000
12 100001001000
7 100001001000
8 100001001000
7 100001001000
5 100001001000
5 100001001000
5 100001001000
7 000100010010
7 000100010010
7 000100010010
8 000100010010
7 000100010010
5 000100010010
5 000100010010
5 000100010010

8 101001001000
8 101001001000
8 101001001000
7 101001001000
7 101001001000
5 101001001000
5 101001001000
5 101001001000
7 010001001000
8 010001001000
7 010001001000
5 010001001000
7 010001001000
5 010001001000
5 010001001000
7 010001001000

12 100010010000
12 100010010000
12 100010010000
12 100010010000
12 100010010000
12 100010010000
12 100010010000
12 100010010000
12 100010010000
12 100010010000
12 100010010000
12 100010010000
12 100010010000
12 100010010000
12 100010010000
12 100010010000

12 100010010000
12 100010010000
12 100010010000
12 100010010000
12 100010010000
12 100010010000
12 100010010000
12 100010010000
12 100010010000
12 100010010000
12 100010010000
12 100010010000
12 100010010000
12 100010010000
12 100010010000
12 100010010000

12 100010010000
12 100010010000
12 100010010000
12 100010010000
12 100010010000
12 100010010000
12 100010010000
12 100010010000
12 100010010000
12 100010010000
12 100010010000
12 100010010000
12 100010010000
12 100010010000
12 100010010000
12 100010010000

12 100010010000
12 100010010000
12 100010010000
12 100010010000
12 100010010000
12 100010010000
12 100010010000
12 100010010000
12 100010010000
12 100010010000
12 100010010000
12 100010010000
12 100010010000
12 100010010000
12 100010010000
12 100010010000

12 100010010000
12 100010010000
12 100010010000
12 100010010000
12 100010010000
12 100010010000
12 100010010000
12 100010010000
12 100010010000
12 100010010000
12 100010010000
12 100010010000
12 100010010000
12 100010010000
12 100010010000
12 100010010000

