12 010010000100
12 010010000100
12 010010000100
12 010010000100
12 010010000100
12 010010000100
12 010010000100
12 010010000100
12 010010000100
12 010010000100
12 010010000100
12 010010000100
12 010010000100
12 010010000100
12 010010000100
12 010010000100

12 010010000100
12 010010000100
12 010010000100
12 010010000100
12 010010000100
12 010010000100
12 010010000100
12 010010000100
12 010010000100
12 010010000100
12 010010000100
12 010010000100
12 010010000100
12 010010000100
12 010010000100
12 010010000100

12 010000100100
12 010000100100
12 010000100100
12 010000100100
12 010000100100
12 010000100100
12 010000100100
12 010000100100
12 010000100100
12 010000100100
12 010000100100
12 010000100100
12 010000100100
12 010000100100
12 010000100100
12 010000100100

12 010000100100
12 010000100100
12 010000100100
12 010000100100
12 010000100100
12 010000100100
12 010000100100
12 010000100100
12 010000100100
12 010000100100
12 010000100100
12 010000100100
12 010000100100
12 010000100100
12 010000100100
12 010000100100

12 001000100100
12 001000100100
12 001000100100
12 001000100100
12 001000100100
12 001000100100
12 001000100100
12 001000100100
12 001000100100
12 001000100100
12 001000100100
12 001000100100
12 001000100100
12 001000100100
12 001000100100
12 001000100100

12 000010001001
12 000010001001
12 000010001001
12 000010001001
12 000010001001
12 000010001001
12 000010001001
12 000010001001
12 000010001001
12 000010001001
12 000010001001
12 000010001001
12 000010001001
12 000010001001
12 000010001001
12 000010001001

12 010010000100
12 010010000100
12 010010000100
12 010010000100
12 010010000100
12 010010000100
12 010010000100
12 010010000100
12 010010000100
12 010010000100
12 010010000100
12 010010000100
12 010010000100
12 010010000100
12 010010000100
12 010010000100

12 010010000100
12 010010000100
12 010010000100
12 010010000100
1 010010000100
1 010010000100
2 010010000100
2 010010000100
1 010010000100
1 010010000100
1 010010000100
1 010010000100
11 010010000100
11 010010000100
9 010010000100
9 010010000100

12 010010000100
12 010010000100
9 010010000100
9 010010000100
9 010010000100
9 010010000100
9 010010000100
9 010010000100
9 010010000100
9 010010000100
9 010010000100
9 010010000100
9 010010000100
9 010010000100
9 010010000100
9 010010000100

12 010010000100
12 010010000100
12 010010000100
12 010010000100
1 010010000100
1 010010000100
2 010010000100
2 010010000100
1 010010000100
1 010010000100
1 010010000100
1 010010000100
11 010010000100
11 010010000100
9 010010000100
9 010010000100

9 010000100100
9 010000100100
9 010000100100
9 010000100100
9 010000100100
9 010000100100
9 010000100100
9 010000100100
9 010000100100
9 010000100100
9 010000100100
9 010000100100
9 010000100100
9 010000100100
9 010000100100
9 010000100100

12 010000100100
12 010000100100
9 010000100100
9 010000100100
9 010000100100
9 010000100100
1 010000100100
1 010000100100
1 010000100100
1 010000100100
2 010000100100
2 010000100100
2 010000100100
2 010000100100
9 010000100100
9 010000100100

12 001000100100
12 001000100100
9 001000100100
9 001000100100
9 001000100100
9 001000100100
2 001000100100
2 001000100100
2 001000100100
2 001000100100
1 001000100100
1 001000100100
1 001000100100
1 001000100100
11 001000100100
11 001000100100

12 000010001001
12 000010001001
11 000010001001
11 000010001001
9 000010001001
9 000010001001
1 000010001001
1 000010001001
9 000010001001
9 000010001001
9 000010001001
9 000010001001
9 000010001001
9 000010001001
9 000010001001
9 000010001001

12 010000100100
12 010000100100
12 010000100100
12 010000100100
12 010000100100
12 010000100100
12 010000100100
12 010000100100
12 010000100100
12 010000100100
12 010000100100
12 010000100100
12 010000100100
12 010000100100
12 010000100100
12 010000100100

12 010000100100
12 010000100100
12 010000100100
12 010000100100
1 010000100100
1 010000100100
2 010000100100
2 010000100100
1 010000100100
1 010000100100
1 010000100100
1 010000100100
11 010000100100
11 010000100100
9 010000100100
9 010000100100

1 010010000100
1 010010000100
1 010010000100
1 010010000100
1 010010000100
1 010010000100
1 010010000100
1 010010000100
1 010010000100
1 010010000100
1 010010000100
1 010010000100
1 010010000100
1 010010000100
1 010010000100
1 010010000100

12 010010000100
12 010010000100
9 010010000100
9 010010000100
1 010010000100
1 010010000100
2 010010000100
2 010010000100
1 010010000100
1 010010000100
1 010010000100
1 010010000100
11 010010000100
11 010010000100
9 010010000100
9 010010000100

9 010000100100
9 010000100100
9 010000100100
9 010000100100
9 010000100100
9 010000100100
9 010000100100
9 010000100100
9 010000100100
9 010000100100
9 010000100100
9 010000100100
9 010000100100
9 010000100100
9 010000100100
9 010000100100

12 010000100100
12 010000100100
9 010000100100
9 010000100100
9 010000100100
9 010000100100
1 010000100100
1 010000100100
1 010000100100
1 010000100100
2 010000100100
2 010000100100
2 010000100100
2 010000100100
9 010000100100
9 010000100100

12 001000100100
12 001000100100
9 001000100100
9 001000100100
9 001000100100
9 001000100100
2 001000100100
2 001000100100
2 001000100100
2 001000100100
1 001000100100
1 001000100100
1 001000100100
1 001000100100
11 001000100100
11 001000100100

12 000010001001
12 000010001001
11 000010001001
11 000010001001
9 000010001001
9 000010001001
1 000010001001
1 000010001001
9 000010001001
9 000010001001
9 000010001001
9 000010001001
9 000010001001
9 000010001001
9 000010001001
9 000010001001

12 010010000100
12 010010000100
12 010010000100
12 010010000100
12 010010000100
12 010010000100
12 010010000100
12 010010000100
12 010010000100
12 010010000100
12 010010000100
12 010010000100
12 010010000100
12 010010000100
12 010010000100
12 010010000100

12 010010000100
12 010010000100
12 010010000100
12 010010000100
9 010010000100
9 010010000100
9 010010000100
9 010010000100
1 010010000100
1 010010000100
1 010010000100
1 010010000100
4 010010000100
4 010010000100
2 010010000100
2 010010000100

12 001000100100
12 001000100100
6 001000100100
6 001000100100
6 001000100100
6 001000100100
6 001000100100
6 001000100100
6 001000100100
6 001000100100
6 001000100100
6 001000100100
6 001000100100
6 001000100100
6 001000100100
6 001000100100

12 001000100100
12 001000100100
12 001000100100
12 001000100100
6 001000100100
6 001000100100
6 001000100100
6 001000100100
4 001000100100
4 001000100100
4 001000100100
4 001000100100
4 001000100100
4 001000100100
11 001000100100
11 001000100100

9 010010000100
9 010010000100
1 010010000100
1 010010000100
1 010010000100
1 010010000100
1 010010000100
1 010010000100
1 010010000100
1 010010000100
1 010010000100
1 010010000100
1 010010000100
1 010010000100
1 010010000100
1 010010000100

12 010010000100
12 010010000100
12 010010000100
12 010010000100
9 010010000100
9 010010000100
6 010010000100
6 010010000100
9 010010000100
9 010010000100
9 010010000100
9 010010000100
9 010010000100
9 010010000100
6 010010000100
6 010010000100

12 000100100101
12 000100100101
9 000100100101
9 000100100101
6 000100100101
6 000100100101
6 000100100101
6 000100100101
6 000100100101
6 000100100101
6 000100100101
6 000100100101
6 000100100101
6 000100100101
6 000100100101
6 000100100101

12 000100100101
12 000100100101
3 000100100101
3 000100100101
11 000100100101
11 000100100101
11 000100100101
11 000100100101
6 000100100101
6 000100100101
6 000100100101
6 000100100101
6 000100100101
6 000100100101
4 000100100101
4 000100100101

12 000010000001
12 000010000001
4 000010000001
4 000010000001
4 000010000001
4 000010000001
4 000010000001
4 000010000001
4 000010000001
4 000010000001
4 000010000001
4 000010000001
4 000010000001
4 000010000001
4 000010000001
4 000010000001

12 000010000001
12 000010000001
12 000010000001
12 000010000001
1 000010000001
1 000010000001
2 000010000001
2 000010000001
1 000010000001
1 000010000001
1 000010000001
1 000010000001
11 000010000001
11 000010000001
9 000010000001
9 000010000001

12 010010000100
12 010010000100
9 010010000100
9 010010000100
9 010010000100
9 010010000100
9 010010000100
9 010010000100
9 010010000100
9 010010000100
9 010010000100
9 010010000100
9 010010000100
9 010010000100
9 010010000100
9 010010000100

12 010010000100
12 010010000100
12 010010000100
12 010010000100
1 010010000100
1 010010000100
2 010010000100
2 010010000100
1 010010000100
1 010010000100
1 010010000100
1 010010000100
11 010010000100
11 010010000100
9 010010000100
9 010010000100

12 010000100100
12 010000100100
9 010000100100
9 010000100100
9 010000100100
9 010000100100
9 010000100100
9 010000100100
9 010000100100
9 010000100100
9 010000100100
9 010000100100
9 010000100100
9 010000100100
9 010000100100
9 010000100100

12 010000100100
12 010000100100
9 010000100100
9 010000100100
9 010000100100
9 010000100100
1 010000100100
1 010000100100
1 010000100100
1 010000100100
2 010000100100
2 010000100100
2 010000100100
2 010000100100
9 010000100100
9 010000100100

12 001000100100
12 001000100100
9 001000100100
9 001000100100
9 001000100100
9 001000100100
2 001000100100
2 001000100100
2 001000100100
2 001000100100
1 001000100100
1 001000100100
1 001000100100
1 001000100100
11 001000100100
11 001000100100

12 000010001001
12 000010001001
11 000010001001
11 000010001001
9 000010001001
9 000010001001
1 000010001001
1 000010001001
9 000010001001
9 000010001001
9 000010001001
9 000010001001
9 000010001001
9 000010001001
9 000010001001
9 000010001001

12 010000100100
12 010000100100
12 010000100100
12 010000100100
12 010000100100
12 010000100100
12 010000100100
12 010000100100
12 010000100100
12 010000100100
12 010000100100
12 010000100100
12 010000100100
12 010000100100
12 010000100100
12 010000100100

12 010000100100
12 010000100100
12 010000100100
12 010000100100
12 010000100100
12 010000100100
12 010000100100
12 010000100100
12 010000100100
12 010000100100
12 010000100100
12 010000100100
12 010000100100
12 010000100100
12 010000100100
12 010000100100

12 100001000100
12 100001000100
9 100001000100
9 100001000100
9 100001000100
9 100001000100
9 100001000100
9 100001000100
9 100001000100
9 100001000100
6 100001000100
6 100001000100
6 100001000100
6 100001000100
6 100001000100
6 100001000100

12 100001000100
12 100001000100
6 100001000100
6 100001000100
6 100001000100
6 100001000100
9 100001000100
9 100001000100
9 100001000100
9 100001000100
6 100001000100
6 100001000100
6 100001000100
6 100001000100
6 100001000100
6 100001000100

12 001000010001
12 001000010001
2 001000010001
2 001000010001
6 001000010001
6 001000010001
6 001000010001
6 001000010001
6 001000010001
6 001000010001
4 001000010001
4 001000010001
2 001000010001
2 001000010001
6 001000010001
6 001000010001

12 001000010001
12 001000010001
2 001000010001
2 001000010001
2 001000010001
2 001000010001
6 001000010001
6 001000010001
6 001000010001
6 001000010001
6 001000010001
6 001000010001
6 001000010001
6 001000010001
6 001000010001
6 001000010001

12 100001000100
12 100001000100
11 100001000100
11 100001000100
6 100001000100
6 100001000100
6 100001000100
6 100001000100
6 100001000100
6 100001000100
6 100001000100
6 100001000100
6 100001000100
6 100001000100
6 100001000100
6 100001000100

6 100001000100
6 100001000100
6 100001000100
6 100001000100
6 100001000100
6 100001000100
9 100001000100
9 100001000100
9 100001000100
9 100001000100
9 100001000100
9 100001000100
4 100001000100
4 100001000100
4 100001000100
4 100001000100

12 001000010001
12 001000010001
2 001000010001
2 001000010001
6 001000010001
6 001000010001
4 001000010001
4 001000010001
6 001000010001
6 001000010001
6 001000010001
6 001000010001
4 001000010001
4 001000010001
2 001000010001
2 001000010001

6 001000010001
6 001000010001
6 001000010001
6 001000010001
4 001000010001
4 001000010001
6 001000010001
6 001000010001
6 001000010001
6 001000010001
6 001000010001
6 001000010001
6 001000010001
6 001000010001
6 001000010001
6 001000010001

12 100001000100
12 100001000100
11 100001000100
11 100001000100
6 100001000100
6 100001000100
6 100001000100
6 100001000100
6 100001000100
6 100001000100
6 100001000100
6 100001000100
2 100001000100
2 100001000100
6 100001000100
6 100001000100

12 100001000100
12 100001000100
2 100001000100
2 100001000100
2 100001000100
2 100001000100
6 100001000100
6 100001000100
6 100001000100
6 100001000100
2 100001000100
2 100001000100
2 100001000100
2 100001000100
9 100001000100
9 100001000100

12 010010000100
12 010010000100
12 010010000100
12 010010000100
12 010010000100
12 010010000100
12 010010000100
12 010010000100
12 010010000100
12 010010000100
12 010010000100
12 010010000100
12 010010000100
12 010010000100
12 010010000100
12 010010000100

12 010010000100
12 010010000100
12 010010000100
12 010010000100
12 010010000100
12 010010000100
12 010010000100
12 010010000100
12 010010000100
12 010010000100
12 010010000100
12 010010000100
12 010010000100
12 010010000100
12 010010000100
12 010010000100

12 010000100100
12 010000100100
12 010000100100
12 010000100100
12 010000100100
12 010000100100
12 010000100100
12 010000100100
12 010000100100
12 010000100100
12 010000100100
12 010000100100
12 010000100100
12 010000100100
12 010000100100
12 010000100100

12 010000100100
12 010000100100
12 010000100100
12 010000100100
12 010000100100
12 010000100100
12 010000100100
12 010000100100
12 010000100100
12 010000100100
12 010000100100
12 010000100100
12 010000100100
12 010000100100
12 010000100100
12 010000100100

12 001000100100
12 001000100100
12 001000100100
12 001000100100
12 001000100100
12 001000100100
12 001000100100
12 001000100100
12 001000100100
12 001000100100
12 001000100100
12 001000100100
12 001000100100
12 001000100100
12 001000100100
12 001000100100

12 000010001001
12 000010001001
12 000010001001
12 000010001001
12 000010001001
12 000010001001
12 000010001001
12 000010001001
12 000010001001
12 000010001001
12 000010001001
12 000010001001
12 000010001001
12 000010001001
12 000010001001
12 000010001001

12 010000100100
12 010000100100
12 010000100100
12 010000100100
12 010000100100
12 010000100100
12 010000100100
12 010000100100
12 010000100100
12 010000100100
12 010000100100
12 010000100100
12 010000100100
12 010000100100
12 010000100100
12 010000100100

12 010000100100
12 010000100100
12 010000100100
12 010000100100
12 010000100100
12 010000100100
12 010000100100
12 010000100100
12 010000100100
12 010000100100
12 010000100100
12 010000100100
12 010000100100
12 010000100100
12 010000100100
12 010000100100

12 010010000100
12 010010000100
12 010010000100
12 010010000100
12 010010000100
12 010010000100
12 010010000100
12 010010000100
12 010010000100
12 010010000100
12 010010000100
12 010010000100
12 010010000100
12 010010000100
12 010010000100
12 010010000100

12 010010000100
12 010010000100
12 010010000100
12 010010000100
12 010010000100
12 010010000100
12 010010000100
12 010010000100
12 010010000100
12 010010000100
12 010010000100
12 010010000100
12 010010000100
12 010010000100
12 010010000100
12 010010000100

12 010000100100
12 010000100100
12 010000100100
12 010000100100
12 010000100100
12 010000100100
12 010000100100
12 010000100100
12 010000100100
12 010000100100
12 010000100100
12 010000100100
12 010000100100
12 010000100100
12 010000100100
12 010000100100

12 010000100100
12 010000100100
12 010000100100
12 010000100100
12 010000100100
12 010000100100
12 010000100100
12 010000100100
12 010000100100
12 010000100100
12 010000100100
12 010000100100
12 010000100100
12 010000100100
12 010000100100
12 010000100100

12 001000100100
12 001000100100
12 001000100100
12 001000100100
12 001000100100
12 001000100100
12 001000100100
12 001000100100
12 001000100100
12 001000100100
12 001000100100
12 001000100100
12 001000100100
12 001000100100
12 001000100100
12 001000100100

12 000010001001
12 000010001001
12 000010001001
12 000010001001
12 000010001001
12 000010001001
12 000010001001
12 000010001001
12 000010001001
12 000010001001
12 000010001001
12 000010001001
12 000010001001
12 000010001001
12 000010001001
12 000010001001

12 010010000100
12 010010000100
12 010010000100
12 010010000100
12 010010000100
12 010010000100
12 010010000100
12 010010000100
12 010010000100
12 010010000100
12 010010000100
12 010010000100
12 010010000100
12 010010000100
12 010010000100
12 010010000100

12 010010000100
12 010010000100
12 010010000100
12 010010000100
9 010010000100
9 010010000100
9 010010000100
9 010010000100
1 010010000100
1 010010000100
1 010010000100
1 010010000100
4 010010000100
4 010010000100
2 010010000100
2 010010000100

12 001000100100
12 001000100100
6 001000100100
6 001000100100
6 001000100100
6 001000100100
6 001000100100
6 001000100100
6 001000100100
6 001000100100
6 001000100100
6 001000100100
6 001000100100
6 001000100100
6 001000100100
6 001000100100

12 001000100100
12 001000100100
12 001000100100
12 001000100100
6 001000100100
6 001000100100
6 001000100100
6 001000100100
4 001000100100
4 001000100100
4 001000100100
4 001000100100
4 001000100100
4 001000100100
11 001000100100
11 001000100100

9 010010000100
9 010010000100
1 010010000100
1 010010000100
1 010010000100
1 010010000100
1 010010000100
1 010010000100
1 010010000100
1 010010000100
1 010010000100
1 010010000100
1 010010000100
1 010010000100
1 010010000100
1 010010000100

12 010010000100
12 010010000100
12 010010000100
12 010010000100
9 010010000100
9 010010000100
6 010010000100
6 010010000100
9 010010000100
9 010010000100
9 010010000100
9 010010000100
9 010010000100
9 010010000100
6 010010000100
6 010010000100

12 000100100101
12 000100100101
9 000100100101
9 000100100101
6 000100100101
6 000100100101
6 000100100101
6 000100100101
6 000100100101
6 000100100101
6 000100100101
6 000100100101
6 000100100101
6 000100100101
6 000100100101
6 000100100101

12 000100100101
12 000100100101
11 000100100101
11 000100100101
11 000100100101
11 000100100101
11 000100100101
11 000100100101
6 000100100101
6 000100100101
6 000100100101
6 000100100101
6 000100100101
6 000100100101
4 000100100101
4 000100100101

12 000010000001
12 000010000001
4 000010000001
4 000010000001
4 000010000001
4 000010000001
4 000010000001
4 000010000001
4 000010000001
4 000010000001
4 000010000001
4 000010000001
4 000010000001
4 000010000001
4 000010000001
4 000010000001

12 000010000001
12 000010000001
12 000010000001
12 000010000001
1 000010000001
1 000010000001
2 000010000001
2 000010000001
1 000010000001
1 000010000001
1 000010000001
1 000010000001
11 000010000001
11 000010000001
9 000010000001
9 000010000001

12 010010000100
12 010010000100
1 010010000100
1 010010000100
1 010010000100
1 010010000100
1 010010000100
1 010010000100
1 010010000100
1 010010000100
1 010010000100
1 010010000100
1 010010000100
1 010010000100
1 010010000100
1 010010000100

12 010010000100
12 010010000100
12 010010000100
12 010010000100
1 010010000100
1 010010000100
2 010010000100
2 010010000100
1 010010000100
1 010010000100
1 010010000100
1 010010000100
11 010010000100
11 010010000100
9 010010000100
9 010010000100

9 010000100100
9 010000100100
9 010000100100
9 010000100100
9 010000100100
9 010000100100
9 010000100100
9 010000100100
9 010000100100
9 010000100100
9 010000100100
9 010000100100
9 010000100100
9 010000100100
9 010000100100
9 010000100100

12 010000100100
12 010000100100
9 010000100100
9 010000100100
9 010000100100
9 010000100100
1 010000100100
1 010000100100
1 010000100100
1 010000100100
2 010000100100
2 010000100100
2 010000100100
2 010000100100
9 010000100100
9 010000100100

12 001000100100
12 001000100100
9 001000100100
9 001000100100
9 001000100100
9 001000100100
2 001000100100
2 001000100100
2 001000100100
2 001000100100
1 001000100100
1 001000100100
1 001000100100
1 001000100100
11 001000100100
11 001000100100

12 000010001001
12 000010001001
11 000010001001
11 000010001001
9 000010001001
9 000010001001
1 000010001001
1 000010001001
9 000010001001
9 000010001001
9 000010001001
9 000010001001
9 000010001001
9 000010001001
9 000010001001
9 000010001001

12 010000100100
12 010000100100
12 010000100100
12 010000100100
12 010000100100
12 010000100100
12 010000100100
12 010000100100
12 010000100100
12 010000100100
12 010000100100
12 010000100100
12 010000100100
12 010000100100
12 010000100100
12 010000100100

12 010000100100
12 010000100100
9 010000100100
9 010000100100
9 010000100100
9 010000100100
1 010000100100
1 010000100100
1 010000100100
1 010000100100
2 010000100100
2 010000100100
2 010000100100
2 010000100100
9 010000100100
9 010000100100

12 001000100100
12 001000100100
9 001000100100
9 001000100100
9 001000100100
9 001000100100
2 001000100100
2 001000100100
2 001000100100
2 001000100100
1 001000100100
1 001000100100
1 001000100100
1 001000100100
11 001000100100
11 001000100100

12 000010001001
12 000010001001
11 000010001001
11 000010001001
9 000010001001
9 000010001001
1 000010001001
1 000010001001
9 000010001001
9 000010001001
9 000010001001
9 000010001001
9 000010001001
9 000010001001
9 000010001001
9 000010001001

12 010000100100
12 010000100100
12 010000100100
12 010000100100
12 010000100100
12 010000100100
12 010000100100
12 010000100100
12 010000100100
12 010000100100
12 010000100100
12 010000100100
12 010000100100
12 010000100100
12 010000100100
12 010000100100

12 010000100100
12 010000100100
12 010000100100
12 010000100100
12 010000100100
12 010000100100
12 010000100100
12 010000100100
12 010000100100
12 010000100100
12 010000100100
12 010000100100
12 010000100100
12 010000100100
12 010000100100
12 010000100100

12 010000100100
12 010000100100
12 010000100100
12 010000100100
12 010000100100
12 010000100100
12 010000100100
12 010000100100
12 010000100100
12 010000100100
12 010000100100
12 010000100100
12 010000100100
12 010000100100
12 010000100100
12 010000100100

12 010000100100
12 010000100100
12 010000100100
12 010000100100
1 010000100100
1 010000100100
2 010000100100
2 010000100100
1 010000100100
1 010000100100
1 010000100100
1 010000100100
11 010000100100
11 010000100100
9 010000100100
9 010000100100

12 010010000100
12 010010000100
9 010010000100
9 010010000100
9 010010000100
9 010010000100
9 010010000100
9 010010000100
9 010010000100
9 010010000100
9 010010000100
9 010010000100
9 010010000100
9 010010000100
9 010010000100
9 010010000100

12 010010000100
12 010010000100
12 010010000100
12 010010000100
12 010010000100
12 010010000100
12 010010000100
12 010010000100
12 010010000100
12 010010000100
12 010010000100
12 010010000100
12 010010000100
12 010010000100
12 010010000100
12 010010000100

12 010000100100
12 010000100100
12 010000100100
12 010000100100
12 010000100100
12 010000100100
12 010000100100
12 010000100100
12 010000100100
12 010000100100
12 010000100100
12 010000100100
12 010000100100
12 010000100100
12 010000100100
12 010000100100

12 001000100100
12 001000100100
12 001000100100
12 001000100100
1 001000100100
1 001000100100
2 001000100100
2 001000100100
1 001000100100
1 001000100100
1 001000100100
1 001000100100
11 001000100100
11 001000100100
9 001000100100
9 001000100100

12 010010000100
12 010010000100
9 010010000100
9 010010000100
9 010010000100
9 010010000100
9 010010000100
9 010010000100
9 010010000100
9 010010000100
9 010010000100
9 010010000100
9 010010000100
9 010010000100
9 010010000100
9 010010000100

12 010010000100
12 010010000100
12 010010000100
12 010010000100
12 010010000100
12 010010000100
12 010010000100
12 010010000100
12 010010000100
12 010010000100
12 010010000100
12 010010000100
12 010010000100
12 010010000100
12 010010000100
12 010010000100

12 010000100100
12 010000100100
12 010000100100
12 010000100100
12 010000100100
12 010000100100
12 010000100100
12 010000100100
12 010000100100
12 010000100100
12 010000100100
12 010000100100
12 010000100100
12 010000100100
12 010000100100
12 010000100100

12 001000100100
12 001000100100
12 001000100100
12 001000100100
1 001000100100
1 001000100100
2 001000100100
2 001000100100
1 001000100100
1 001000100100
1 001000100100
1 001000100100
11 001000100100
11 001000100100
9 001000100100
9 001000100100

12 010010000100
12 010010000100
9 010010000100
9 010010000100
9 010010000100
9 010010000100
9 010010000100
9 010010000100
9 010010000100
9 010010000100
9 010010000100
9 010010000100
9 010010000100
9 010010000100
9 010010000100
9 010010000100

12 010010000100
12 010010000100
12 010010000100
12 010010000100
12 010010000100
12 010010000100
12 010010000100
12 010010000100
12 010010000100
12 010010000100
12 010010000100
12 010010000100
12 010010000100
12 010010000100
12 010010000100
12 010010000100

12 010000100100
12 010000100100
12 010000100100
12 010000100100
12 010000100100
12 010000100100
12 010000100100
12 010000100100
12 010000100100
12 010000100100
12 010000100100
12 010000100100
12 010000100100
12 010000100100
12 010000100100
12 010000100100

12 001000100100
12 001000100100
12 001000100100
12 001000100100
1 001000100100
1 001000100100
2 001000100100
2 001000100100
1 001000100100
1 001000100100
1 001000100100
1 001000100100
11 001000100100
11 001000100100
9 001000100100
9 001000100100

12 010010000100
12 010010000100
9 010010000100
9 010010000100
9 010010000100
9 010010000100
9 010010000100
9 010010000100
9 010010000100
9 010010000100
9 010010000100
9 010010000100
9 010010000100
9 010010000100
9 010010000100
9 010010000100

12 010010000100
12 010010000100
12 010010000100
12 010010000100
12 010010000100
12 010010000100
12 010010000100
12 010010000100
12 010010000100
12 010010000100
12 010010000100
12 010010000100
12 010010000100
12 010010000100
12 010010000100
12 010010000100

12 010000100100
12 010000100100
12 010000100100
12 010000100100
12 010000100100
12 010000100100
12 010000100100
12 010000100100
12 010000100100
12 010000100100
12 010000100100
12 010000100100
12 010000100100
12 010000100100
12 010000100100
12 010000100100

12 001000100100
12 001000100100
12 001000100100
12 001000100100
1 001000100100
1 001000100100
2 001000100100
2 001000100100
1 001000100100
1 001000100100
1 001000100100
1 001000100100
11 001000100100
11 001000100100
9 001000100100
9 001000100100

12 010010000100
12 010010000100
9 010010000100
9 010010000100
9 010010000100
9 010010000100
9 010010000100
9 010010000100
9 010010000100
9 010010000100
9 010010000100
9 010010000100
9 010010000100
9 010010000100
9 010010000100
9 010010000100

12 010010000100
12 010010000100
12 010010000100
12 010010000100
12 010010000100
12 010010000100
12 010010000100
12 010010000100
12 010010000100
12 010010000100
12 010010000100
12 010010000100
12 010010000100
12 010010000100
12 010010000100
12 010010000100

12 010000100100
12 010000100100
12 010000100100
12 010000100100
12 010000100100
12 010000100100
12 010000100100
12 010000100100
12 010000100100
12 010000100100
12 010000100100
12 010000100100
12 010000100100
12 010000100100
12 010000100100
12 010000100100

12 001000100100
12 001000100100
12 001000100100
12 001000100100
1 001000100100
1 001000100100
2 001000100100
2 001000100100
1 001000100100
1 001000100100
1 001000100100
1 001000100100
11 001000100100
11 001000100100
9 001000100100
9 001000100100

12 010010000100
12 010010000100
9 010010000100
9 010010000100
9 010010000100
9 010010000100
9 010010000100
9 010010000100
9 010010000100
9 010010000100
9 010010000100
9 010010000100
9 010010000100
9 010010000100
9 010010000100
9 010010000100

12 010010000100
12 010010000100
12 010010000100
12 010010000100
12 010010000100
12 010010000100
12 010010000100
12 010010000100
12 010010000100
12 010010000100
12 010010000100
12 010010000100
12 010010000100
12 010010000100
12 010010000100
12 010010000100

12 010000100100
12 010000100100
12 010000100100
12 010000100100
12 010000100100
12 010000100100
12 010000100100
12 010000100100
12 010000100100
12 010000100100
12 010000100100
12 010000100100
12 010000100100
12 010000100100
12 010000100100
12 010000100100

12 001000100100
12 001000100100
12 001000100100
12 001000100100
1 001000100100
1 001000100100
2 001000100100
2 001000100100
1 001000100100
1 001000100100
1 001000100100
1 001000100100
11 001000100100
11 001000100100
9 001000100100
9 001000100100

12 010010000100
12 010010000100
9 010010000100
9 010010000100
9 010010000100
9 010010000100
9 010010000100
9 010010000100
9 010010000100
9 010010000100
9 010010000100
9 010010000100
9 010010000100
9 010010000100
9 010010000100
9 010010000100

12 010010000100
12 010010000100
12 010010000100
12 010010000100
12 010010000100
12 010010000100
12 010010000100
12 010010000100
12 010010000100
12 010010000100
12 010010000100
12 010010000100
12 010010000100
12 010010000100
12 010010000100
12 010010000100

12 010000100100
12 010000100100
12 010000100100
12 010000100100
12 010000100100
12 010000100100
12 010000100100
12 010000100100
12 010000100100
12 010000100100
12 010000100100
12 010000100100
12 010000100100
12 010000100100
12 010000100100
12 010000100100

12 001000100100
12 001000100100
12 001000100100
12 001000100100
1 001000100100
1 001000100100
2 001000100100
2 001000100100
4 001000100100
4 001000100100
4 001000100100
4 001000100100
4 001000100100
4 001000100100
2 001000100100
2 001000100100

1 010010000100
1 010010000100
9 010010000100
9 010010000100
9 010010000100
9 010010000100
9 010010000100
9 010010000100
9 010010000100
9 010010000100
9 010010000100
9 010010000100
9 010010000100
9 010010000100
9 010010000100
9 010010000100

12 010010000100
12 010010000100
12 010010000100
12 010010000100
12 010010000100
12 010010000100
12 010010000100
12 010010000100
12 010010000100
12 010010000100
12 010010000100
12 010010000100
12 010010000100
12 010010000100
12 010010000100
12 010010000100

12 010000100100
12 010000100100
12 010000100100
12 010000100100
12 010000100100
12 010000100100
12 010000100100
12 010000100100
12 010000100100
12 010000100100
12 010000100100
12 010000100100
12 010000100100
12 010000100100
12 010000100100
12 010000100100

12 001000100100
12 001000100100
12 001000100100
12 001000100100
12 001000100100
12 001000100100
12 001000100100
12 001000100100
12 001000100100
12 001000100100
12 001000100100
12 001000100100
12 001000100100
12 001000100100
12 001000100100
12 001000100100

