12 010010000100
12 010010000100
12 010010000100
12 010010000100
12 010010000100
12 010010000100
12 010010000100
12 010010000100
12 010010000100
12 010010000100
12 010010000100
12 010010000100
12 010010000100
12 010010000100
12 010010000100
4 010010000100

1 010010000100
1 010010000100
1 010010000100
1 010010000100
1 010010000100
1 010010000100
1 010010000100
1 010010000100
1 010010000100
1 010010000100
11 010010000100
9 010010000100
9 010010000100
9 010010000100
9 010010000100
9 010010000100

12 010000100100
12 010000100100
12 010000100100
12 010000100100
12 010000100100
12 010000100100
12 010000100100
12 010000100100
12 010000100100
12 010000100100
12 010000100100
12 010000100100
12 010000100100
12 010000100100
4 010000100100
4 010000100100

1 010000100100
1 010000100100
1 010000100100
1 010000100100
1 010000100100
1 010000100100
1 010000100100
1 010000100100
1 010010001000
1 010010001000
8 010010001000
8 010010001000
8 010010001000
8 010010001000
9 010010001000
9 010010001000

12 001000100100
12 001000100100
12 001000100100
12 001000100100
12 001000100100
12 001000100100
12 001000100100
12 001000100100
12 001000100100
12 001000100100
9 001000100100
9 001000100100
6 001000100100
6 001000100100
4 001000100100
4 001000100100

12 010010000100
12 010010000100
9 010010000100
9 010010000100
9 010010000100
9 010010000100
9 010010000100
9 010010000100
9 010010000100
9 010010000100
9 010010000100
9 010010000100
9 010010000100
9 010010000100
9 010010000100
9 010010000100

9 001000100100
9 001000100100
9 001000100100
9 001000100100
9 001000100100
9 001000100100
9 001000100100
9 001000100100
9 001000100100
9 001000100100
9 001000100100
9 001000100100
9 001000100100
9 001000100100
9 001000100100
9 001000100100

12 001000100100
12 001000100100
12 001000100100
12 001000100100
12 001000100100
12 001000100100
12 001000100100
12 001000100100
12 001000100100
12 001000100100
12 001000100100
12 001000100100
12 001000100100
12 001000100100
12 001000100100
12 001000100100

12 010010000100
12 010010000100
12 010010000100
12 010010000100
12 010010000100
12 010010000100
12 010010000100
12 010010000100
12 010010000100
12 010010000100
12 010010000100
12 010010000100
12 010010000100
12 010010000100
4 010010000100
4 010010000100

1 010010000100
1 010010000100
1 010010000100
1 010010000100
1 010010000100
1 010010000100
1 010010000100
1 010010000100
1 010010000100
1 010010000100
11 010010000100
11 010010000100
9 010010000100
9 010010000100
9 010010000100
9 010010000100

12 010000100100
12 010000100100
12 010000100100
12 010000100100
12 010000100100
12 010000100100
12 010000100100
12 010000100100
12 010000100100
12 010000100100
12 010000100100
12 010000100100
12 010000100100
12 010000100100
4 010000100100
4 010000100100

1 010000100100
1 010000100100
1 010000100100
1 010000100100
1 010000100100
1 010000100100
1 010000100100
1 010000100100
1 010010001000
1 010010001000
8 010010001000
8 010010001000
8 010010001000
8 010010001000
9 010010001000
9 010010001000

12 001000100100
12 001000100100
12 001000100100
12 001000100100
12 001000100100
12 001000100100
12 001000100100
12 001000100100
12 001000100100
12 001000100100
9 001000100100
9 001000100100
6 001000100100
4 001000100100
4 001000100100
4 001000100100

12 010010000100
12 010010000100
9 010010000100
9 010010000100
9 010010000100
9 010010000100
9 010010000100
9 010010000100
9 010010000100
9 010010000100
9 010010000100
9 010010000100
9 010010000100
9 010010000100
9 010010000100
9 010010000100

12 001000100100
12 001000100100
12 001000100100
12 001000100100
12 001000100100
12 001000100100
12 001000100100
12 001000100100
12 001000100100
12 001000100100
12 001000100100
12 001000100100
12 001000100100
12 001000100100
12 001000100100
12 001000100100

12 001000100100
12 001000100100
12 001000100100
12 001000100100
12 001000100100
12 001000100100
12 001000100100
12 001000100100
12 001000100100
12 001000100100
1 001000100100
1 001000100100
1 001000100100
1 001000100100
9 001000100100
11 001000100100

12 001000100001
12 001000100001
12 001000100001
12 001000100001
12 001000100001
12 001000100001
12 001000100001
12 001000100001
12 001000100001
12 001000100001
12 001000100001
12 001000100001
12 001000100001
12 001000100001
12 001000100001
12 001000100001

12 001000100001
12 001000100001
12 001000100001
12 001000100001
12 001000100001
12 001000100001
12 001000100001
12 001000100001
12 001000100001
12 001000100001
1 001000100001
1 001000100001
1 001000100001
1 001000100001
4 001000100001
4 001000100001

12 010010000100
12 010010000100
12 010010000100
12 010010000100
12 010010000100
12 010010000100
12 010010000100
12 010010000100
12 010010000100
12 010010000100
12 010010000100
12 010010000100
12 010010000100
12 010010000100
12 010010000100
12 010010000100

12 010010000100
12 010010000100
12 010010000100
12 010010000100
12 010010000100
12 010010000100
12 010010000100
12 010010000100
12 010010000100
12 010010000100
1 010010000100
1 010010000100
1 010010000100
1 010010000100
2 010010000100
1 010010000100

11 001000100001
11 001000100001
11 001000100001
11 001000100001
11 001000100001
11 001000100001
11 001000100001
11 001000100001
11 001000100001
11 001000100001
11 001000100001
11 001000100001
11 001000100001
11 001000100001
11 001000100001
11 001000100001

12 001000100001
12 001000100001
12 001000100001
12 001000100001
12 001000100001
12 001000100001
12 001000100001
12 001000100001
12 001000100001
12 001000100001
1 001000100001
1 001000100001
1 001000100001
1 001000100001
4 001000100001
4 001000100001

12 010010000100
12 010010000100
12 010010000100
12 010010000100
12 010010000100
12 010010000100
12 010010000100
12 010010000100
12 010010000100
12 010010000100
12 010010000100
12 010010000100
12 010010000100
12 010010000100
12 010010000100
12 010010000100

12 010010000100
12 010010000100
12 010010000100
12 010010000100
12 010010000100
12 010010000100
12 010010000100
12 010010000100
12 010010000100
12 010010000100
12 010010000100
12 010010000100
12 010010000100
12 010010000100
12 010010000100
12 010010000100

12 010010000100
12 010010000100
12 010010000100
12 010010000100
12 010010000100
12 010010000100
12 010010000100
12 010010000100
12 010010000100
12 010010000100
12 010010000100
12 010010000100
12 010010000100
12 010010000100
12 010010000100
4 010010000100

1 010010000100
1 010010000100
1 010010000100
1 010010000100
1 010010000100
1 010010000100
1 010010000100
1 010010000100
1 010010000100
1 010010000100
11 010010000100
11 010010000100
9 010010000100
9 010010000100
9 010010000100
9 010010000100

12 010000100100
12 010000100100
12 010000100100
12 010000100100
12 010000100100
12 010000100100
12 010000100100
12 010000100100
12 010000100100
12 010000100100
12 010000100100
12 010000100100
12 010000100100
12 010000100100
12 010000100100
4 010000100100

1 010000100100
1 010000100100
1 010000100100
1 010000100100
1 010000100100
1 010000100100
1 010000100100
1 010000100100
1 010010001000
1 010010001000
8 010010001000
8 010010001000
8 010010001000
8 010010001000
9 010010001000
9 010010001000

12 001000100100
12 001000100100
12 001000100100
12 001000100100
12 001000100100
12 001000100100
12 001000100100
12 001000100100
12 001000100100
12 001000100100
9 001000100100
9 001000100100
6 001000100100
6 001000100100
4 001000100100
4 001000100100

12 010010000100
12 010010000100
9 010010000100
9 010010000100
9 010010000100
9 010010000100
9 010010000100
9 010010000100
9 010010000100
9 010010000100
9 010010000100
9 010010000100
9 010010000100
9 010010000100
9 010010000100
9 010010000100

9 001000100100
9 001000100100
9 001000100100
9 001000100100
9 001000100100
9 001000100100
9 001000100100
9 001000100100
9 001000100100
9 001000100100
9 001000100100
9 001000100100
9 001000100100
9 001000100100
9 001000100100
9 001000100100

12 001000100100
12 001000100100
12 001000100100
12 001000100100
12 001000100100
12 001000100100
12 001000100100
12 001000100100
12 001000100100
12 001000100100
12 001000100100
12 001000100100
12 001000100100
12 001000100100
12 001000100100
12 001000100100

12 010010000100
12 010010000100
12 010010000100
12 010010000100
12 010010000100
12 010010000100
12 010010000100
12 010010000100
12 010010000100
12 010010000100
12 010010000100
12 010010000100
12 010010000100
12 010010000100
12 010010000100
4 010010000100

1 010010000100
1 010010000100
1 010010000100
1 010010000100
1 010010000100
1 010010000100
2 010010000100
2 010010000100
2 010010000100
2 010010000100
1 010010000100
1 010010000100
9 010010000100
9 010010000100
9 010010000100
9 010010000100

12 010000100100
12 010000100100
12 010000100100
12 010000100100
12 010000100100
12 010000100100
12 010000100100
12 010000100100
12 010000100100
12 010000100100
12 010000100100
12 010000100100
12 010000100100
12 010000100100
12 010000100100
11 010000100100

1 010000100100
1 010000100100
0 010000100100
0 010000100100
1 010000100100
1 010000100100
4 010000100100
4 010000100100
4 010010001000
4 010010001000
8 010010001000
8 010010001000
8 010010001000
8 010010001000
9 010010001000
9 010010001000

12 001000100100
12 001000100100
12 001000100100
12 001000100100
12 001000100100
12 001000100100
9 001000100100
9 001000100100
6 001000100100
6 001000100100
4 001000100100
4 001000100100
6 001000100100
4 001000100100
4 001000100100
4 001000100100

12 010010000100
12 010010000100
9 010010000100
9 010010000100
9 010010000100
9 010010000100
9 010010000100
9 010010000100
9 010010000100
9 010010000100
9 010010000100
9 010010000100
9 010010000100
9 010010000100
9 010010000100
9 010010000100

12 001000100100
12 001000100100
9 001000100100
9 001000100100
9 001000100100
9 001000100100
9 001000100100
9 001000100100
9 001000100100
9 001000100100
9 001000100100
9 001000100100
9 001000100100
9 001000100100
9 001000100100
9 001000100100

12 001000100100
12 001000100100
12 001000100100
12 001000100100
12 001000100100
12 001000100100
12 001000100100
12 001000100100
12 001000100100
12 001000100100
4 001000100100
1 001000100100
1 001000100100
1 001000100100
9 001000100100
11 001000100100

12 001000100001
12 001000100001
12 001000100001
12 001000100001
12 001000100001
12 001000100001
12 001000100001
12 001000100001
12 001000100001
12 001000100001
12 001000100001
12 001000100001
12 001000100001
12 001000100001
12 001000100001
12 001000100001

12 001000100001
12 001000100001
12 001000100001
12 001000100001
12 001000100001
12 001000100001
12 001000100001
12 001000100001
12 001000100001
12 001000100001
1 001000100001
1 001000100001
1 001000100001
1 001000100001
4 001000100001
4 001000100001

12 010010000100
12 010010000100
12 010010000100
12 010010000100
12 010010000100
12 010010000100
12 010010000100
12 010010000100
12 010010000100
12 010010000100
12 010010000100
12 010010000100
12 010010000100
12 010010000100
12 010010000100
12 010010000100

12 010010000100
12 010010000100
12 010010000100
12 010010000100
12 010010000100
12 010010000100
12 010010000100
12 010010000100
12 010010000100
12 010010000100
1 010010000100
1 010010000100
1 010010000100
1 010010000100
2 010010000100
1 010010000100

11 001000100001
11 001000100001
11 001000100001
11 001000100001
11 001000100001
11 001000100001
11 001000100001
11 001000100001
11 001000100001
11 001000100001
11 001000100001
11 001000100001
11 001000100001
11 001000100001
11 001000100001
11 001000100001

12 001000100001
12 001000100001
12 001000100001
12 001000100001
12 001000100001
12 001000100001
9 001000100001
9 001000100001
2 001000100001
2 001000100001
2 001000100001
2 001000100001
2 001000100001
2 001000100001
2 001000100001
2 001000100001

12 010010000100
12 010010000100
12 010010000100
12 010010000100
12 010010000100
12 010010000100
12 010010000100
12 010010000100
12 010010000100
12 010010000100
12 010010000100
12 010010000100
12 010010000100
12 010010000100
12 010010000100
1 010010000100

12 010010000100
12 010010000100
12 010010000100
12 010010000100
12 010010000100
12 010010000100
12 010010000100
12 010010000100
12 010010000100
12 010010000100
12 010010000100
12 010010000100
12 010010000100
12 010010000100
12 010010000100
11 010010000100

9 010010000100
9 010010000100
9 010010000100
9 010010000100
9 010010000100
9 010010000100
9 010010000100
9 010010000100
9 010010000100
9 010010000100
9 010010000100
9 010010000100
9 010010000100
9 010010000100
9 010010000100
4 010010000100

1 010010000100
1 010010000100
1 010010000100
1 010010000100
1 010010000100
1 010010000100
1 010010000100
1 010010000100
1 010010000100
1 010010000100
11 010010000100
11 010010000100
9 010010000100
9 010010000100
9 010010000100
9 010010000100

12 010000100100
12 010000100100
12 010000100100
12 010000100100
12 010000100100
12 010000100100
12 010000100100
12 010000100100
12 010000100100
12 010000100100
12 010000100100
12 010000100100
12 010000100100
12 010000100100
12 010000100100
4 010000100100

1 010000100100
1 010000100100
1 010000100100
1 010000100100
1 010000100100
1 010000100100
1 010000100100
1 010000100100
1 010010001000
1 010010001000
8 010010001000
8 010010001000
8 010010001000
8 010010001000
9 010010001000
9 010010001000

12 001000100100
12 001000100100
12 001000100100
12 001000100100
12 001000100100
12 001000100100
12 001000100100
12 001000100100
12 001000100100
12 001000100100
9 001000100100
9 001000100100
6 001000100100
6 001000100100
4 001000100100
4 001000100100

12 010010000100
12 010010000100
9 010010000100
9 010010000100
9 010010000100
9 010010000100
9 010010000100
9 010010000100
9 010010000100
9 010010000100
9 010010000100
9 010010000100
9 010010000100
9 010010000100
9 010010000100
9 010010000100

12 001000100100
12 001000100100
9 001000100100
9 001000100100
9 001000100100
9 001000100100
9 001000100100
9 001000100100
9 001000100100
9 001000100100
9 001000100100
9 001000100100
9 001000100100
9 001000100100
9 001000100100
9 001000100100

12 001000100100
12 001000100100
12 001000100100
12 001000100100
12 001000100100
12 001000100100
12 001000100100
12 001000100100
12 001000100100
12 001000100100
12 001000100100
12 001000100100
12 001000100100
12 001000100100
12 001000100100
12 001000100100

12 010010000100
12 010010000100
12 010010000100
12 010010000100
12 010010000100
12 010010000100
12 010010000100
12 010010000100
12 010010000100
12 010010000100
12 010010000100
12 010010000100
12 010010000100
12 010010000100
4 010010000100
4 010010000100

1 010010000100
1 010010000100
1 010010000100
1 010010000100
1 010010000100
1 010010000100
4 010010000100
4 010010000100
4 010010000100
4 010010000100
4 010010000100
4 010010000100
2 010010000100
1 010010000100
1 010010000100
1 010010000100

12 010000100100
12 010000100100
12 010000100100
12 010000100100
12 010000100100
12 010000100100
12 010000100100
12 010000100100
12 010000100100
12 010000100100
12 010000100100
12 010000100100
12 010000100100
12 010000100100
9 010000100100
9 010000100100

1 010000100100
1 010000100100
11 010000100100
11 010000100100
1 010000100100
1 010000100100
4 010000100100
4 010000100100
4 010010001000
4 010010001000
6 010010001000
6 010010001000
4 010010001000
4 010010001000
6 010010001000
4 010010001000

12 001000100100
12 001000100100
12 001000100100
12 001000100100
12 001000100100
12 001000100100
12 001000100100
12 001000100100
12 001000100100
12 001000100100
9 001000100100
9 001000100100
6 001000100100
6 001000100100
4 001000100100
4 001000100100

12 010010000100
12 010010000100
9 010010000100
9 010010000100
9 010010000100
9 010010000100
9 010010000100
9 010010000100
9 010010000100
9 010010000100
9 010010000100
9 010010000100
9 010010000100
9 010010000100
9 010010000100
9 010010000100

9 001000100100
9 001000100100
9 001000100100
9 001000100100
9 001000100100
9 001000100100
9 001000100100
9 001000100100
9 001000100100
9 001000100100
9 001000100100
9 001000100100
9 001000100100
9 001000100100
9 001000100100
9 001000100100

12 001000100100
12 001000100100
12 001000100100
12 001000100100
12 001000100100
12 001000100100
12 001000100100
12 001000100100
12 001000100100
4 001000100100
4 001000100100
1 001000100100
1 001000100100
1 001000100100
9 001000100100
11 001000100100

12 001000100001
12 001000100001
12 001000100001
12 001000100001
12 001000100001
12 001000100001
12 001000100001
12 001000100001
12 001000100001
12 001000100001
12 001000100001
12 001000100001
12 001000100001
12 001000100001
12 001000100001
12 001000100001

12 001000100001
12 001000100001
12 001000100001
12 001000100001
12 001000100001
12 001000100001
12 001000100001
12 001000100001
12 001000100001
12 001000100001
1 001000100001
1 001000100001
1 001000100001
1 001000100001
4 001000100001
4 001000100001

12 010010000100
12 010010000100
12 010010000100
12 010010000100
12 010010000100
12 010010000100
12 010010000100
12 010010000100
12 010010000100
12 010010000100
12 010010000100
12 010010000100
12 010010000100
12 010010000100
12 010010000100
12 010010000100

12 010010000100
12 010010000100
12 010010000100
12 010010000100
12 010010000100
12 010010000100
12 010010000100
12 010010000100
12 010010000100
12 010010000100
1 010010000100
1 010010000100
1 010010000100
1 010010000100
2 010010000100
1 010010000100

11 001000100001
11 001000100001
11 001000100001
11 001000100001
11 001000100001
11 001000100001
11 001000100001
11 001000100001
11 001000100001
11 001000100001
11 001000100001
11 001000100001
11 001000100001
11 001000100001
11 001000100001
11 001000100001

12 001000100001
12 001000100001
12 001000100001
12 001000100001
12 001000100001
12 001000100001
9 001000100001
9 001000100001
2 001000100001
2 001000100001
1 001000100001
1 001000100001
11 001000100001
11 001000100001
11 001000100001
11 001000100001

12 010010000100
9 010010000100
9 010010000100
9 010010000100
9 010010000100
9 010010000100
9 010010000100
9 010010000100
9 010010000100
9 010010000100
9 010010000100
9 010010000100
9 010010000100
9 010010000100
9 010010000100
9 010010000100

12 010010000100
12 010010000100
12 010010000100
12 010010000100
12 010010000100
12 010010000100
12 010010000100
12 010010000100
1 010010000100
1 010010000100
2 010010000100
2 010010000100
4 010010000100
4 010010000100
9 010010000100
9 010010000100

12 001000100001
12 001000100001
12 001000100001
12 001000100001
12 001000100001
12 001000100001
12 001000100001
12 001000100001
2 001000100001
2 001000100001
2 001000100001
2 001000100001
2 001000100001
2 001000100001
1 001000100001
1 001000100001

11 001000100001
11 001000100001
11 001000100001
11 001000100001
11 001000100001
11 001000100001
11 001000100001
11 001000100001
11 001000100001
11 001000100001
1 001000100001
1 001000100001
2 001000100001
2 001000100001
9 001000100001
9 001000100001

12 010010000100
12 010010000100
12 010010000100
12 010010000100
12 010010000100
12 010010000100
12 010010000100
12 010010000100
2 010010000100
2 010010000100
2 010010000100
2 010010000100
2 010010000100
2 010010000100
1 010010000100
1 010010000100

9 010010000100
9 010010000100
9 010010000100
9 010010000100
9 010010000100
9 010010000100
9 010010000100
9 010010000100
9 010010000100
9 010010000100
8 010010000100
8 010010000100
8 010010000100
8 010010000100
8 010010000100
8 010010000100

12 001000100001
12 001000100001
9 001000100001
9 001000100001
9 001000100001
9 001000100001
9 001000100001
9 001000100001
9 001000100001
9 001000100001
9 001000100001
9 001000100001
9 001000100001
9 001000100001
9 001000100001
9 001000100001

12 001000100001
12 001000100001
12 001000100001
12 001000100001
12 001000100001
12 001000100001
12 001000100001
12 001000100001
12 001000100001
12 001000100001
8 001000100001
8 001000100001
8 001000100001
8 001000100001
8 001000100001
8 001000100001

12 010010000100
12 010010000100
9 010010000100
9 010010000100
9 010010000100
9 010010000100
9 010010000100
9 010010000100
9 010010000100
9 010010000100
9 010010000100
9 010010000100
9 010010000100
9 010010000100
4 010010000100
4 010010000100

11 010010000100
11 010010000100
11 010010000100
11 010010000100
11 010010000100
1 010010000100
11 010010000100
11 010010000100
11 010010000100
11 010010000100
9 010010000100
9 010010000100
9 010010000100
9 010010000100
9 010010000100
9 010010000100

12 001000100001
12 001000100001
12 001000100001
12 001000100001
12 001000100001
12 001000100001
12 001000100001
12 001000100001
12 001000100001
12 001000100001
12 001000100001
12 001000100001
12 001000100001
12 001000100001
12 001000100001
12 001000100001

12 001000100001
12 001000100001
12 001000100001
12 001000100001
12 001000100001
12 001000100001
12 001000100001
12 001000100001
12 001000100001
12 001000100001
12 001000100001
12 001000100001
12 001000100001
12 001000100001
12 001000100001
12 001000100001

12 010010000100
12 010010000100
12 010010000100
12 010010000100
12 010010000100
12 010010000100
12 010010000100
12 010010000100
12 010010000100
12 010010000100
12 010010000100
12 010010000100
12 010010000100
12 010010000100
12 010010000100
12 010010000100

12 010010000100
12 010010000100
12 010010000100
12 010010000100
12 010010000100
12 010010000100
12 010010000100
12 010010000100
12 010010000100
12 010010000100
12 010010000100
12 010010000100
12 010010000100
12 010010000100
12 010010000100
12 010010000100

12 001000100001
12 001000100001
12 001000100001
12 001000100001
12 001000100001
12 001000100001
12 001000100001
12 001000100001
12 001000100001
12 001000100001
12 001000100001
12 001000100001
12 001000100001
12 001000100001
12 001000100001
12 001000100001

12 001000100001
12 001000100001
12 001000100001
12 001000100001
12 001000100001
12 001000100001
12 001000100001
12 001000100001
12 001000100001
12 001000100001
12 001000100001
12 001000100001
12 001000100001
12 001000100001
12 001000100001
12 001000100001

12 010010000100
12 010010000100
12 010010000100
12 010010000100
12 010010000100
12 010010000100
12 010010000100
12 010010000100
12 010010000100
12 010010000100
12 010010000100
12 010010000100
12 010010000100
12 010010000100
12 010010000100
12 010010000100

