12 001001000100
12 001001000100
12 001001000100
12 001001000100
12 001001000100
12 001001000100
12 001001000100
12 001001000100
12 001001000100
12 001001000100
12 001001000100
12 001001000100
12 001001000100
12 001001000100
12 001001000100
12 001001000100

12 001001000100
12 001001000100
12 001001000100
12 001001000100
12 001001000100
12 001001000100
12 001001000100
12 001001000100
12 001001000100
12 001001000100
12 001001000100
12 001001000100
12 001001000100
12 001001000100
12 001001000100
12 001001000100

12 001001000100
12 001001000100
12 001001000100
12 001001000100
11 001001000100
11 001001000100
2 001001000100
2 001001000100
4 001001000100
4 001001000100
2 001001000100
2 001001000100
4 001001000100
4 001001000100
7 001001000100
7 001001000100

12 001001000100
12 001001000100
12 001001000100
12 001001000100
12 001001000100
12 001001000100
4 001001000100
4 001001000100
4 001001000100
4 001001000100
4 001001000100
4 001001000100
4 001001000100
4 001001000100
4 001001000100
4 001001000100

12 001001000010
12 001001000010
12 001001000010
12 001001000010
9 001001000010
9 001001000010
7 001001000010
7 001001000010
4 100001000100
4 100001000100
2 100001000100
2 100001000100
4 100001000100
4 100001000100
2 100001000100
2 100001000100

12 001000010010
12 001000010010
12 001000010010
12 001000010010
12 001000010010
12 001000010010
11 001000010010
11 001000010010
11 100010010000
11 100010010000
11 100010010000
11 100010010000
11 100010010000
11 100010010000
11 100010010000
11 100010010000

12 001001000100
12 001001000100
12 001001000100
12 001001000100
11 001001000100
11 001001000100
2 001001000100
2 001001000100
4 001001000100
4 001001000100
2 001001000100
2 001001000100
4 001001000100
4 001001000100
7 001001000100
7 001001000100

12 001001000100
12 001001000100
12 001001000100
12 001001000100
12 001001000100
12 001001000100
4 001001000100
4 001001000100
4 001001000100
4 001001000100
4 001001000100
4 001001000100
4 001001000100
4 001001000100
4 001001000100
4 001001000100

12 001001000010
12 001001000010
12 001001000010
12 001001000010
9 001001000010
9 001001000010
7 001001000010
7 001001000010
4 100001000100
4 100001000100
2 100001000100
2 100001000100
4 100001000100
4 100001000100
2 100001000100
2 100001000100

12 001000010010
12 001000010010
12 001000010010
12 001000010010
12 001000010010
12 001000010010
11 001000010010
11 001000010010
11 100010010000
11 100010010000
11 100010010000
11 100010010000
11 100010010000
11 100010010000
11 100010010000
11 100010010000

12 001001010010
12 001001010010
12 001001010010
12 001001010010
12 001001010010
12 001001010010
12 001001010010
12 001001010010
12 001001010010
12 001001010010
9 001001010010
9 001001010010
9 001001010010
9 001001010010
5 001001010010
5 001001010010

12 100010010000
12 100010010000
12 100010010000
12 100010010000
12 100010010000
12 100010010000
2 100010010000
2 100010010000
2 100010010000
2 100010010000
2 100010010000
2 100010010000
0 100010010000
2 100010010000
2 100010010000
2 100010010000

12 001001010010
12 001001010010
12 001001010010
12 001001010010
12 001001010010
12 001001010010
12 001001010010
12 001001010010
12 001001010010
12 001001010010
2 001001010010
2 001001010010
2 001001010010
2 001001010010
2 001001010010
2 001001010010

12 100010010000
12 100010010000
2 100010010000
2 100010010000
2 100010010000
9 100010010000
0 100010010000
0 100010010000
0 100010010000
0 100010010000
0 100010010000
2 100010010000
2 100010010000
5 100010010000
5 100010010000
5 100010010000

7 001001010010
7 001001010010
7 001001010010
7 001001010010
7 001001010010
7 001001010010
7 001001010010
7 001001010010
7 001001010010
5 001001010010
9 001001010010
9 001001010010
9 001001010010
0 001001010010
0 001001010010
0 001001010010

7 100010010000
8 100010010000
7 100010010000
5 100010010000
5 100010010000
5 100010010000
7 100010010000
7 100010010000
7 100010010000
7 100010010000
2 100010010000
2 100010010000
2 100010010000
2 100010010000
2 100010010000
0 100010010000

2 001001010010
2 001001010010
2 001001010010
2 001001010010
2 001001010010
2 001001010010
2 001001010010
2 001001010010
2 001001010010
2 001001010010
2 001001010010
2 001001010010
2 001001010010
2 001001010010
2 001001010010
2 001001010010

2 100010010000
2 100010010000
2 100010010000
9 100010010000
0 100010010000
0 100010010000
0 100010010000
0 100010010000
0 100010010000
0 100010010000
0 100010010000
0 100010010000
0 100010010000
0 100010010000
0 100010010000
0 100010010000

12 001001010010
12 001001010010
12 001001010010
12 001001010010
12 001001010010
12 001001010010
12 001001010010
12 001001010010
12 001001010010
12 001001010010
8 001001010010
8 001001010010
8 001001010010
8 001001010010
7 001001010010
7 001001010010

12 100010010000
12 100010010000
12 100010010000
12 100010010000
5 100010010000
5 100010010000
5 100010010000
5 100010010000
5 100010010000
5 100010010000
5 100010010000
2 100010010000
5 100010010000
5 100010010000
5 100010010000
2 100010010000

7 001001010010
7 001001010010
7 001001010010
7 001001010010
7 001001010010
7 001001010010
7 001001010010
7 001001010010
7 001001010010
7 001001010010
7 001001010010
2 001001010010
2 001001010010
2 001001010010
2 001001010010
0 001001010010

2 100010010000
2 100010010000
2 100010010000
2 100010010000
2 100010010000
2 100010010000
2 100010010000
2 100010010000
2 100010010000
2 100010010000
2 100010010000
2 100010010000
2 100010010000
2 100010010000
2 100010010000
2 100010010000

12 001001010010
12 001001010010
12 001001010010
12 001001010010
12 001001010010
12 001001010010
12 001001010010
12 001001010010
9 001001010010
9 001001010010
9 001001010010
9 001001010010
7 001001010010
7 001001010010
7 001001010010
5 001001010010

12 100010010000
12 100010010000
12 100010010000
12 100010010000
12 100010010000
12 100010010000
12 100010010000
0 100010010000
2 100010010000
2 100010010000
2 100010010000
9 100010010000
0 100010010000
0 100010010000
0 100010010000
0 100010010000

0 001001010010
0 001001010010
0 001001010010
0 001001010010
0 001001010010
0 001001010010
0 001001010010
0 001001010010
2 001001010010
2 001001010010
2 001001010010
2 001001010010
2 001001010010
0 001001010010
2 001001010010
0 001001010010

2 100010010000
2 100010010000
2 100010010000
2 100010010000
2 100010010000
2 100010010000
2 100010010000
0 100010010000
2 100010010000
2 100010010000
5 100010010000
5 100010010000
5 100010010000
5 100010010000
7 100010010000
7 100010010000

12 001001010010
12 001001010010
12 001001010010
12 001001010010
2 001001010010
2 001001010010
2 001001010010
2 001001010010
5 001001010010
5 001001010010
2 001001010010
2 001001010010
5 001001010010
5 001001010010
9 001001010010
9 001001010010

12 100010010000
12 100010010000
12 100010010000
12 100010010000
12 100010010000
12 100010010000
7 100010010000
7 100010010000
7 100010010000
7 100010010000
7 100010010000
7 100010010000
7 100010010000
7 100010010000
7 100010010000
7 100010010000

12 001001010010
12 001001010010
12 001001010010
12 001001010010
9 001001010010
9 001001010010
7 001001010010
7 001001010010
5 001001010010
5 001001010010
2 001001010010
2 001001010010
5 001001010010
5 001001010010
9 001001010010
9 001001010010

12 001001000100
12 001001000100
12 001001000100
7 001001000100
7 001001000100
4 001001000100
2 001001000100
2 001001000100
2 001001000100
2 001001000100
2 001001000100
2 001001000100
2 001001000100
2 001001000100
2 001001000100
2 001001000100

12 001001000100
12 001001000100
12 001001000100
12 001001000100
12 001001000100
12 001001000100
12 001001000100
12 001001000100
12 001001000100
12 001001000100
12 001001000100
12 001001000100
12 001001000100
12 001001000100
12 001001000100
12 001001000100

12 001001010010
12 001001010010
12 001001010010
12 001001010010
12 001001010010
12 001001010010
12 001001010010
12 001001010010
12 001001010010
12 001001010010
12 001001010010
12 001001010010
12 001001010010
12 001001010010
12 001001010010
12 001001010010

12 100010010000
12 100010010000
12 100010010000
12 100010010000
12 100010010000
12 100010010000
12 100010010000
12 100010010000
12 100010010000
12 100010010000
12 100010010000
12 100010010000
12 100010010000
12 100010010000
12 100010010000
12 100010010000

12 001001010010
12 001001010010
12 001001010010
12 001001010010
12 001001010010
12 001001010010
12 001001010010
12 001001010010
12 001001010010
12 001001010010
12 001001010010
12 001001010010
12 001001010010
12 001001010010
12 001001010010
12 001001010010

12 100010010000
12 100010010000
12 100010010000
12 100010010000
12 100010010000
12 100010010000
12 100010010000
12 100010010000
12 100010010000
12 100010010000
12 100010010000
12 100010010000
12 100010010000
12 100010010000
12 100010010000
12 100010010000

12 001001010010
12 001001010010
12 001001010010
12 001001010010
12 001001010010
12 001001010010
12 001001010010
12 001001010010
12 001001010010
12 001001010010
12 001001010010
12 001001010010
12 001001010010
12 001001010010
12 001001010010
12 001001010010

12 100010010000
12 100010010000
12 100010010000
12 100010010000
12 100010010000
12 100010010000
12 100010010000
12 100010010000
12 100010010000
12 100010010000
12 100010010000
12 100010010000
12 100010010000
12 100010010000
12 100010010000
12 100010010000

12 001001010010
12 001001010010
12 001001010010
12 001001010010
12 001001010010
12 001001010010
12 001001010010
12 001001010010
12 001001010010
12 001001010010
12 001001010010
12 001001010010
12 001001010010
12 001001010010
12 001001010010
12 001001010010

12 001001000100
12 001001000100
12 001001000100
12 001001000100
12 001001000100
12 001001000100
12 001001000100
12 001001000100
12 001001000100
12 001001000100
12 001001000100
12 001001000100
12 001001000100
12 001001000100
12 001001000100
12 001001000100

12 001001000100
12 001001000100
12 001001000100
12 001001000100
12 001001000100
12 001001000100
12 001001000100
12 001001000100
12 001001000100
12 001001000100
12 001001000100
12 001001000100
12 001001000100
12 001001000100
12 001001000100
12 001001000100

12 001001010010
12 001001010010
12 001001010010
12 001001010010
12 001001010010
12 001001010010
12 001001010010
8 001001010010
7 001001010010
7 001001010010
7 001001010010
7 001001010010
7 001001010010
9 001001010010
9 001001010010
5 001001010010

7 100010010000
7 100010010000
5 100010010000
5 100010010000
5 100010010000
5 100010010000
5 100010010000
5 100010010000
5 100010010000
2 100010010000
2 100010010000
5 100010010000
5 100010010000
5 100010010000
7 100010010000
7 100010010000

12 001001010010
12 001001010010
12 001001010010
12 001001010010
12 001001010010
12 001001010010
12 001001010010
12 001001010010
12 001001010010
12 001001010010
7 001001010010
10 001001010010
10 001001010010
3 001001010010
3 001001010010
3 001001010010

2 100010010000
0 100010010000
2 100010010000
2 100010010000
2 100010010000
0 100010010000
2 100010010000
2 100010010000
2 100010010000
2 100010010000
9 100010010000
9 100010010000
7 100010010000
7 100010010000
5 100010010000
5 100010010000

2 001001010010
2 001001010010
2 001001010010
2 001001010010
2 001001010010
2 001001010010
2 001001010010
2 001001010010
2 001001010010
2 001001010010
8 001001010010
8 001001010010
7 001001010010
7 001001010010
5 001001010010
5 001001010010

12 100010010000
12 100010010000
7 100010010000
7 100010010000
7 100010010000
7 100010010000
2 100010010000
2 100010010000
2 100010010000
2 100010010000
2 100010010000
2 100010010000
2 100010010000
9 100010010000
0 100010010000
0 100010010000

12 001001010010
12 001001010010
12 001001010010
12 001001010010
12 001001010010
12 001001010010
12 001001010010
12 001001010010
12 001001010010
12 001001010010
2 001001010010
2 001001010010
2 001001010010
0 001001010010
2 001001010010
0 001001010010

2 100010010000
2 100010010000
2 100010010000
2 100010010000
2 100010010000
2 100010010000
2 100010010000
2 100010010000
2 100010010000
2 100010010000
2 100010010000
2 100010010000
2 100010010000
2 100010010000
2 100010010000
2 100010010000

7 001001010010
8 001001010010
8 001001010010
8 001001010010
7 001001010010
5 001001010010
2 001001010010
2 001001010010
2 001001010010
2 001001010010
2 001001010010
2 001001010010
8 001001010010
8 001001010010
8 001001010010
7 001001010010

8 100010010000
5 100010010000
5 100010010000
5 100010010000
2 100010010000
0 100010010000
2 100010010000
2 100010010000
9 100010010000
9 100010010000
0 100010010000
0 100010010000
0 100010010000
0 100010010000
0 100010010000
0 100010010000

12 001001010010
12 001001010010
12 001001010010
2 001001010010
2 001001010010
7 001001010010
7 001001010010
7 001001010010
5 001001010010
5 001001010010
5 001001010010
5 001001010010
2 001001010010
9 001001010010
9 001001010010
9 001001010010

7 100010010000
7 100010010000
7 100010010000
5 100010010000
5 100010010000
5 100010010000
2 100010010000
0 100010010000
2 100010010000
2 100010010000
2 100010010000
9 100010010000
9 100010010000
9 100010010000
0 100010010000
0 100010010000

2 001001010010
2 001001010010
2 001001010010
2 001001010010
2 001001010010
2 001001010010
2 001001010010
2 001001010010
8 001001010010
8 001001010010
8 001001010010
8 001001010010
7 001001010010
7 001001010010
7 001001010010
7 001001010010

8 100010010000
7 100010010000
5 100010010000
5 100010010000
5 100010010000
5 100010010000
5 100010010000
2 100010010000
0 100010010000
2 100010010000
2 100010010000
2 100010010000
2 100010010000
9 100010010000
9 100010010000
9 100010010000

0 001001010010
0 001001010010
2 001001010010
2 001001010010
5 001001010010
5 001001010010
5 001001010010
5 001001010010
5 001001010010
7 001001010010
7 001001010010
7 001001010010
7 001001010010
7 001001010010
2 001001010010
0 001001010010

2 100010010000
2 100010010000
2 100010010000
9 100010010000
9 100010010000
9 100010010000
0 100010010000
0 100010010000
0 100010010000
2 100010010000
2 100010010000
5 100010010000
5 100010010000
5 100010010000
5 100010010000
5 100010010000

7 001001010010
7 001001010010
7 001001010010
7 001001010010
2 001001010010
2 001001010010
2 001001010010
2 001001010010
5 001001010010
5 001001010010
2 001001010010
2 001001010010
5 001001010010
5 001001010010
9 001001010010
9 001001010010

12 100010010000
12 100010010000
12 100010010000
12 100010010000
12 100010010000
12 100010010000
7 100010010000
7 100010010000
7 100010010000
7 100010010000
7 100010010000
7 100010010000
7 100010010000
7 100010010000
7 100010010000
7 100010010000

12 001001010010
12 001001010010
12 001001010010
12 001001010010
9 001001010010
9 001001010010
7 001001010010
7 001001010010
5 001001010010
5 001001010010
2 001001010010
2 001001010010
5 001001010010
5 001001010010
2 001001010010
2 001001010010

12 100010010000
12 100010010000
12 100010010000
12 100010010000
12 100010010000
12 100010010000
0 100010010000
0 100010010000
0 100010010000
0 100010010000
0 100010010000
0 100010010000
0 100010010000
0 100010010000
0 100010010000
0 100010010000

12 001001010010
12 001001010010
12 001001010010
12 001001010010
2 001001010010
2 001001010010
2 001001010010
2 001001010010
5 001001010010
5 001001010010
2 001001010010
2 001001010010
5 001001010010
5 001001010010
9 001001010010
9 001001010010

12 100010010000
12 100010010000
12 100010010000
12 100010010000
12 100010010000
12 100010010000
7 100010010000
7 100010010000
7 100010010000
7 100010010000
7 100010010000
7 100010010000
7 100010010000
7 100010010000
7 100010010000
7 100010010000

12 001001010010
12 001001010010
12 001001010010
12 001001010010
9 001001010010
9 001001010010
7 001001010010
7 001001010010
5 001001010010
5 001001010010
2 001001010010
2 001001010010
5 001001010010
5 001001010010
9 001001010010
9 001001010010

12 001001000100
12 001001000100
12 001001000100
7 001001000100
7 001001000100
4 001001000100
2 001001000100
2 001001000100
2 001001000100
2 001001000100
2 001001000100
2 001001000100
2 001001000100
2 001001000100
2 001001000100
2 001001000100

12 001001000100
12 001001000100
12 001001000100
12 001001000100
12 001001000100
12 001001000100
12 001001000100
12 001001000100
12 001001000100
12 001001000100
12 001001000100
12 001001000100
12 001001000100
12 001001000100
12 001001000100
12 001001000100

12 100010000100
12 100010000100
12 100010000100
12 100010000100
12 100010000100
12 100010000100
12 100010000100
12 100010000100
12 100010000100
12 100010000100
12 100010000100
12 100010000100
12 100010000100
12 100010000100
12 100010000100
12 100010000100

12 100010000100
12 100010000100
12 100010000100
12 100010000100
12 100010000100
12 100010000100
12 100010000100
12 100010000100
12 100010000100
12 100010000100
12 100010000100
12 100010000100
12 100010000100
12 100010000100
12 100010000100
12 100010000100

12 001001000100
12 001001000100
12 001001000100
12 001001000100
11 001001000100
11 001001000100
2 001001000100
2 001001000100
4 001001000100
4 001001000100
2 001001000100
2 001001000100
4 001001000100
4 001001000100
7 001001000100
7 001001000100

12 001001000100
12 001001000100
12 001001000100
12 001001000100
12 001001000100
12 001001000100
4 001001000100
4 001001000100
4 001001000100
4 001001000100
4 001001000100
4 001001000100
4 001001000100
4 001001000100
4 001001000100
4 001001000100

12 001001000010
12 001001000010
12 001001000010
12 001001000010
9 001001000010
9 001001000010
7 001001000010
7 001001000010
4 100001000100
4 100001000100
2 100001000100
2 100001000100
4 100001000100
4 100001000100
2 100001000100
2 100001000100

12 001000010010
12 001000010010
12 001000010010
12 001000010010
12 001000010010
12 001000010010
11 001000010010
11 001000010010
11 100010010000
11 100010010000
11 100010010000
11 100010010000
11 100010010000
11 100010010000
11 100010010000
11 100010010000

12 001001000100
12 001001000100
12 001001000100
12 001001000100
11 001001000100
11 001001000100
2 001001000100
2 001001000100
4 001001000100
4 001001000100
2 001001000100
2 001001000100
4 001001000100
4 001001000100
7 001001000100
7 001001000100

12 001001000100
12 001001000100
12 001001000100
12 001001000100
12 001001000100
12 001001000100
4 001001000100
4 001001000100
4 001001000100
4 001001000100
4 001001000100
4 001001000100
4 001001000100
4 001001000100
4 001001000100
4 001001000100

12 001001000010
12 001001000010
12 001001000010
12 001001000010
9 001001000010
9 001001000010
7 001001000010
7 001001000010
4 100001000100
4 100001000100
2 100001000100
2 100001000100
4 100001000100
4 100001000100
2 100001000100
2 100001000100

12 001000010010
12 001000010010
12 001000010010
12 001000010010
12 001000010010
12 001000010010
11 001000010010
11 001000010010
11 100010010000
11 100010010000
11 100010010000
11 100010010000
11 100010010000
11 100010010000
11 100010010000
11 100010010000

12 001001010010
12 001001010010
12 001001010010
12 001001010010
12 001001010010
12 001001010010
12 001001010010
12 001001010010
12 001001010010
12 001001010010
12 001001010010
12 001001010010
12 001001010010
12 001001010010
12 001001010010
12 001001010010

12 100010010000
12 100010010000
12 100010010000
12 100010010000
12 100010010000
12 100010010000
12 100010010000
12 100010010000
12 100010010000
12 100010010000
12 100010010000
12 100010010000
12 100010010000
12 100010010000
12 100010010000
12 100010010000

12 001001010010
12 001001010010
12 001001010010
12 001001010010
12 001001010010
12 001001010010
12 001001010010
12 001001010010
12 001001010010
12 001001010010
12 001001010010
12 001001010010
12 001001010010
12 001001010010
12 001001010010
12 001001010010

12 100010010000
12 100010010000
12 100010010000
12 100010010000
12 100010010000
12 100010010000
12 100010010000
12 100010010000
12 100010010000
12 100010010000
12 100010010000
12 100010010000
12 100010010000
12 100010010000
12 100010010000
12 100010010000

12 001001010010
12 001001010010
12 001001010010
12 001001010010
2 001001010010
2 001001010010
2 001001010010
2 001001010010
5 001001010010
5 001001010010
2 001001010010
2 001001010010
5 001001010010
5 001001010010
9 001001010010
9 001001010010

12 100010010000
12 100010010000
12 100010010000
12 100010010000
12 100010010000
12 100010010000
12 100010010000
12 100010010000
12 100010010000
12 100010010000
12 100010010000
12 100010010000
12 100010010000
12 100010010000
12 100010010000
12 100010010000

