12 001000010001
12 001000010001
12 001000010001
12 001000010001
12 001000010001
12 001000010001
12 001000010001
12 001000010001
12 001000100001
12 001000100001
12 001000100001
12 001000100001
12 001000100001
12 001000100001
12 001000100001
12 001000100001

12 000010010001
12 000010010001
12 000010010001
12 000010010001
12 000010010001
12 000010010001
12 000010010001
12 000010010001
12 100100010000
12 100100010000
12 100100010000
12 100100010000
12 100100010000
12 100100010000
12 100100010000
12 100100010000

12 010010010010
12 010010010010
12 010010010010
12 010010010010
12 010010010010
12 010010010010
12 010010010010
12 010010010010
12 001000010001
12 001000010001
12 001000010001
12 001000010001
12 001000010001
12 001000010001
12 001000010001
12 001000010001

12 100010010100
12 100010010100
12 100010010100
12 100010010100
12 100010010100
12 100010010100
12 100010010100
12 100010010100
12 101000100100
12 101000100100
12 101000100100
12 101000100100
12 101000100100
12 101000100100
12 101000100100
12 101000100100

12 001000010001
12 001000010001
12 001000010001
12 001000010001
12 001000010001
12 001000010001
12 001000010001
11 001000010001
11 001000010001
2 001000010001
2 001000010001
2 001000010001
2 001000010001
2 001000010001
2 001000010001
2 001000010001

12 000100100101
12 000100100101
12 000100100101
12 000100100101
12 000100100101
12 000100100101
12 000100100101
12 000100100101
11 000100100101
9 000100100101
9 000100100101
9 000100100101
9 000100100101
9 000100100101
9 000100100101
9 000100100101

12 000010010001
12 000010010001
12 000010010001
12 000010010001
12 000010010001
12 000010010001
11 000010010001
11 000010010001
4 001001010001
4 001001010001
2 001001010001
2 001001010001
2 001001010001
11 001001010001
11 001001010001
9 001001010001

12 100010010010
12 100010010010
12 100010010010
12 100010010010
12 100010010010
12 100010010010
12 100010010010
12 100010010010
12 010010010010
12 010010010010
12 010010010010
12 010010010010
12 010010010010
12 010010010010
12 010010010010
7 010010010010

9 001000010001
9 001000010001
11 001000010001
11 001000010001
11 001000010001
11 001000010001
2 001000010001
2 001000010001
4 001010001001
4 001010001001
4 001010001001
4 001010001001
4 001010001001
4 001010001001
4 001010001001
4 001010001001

12 010010010100
12 010010010100
12 010010010100
12 010010010100
12 010010010100
12 010010010100
12 010010010100
7 010010010100
9 101000100100
9 101000100100
7 101000100100
11 101000100100
11 101000100100
11 101000100100
11 101000100100
11 101000100100

12 100101000100
12 100101000100
12 100101000100
12 100101000100
12 100101000100
12 100101000100
12 100101000100
12 100101000100
12 001010001001
12 001010001001
12 001010001001
12 001010001001
12 001010001001
12 001010001001
12 001010001001
12 001010001001

12 010010010100
12 010010010100
12 010010010100
12 010010010100
12 010010010100
12 010010010100
12 010010010100
12 010010010100
12 101000100100
12 101000100100
12 101000100100
11 101000100100
11 101000100100
11 101000100100
11 101000100100
11 101000100100

4 001000010001
4 001000010001
4 001000010001
2 001000010001
2 001000010001
2 001000010001
4 001000010001
4 001000010001
4 001000010001
4 001000010001
4 001000010001
4 001000010001
4 001000010001
4 001000010001
4 001000010001
4 001000010001

12 000100100101
12 000100100101
12 000100100101
12 000100100101
12 000100100101
12 000100100101
12 000100100101
11 000100100101
9 000100100101
9 000100100101
9 000100100101
9 000100100101
9 000100100101
9 000100100101
9 000100100101
9 000100100101

12 000010010001
12 000010010001
12 000010010001
12 000010010001
12 000010010001
12 000010010001
11 000010010001
11 000010010001
4 001001010001
4 001001010001
2 001001010001
2 001001010001
2 001001010001
2 001001010001
11 001001010001
9 001001010001

12 100010010010
12 100010010010
4 100010010010
7 100010010010
7 100010010010
7 100010010010
7 100010010010
9 100010010010
9 010010010010
9 010010010010
9 010010010010
9 010010010010
9 010010010010
9 010010010010
9 010010010010
9 010010010010

12 001000010001
9 001000010001
9 001000010001
9 001000010001
11 001000010001
11 001000010001
2 001000010001
2 001000010001
4 001010001001
4 001010001001
4 001010001001
4 001010001001
4 001010001001
4 001010001001
4 001010001001
4 001010001001

12 010010010100
12 010010010100
12 010010010100
12 010010010100
12 010010010100
4 010010010100
11 010010010100
11 010010010100
7 101000100100
7 101000100100
7 101000100100
7 101000100100
7 101000100100
7 101000100100
7 101000100100
7 101000100100

12 001000010001
12 001000010001
12 001000010001
12 001000010001
12 001000010001
12 001000010001
12 001000010001
12 001000010001
12 100010010010
12 100010010010
12 100010010010
12 100010010010
12 100010010010
12 100010010010
12 100010010010
12 100010010010

12 001000010001
12 001000010001
12 001000010001
12 001000010001
12 001000010001
12 001000010001
12 001000010001
12 001000010001
12 000100100101
12 000100100101
12 000100100101
12 000100100101
12 000100100101
12 000100100101
12 000100100101
12 000100100101

12 000010010001
12 000010010001
12 000010010001
12 000010010001
12 000010010001
12 000010010001
12 000010010001
4 000010010001
7 000010010001
7 000010010001
9 000010010001
9 000010010001
9 000010010001
9 000010010001
9 000010010001
9 000010010001

11 000010010001
11 000010010001
11 000010010001
11 000010010001
7 000010010001
7 000010010001
7 000010010001
4 000010010001
4 000010010001
7 000010010001
7 000010010001
7 000010010001
7 000010010001
7 000010010001
7 000010010001
7 000010010001

12 000010010001
12 000010010001
12 000010010001
12 000010010001
12 000010010001
12 000010010001
12 000010010001
4 000010010001
7 000010010001
7 000010010001
9 000010010001
9 000010010001
9 000010010001
9 000010010001
11 000010010001
11 000010010001

12 000010010001
12 000010010001
12 000010010001
12 000010010001
12 000010010001
12 000010010001
2 000010010001
11 000010010001
1 010010000100
1 010010000100
1 010010000100
1 010010000100
1 010010000100
1 010010000100
1 010010000100
1 010010000100

12 000010010001
12 000010010001
12 000010010001
12 000010010001
12 000010010001
12 000010010001
12 000010010001
4 000010010001
4 000010010001
4 000010010001
7 000010010001
7 000010010001
7 000010010001
7 000010010001
9 000010010001
11 000010010001

12 000010010001
2 000010010001
2 000010010001
2 000010010001
4 000010010001
4 000010010001
4 000010010001
6 000010010001
4 010010100010
4 010010100010
4 010010100010
6 010010100010
6 010010100010
6 010010100010
6 010010100010
11 010010100010

12 001000100001
12 001000100001
12 001000100001
12 001000100001
12 001000100001
12 001000100001
12 001000100001
11 001000100001
2 001010001001
2 001010001001
2 001010001001
2 001010001001
2 001010001001
2 001010001001
10 001010001001
10 001010001001

9 010010010100
9 010010010100
9 010010010100
9 010010010100
9 010010010100
9 010010010100
9 010010010100
9 010010010100
9 001000100100
9 001000100100
9 001000100100
9 001000100100
11 001000100100
11 001000100100
11 001000100100
11 001000100100

12 001000010001
12 001000010001
2 001000010001
2 001000010001
2 001000010001
2 001000010001
2 001000010001
2 001000010001
2 001000010001
2 001000010001
2 001000010001
2 001000010001
2 001000010001
2 001000010001
2 001000010001
2 001000010001

12 000100100101
12 000100100101
12 000100100101
11 000100100101
11 000100100101
11 000100100101
11 000100100101
11 000100100101
11 000100100101
9 000100100101
9 000100100101
9 000100100101
9 000100100101
9 000100100101
9 000100100101
9 000100100101

12 000010010001
12 000010010001
12 000010010001
12 000010010001
12 000010010001
12 000010010001
12 000010010001
11 000010010001
4 001001010001
4 001001010001
4 001001010001
2 001001010001
2 001001010001
11 001001010001
9 001001010001
7 001001010001

12 100010010010
12 100010010010
4 100010010010
7 100010010010
7 100010010010
7 100010010010
7 100010010010
7 100010010010
10 010010010010
10 010010010010
10 010010010010
10 010010010010
10 010010010010
10 010010010010
10 010010010010
10 010010010010

7 001000010001
11 001000010001
11 001000010001
11 001000010001
11 001000010001
11 001000010001
2 001000010001
2 001000010001
4 001010001001
4 001010001001
4 001010001001
4 001010001001
4 001010001001
4 001010001001
4 001010001001
4 001010001001

12 010010010100
12 010010010100
12 010010010100
12 010010010100
12 010010010100
12 010010010100
4 010010010100
10 010010010100
10 101000100100
7 101000100100
9 101000100100
7 101000100100
7 101000100100
7 101000100100
7 101000100100
7 101000100100

12 001000010001
12 001000010001
7 001000010001
7 001000010001
7 001000010001
7 001000010001
7 001000010001
7 001000010001
7 100010010010
7 100010010010
7 100010010010
7 100010010010
7 100010010010
7 100010010010
7 100010010010
7 100010010010

12 001000010001
12 001000010001
12 001000010001
12 001000010001
12 001000010001
12 001000010001
12 001000010001
12 001000010001
12 000100100101
12 000100100101
12 000100100101
12 000100100101
12 000100100101
12 000100100101
12 000100100101
12 000100100101

12 000010010001
12 000010010001
12 000010010001
12 000010010001
12 000010010001
12 000010010001
12 000010010001
4 000010010001
7 100010000100
7 100010000100
9 100010000100
9 100010000100
9 100010000100
9 100010000100
9 100010000100
9 100010000100

12 000010010001
12 000010010001
7 000010010001
7 000010010001
7 000010010001
4 000010010001
4 000010010001
7 000010010001
7 100010010010
7 100010010010
7 100010010010
7 100010010010
7 100010010010
7 100010010010
7 100010010010
7 100010010010

12 000010010001
12 000010010001
12 000010010001
12 000010010001
12 000010010001
12 000010010001
4 000010010001
7 000010010001
9 100010000100
9 100010000100
9 100010000100
9 100010000100
9 100010000100
9 100010000100
9 100010000100
9 100010000100

11 000010010001
11 000010010001
11 000010010001
11 000010010001
2 000010010001
2 000010010001
11 000010010001
1 000010010001
1 010010000100
1 010010000100
1 010010000100
1 010010000100
1 010010000100
1 010010000100
1 010010000100
1 010010000100

12 000010010001
12 000010010001
12 000010010001
12 000010010001
12 000010010001
12 000010010001
12 000010010001
4 000010010001
4 100010000100
4 100010000100
7 100010000100
7 100010000100
7 100010000100
7 100010000100
7 100010000100
9 100010000100

11 100100010000
11 100100010000
2 100100010000
2 100100010000
4 100100010000
4 100100010000
4 100100010000
6 100100010000
4 010010100010
4 010010100010
4 010010100010
4 010010100010
4 010010100010
4 010010100010
6 010010100010
2 010010100010

12 001000100001
12 001000100001
12 001000100001
12 001000100001
12 001000100001
12 001000100001
12 001000100001
11 001000100001
2 001001001010
2 001001001010
2 001001001010
2 001001001010
2 001001001010
2 001001001010
10 001001001010
10 001001001010

9 100010010100
9 100010010100
9 100010010100
9 100010010100
9 100010010100
9 100010010100
9 100010010100
9 100010010100
9 101000100100
9 101000100100
9 101000100100
11 101000100100
9 101000100100
9 101000100100
11 101000100100
9 101000100100

12 001000010001
12 001000010001
12 001000010001
12 001000010001
11 001000010001
11 001000010001
11 001000010001
11 001000010001
11 001000010001
9 001000010001
9 001000010001
11 001000010001
11 001000010001
11 001000010001
11 001000010001
11 001000010001

12 000100100101
12 000100100101
12 000100100101
12 000100100101
12 000100100101
12 000100100101
12 000100100101
11 000100100101
11 000100100101
11 000100100101
11 000100100101
9 000100100101
9 000100100101
9 000100100101
9 000100100101
9 000100100101

12 000010010001
12 000010010001
12 000010010001
12 000010010001
12 000010010001
12 000010010001
12 000010010001
4 000010010001
4 001001010001
4 001001010001
4 001001010001
4 001001010001
4 001001010001
4 001001010001
4 001001010001
11 001001010001

7 100010010010
9 100010010010
9 100010010010
7 100010010010
7 100010010010
7 100010010010
7 100010010010
7 100010010010
10 010010010010
10 010010010010
10 010010010010
10 010010010010
10 010010010010
10 010010010010
10 010010010010
7 010010010010

9 001000010001
11 001000010001
11 001000010001
11 001000010001
11 001000010001
11 001000010001
2 001000010001
2 001000010001
2 001010001001
4 001010001001
4 001010001001
4 001010001001
4 001010001001
4 001010001001
4 001010001001
4 001010001001

12 010010010100
12 010010010100
12 010010010100
12 010010010100
12 010010010100
12 010010010100
4 010010010100
11 010010010100
11 101000100100
7 101000100100
9 101000100100
7 101000100100
11 101000100100
11 101000100100
11 101000100100
11 101000100100

12 001001000101
12 001001000101
12 001001000101
12 001001000101
12 001001000101
12 001001000101
12 001001000101
12 001001000101
12 001001000101
12 001001000101
12 001001000101
12 001001000101
12 001001000101
12 001001000101
12 001001000101
11 001001000101

4 001010001001
4 001010001001
4 001010001001
4 001010001001
4 001010001001
4 001010001001
4 001010001001
4 001010001001
4 001010001001
4 001010001001
4 001010001001
4 001010001001
4 001010001001
4 001010001001
11 001010001001
11 001010001001

11 010010010100
7 010010010100
11 010010010100
11 010010010100
11 010010010100
11 010010010100
11 010010010100
11 010010010100
9 010010010100
7 010010010100
7 010010010100
4 010010010100
7 010010010100
7 010010010100
7 010010010100
7 010010010100

12 101000100100
12 101000100100
12 101000100100
11 101000100100
4 101000100100
4 101000100100
2 101000100100
2 101000100100
4 101000100100
4 101000100100
4 101000100100
11 101000100100
7 101000100100
10 101000100100
10 101000100100
10 101000100100

12 001000010001
12 001000010001
11 001000010001
9 001000010001
7 001000010001
7 001000010001
7 100010010000
7 100010010000
7 100010010000
7 100010010000
7 100010010000
7 010010010010
7 010010010010
4 010010010010
4 010010010010
4 010010010010

12 001000010001
12 001000010001
12 001000010001
12 001000010001
12 100100101000
12 100100101000
12 100100101000
12 100100101000
12 001001010001
12 001001010001
12 001001010001
12 001001010001
12 001001010001
12 001001010001
12 001001010001
12 001001010001

