12 010010000100
12 010010000100
12 010010000100
12 010010000100
12 010010000100
12 010010000100
12 010010000100
12 010010000100
12 010010000100
12 010010000100
12 010010000100
12 010010000100
12 010010000100
12 010010000100
12 010010000100
12 010010000100

12 000010001001
12 000010001001
12 000010001001
12 000010001001
12 000010001001
12 000010001001
12 000010001001
12 000010001001
12 000010001001
12 000010001001
12 000010001001
12 000010001001
12 000010001001
12 000010001001
12 000010001001
12 000010001001

12 010010000100
12 010010000100
12 010010000100
12 010010000100
12 010010000100
12 010010000100
12 010010000100
12 010010000100
12 010010000100
12 010010000100
12 010010000100
12 010010000100
12 010010000100
12 010010000100
12 010010000100
12 010010000100

12 000010001001
12 000010001001
12 000010001001
12 000010001001
12 000010001001
12 000010001001
12 000010001001
12 000010001001
12 000010001001
12 000010001001
12 000010001001
12 000010001001
12 000010001001
12 000010001001
12 000010001001
12 000010001001

12 010010000100
12 010010000100
12 010010000100
12 010010000100
12 010010000100
12 010010000100
12 010010000100
12 010010000100
12 010010000100
12 010010000100
12 010010000100
12 010010000100
12 010010000100
12 010010000100
12 010010000100
12 010010000100

12 000010001001
12 000010001001
12 000010001001
12 000010001001
12 000010001001
12 000010001001
12 000010001001
12 000010001001
12 000010001001
12 000010001001
12 000010001001
12 000010001001
12 000010001001
12 000010001001
12 000010001001
12 000010001001

12 010000100100
12 010000100100
12 010000100100
12 010000100100
12 010000100100
12 010000100100
12 010000100100
12 010000100100
12 010000100100
12 010000100100
12 010000100100
12 010000100100
12 010000100100
12 010000100100
12 010000100100
12 010000100100

12 010010000100
12 010010000100
12 010010000100
12 010010000100
12 010010000100
12 010010000100
12 010010000100
12 010010000100
12 010010000100
12 010010000100
12 010010000100
12 010010000100
12 010010000100
12 010010000100
12 010010000100
12 010010000100

12 001000100100
12 001000100100
12 001000100100
12 001000100100
12 001000100100
12 001000100100
12 001000100100
12 001000100100
1 001000100100
1 001000100100
1 001000100100
1 001000100100
1 001000100100
1 001000100100
1 001000100100
1 001000100100

1 001000101001
1 001000101001
1 001000101001
11 001000101001
11 001000101001
11 001000101001
11 001000101001
6 001000101001
6 001000101001
6 001000101001
6 001000101001
11 001000101001
11 001000101001
11 001000101001
11 001000101001
11 001000101001

12 010000100100
12 010000100100
12 010000100100
12 010000100100
12 010000100100
12 010000100100
12 010000100100
9 010000100100
9 010000100100
9 010000100100
9 010000100100
8 010000100100
9 010000100100
9 010000100100
9 010000100100
1 010000100100

12 000100100101
12 000100100101
12 000100100101
6 000100100101
6 000100100101
6 000100100101
6 000100100101
9 000100100101
11 000100100101
11 000100100101
11 000100100101
1 000100100101
1 000100100101
1 000100100101
1 000100100101
1 000100100101

12 000010001001
12 000010001001
12 000010001001
12 000010001001
12 000010001001
12 000010001001
12 000010001001
12 000010001001
4 000010001001
4 000010001001
4 000010001001
3 000010001001
3 000010001001
3 000010001001
4 000010001001
4 000010001001

6 100100100100
6 100100100100
6 100100100100
6 100100100100
9 100100100100
9 100100100100
9 100100100100
11 100100100100
11 100100100100
11 100100100100
11 100100100100
11 100100100100
11 100100100100
11 100100100100
11 100100100100
11 100100100100

12 000010001001
12 000010001001
12 000010001001
12 000010001001
12 000010001001
12 000010001001
4 000010001001
4 000010001001
4 000010001001
4 000010001001
4 000010001001
3 000010001001
3 000010001001
3 000010001001
3 000010001001
4 000010001001

12 010010001010
12 010010001010
12 010010001010
8 010010001010
8 010010001010
8 010010001010
8 010010001010
1 010010001010
3 010010001010
3 010010001010
3 010010001010
4 010010001010
4 010010001010
4 010010001010
4 010010001010
4 010010001010

12 010010000100
12 010010000100
12 010010000100
12 010010000100
12 010010000100
12 010010000100
12 010010000100
12 010010000100
1 010010000100
1 010010000100
1 010010000100
11 010010000100
1 010010000100
1 010010000100
1 010010000100
11 010010000100

12 000010001001
12 000010001001
12 000010001001
4 000010001001
4 000010001001
4 000010001001
11 000010001001
11 000010001001
9 000010001001
9 000010001001
9 000010001001
9 000010001001
8 000010001001
8 000010001001
8 000010001001
4 000010001001

12 010010100100
12 010010100100
12 010010100100
6 010010100100
6 010010100100
6 010010100100
6 010010100100
6 010010100100
6 010010100100
6 010010100100
6 010010100100
6 010010100100
6 010010100100
6 010010100100
6 010010100100
6 010010100100

12 000010001001
12 000010001001
12 000010001001
12 000010001001
12 000010001001
12 000010001001
12 000010001001
12 000010001001
12 000010001001
12 000010001001
12 000010001001
12 000010001001
12 000010001001
12 000010001001
12 000010001001
12 000010001001

12 001000100100
12 001000100100
12 001000100100
12 001000100100
12 001000100100
12 001000100100
12 001000100100
12 001000100100
1 001000100100
1 001000100100
1 001000100100
1 001000100100
1 001000100100
1 001000100100
1 001000100100
1 001000100100

1 001000101001
1 001000101001
1 001000101001
11 001000101001
11 001000101001
11 001000101001
11 001000101001
6 001000101001
6 001000101001
6 001000101001
6 001000101001
11 001000101001
11 001000101001
11 001000101001
11 001000101001
11 001000101001

12 010000100100
12 010000100100
12 010000100100
12 010000100100
12 010000100100
12 010000100100
12 010000100100
9 010000100100
9 010000100100
9 010000100100
9 010000100100
8 010000100100
9 010000100100
9 010000100100
9 010000100100
1 010000100100

12 000100100101
12 000100100101
12 000100100101
6 000100100101
6 000100100101
6 000100100101
6 000100100101
9 000100100101
11 000100100101
11 000100100101
11 000100100101
1 000100100101
1 000100100101
1 000100100101
1 000100100101
1 000100100101

12 000010001001
12 000010001001
12 000010001001
12 000010001001
12 000010001001
12 000010001001
12 000010001001
4 000010001001
4 000010001001
4 000010001001
4 000010001001
3 000010001001
3 000010001001
3 000010001001
4 000010001001
4 000010001001

12 100100100100
12 100100100100
12 100100100100
6 100100100100
6 100100100100
6 100100100100
6 100100100100
9 100100100100
11 100100100100
11 100100100100
11 100100100100
11 100100100100
11 100100100100
11 100100100100
11 100100100100
11 100100100100

12 000010001001
12 000010001001
12 000010001001
12 000010001001
12 000010001001
12 000010001001
12 000010001001
4 000010001001
4 000010001001
4 000010001001
4 000010001001
3 000010001001
3 000010001001
3 000010001001
3 000010001001
4 000010001001

12 010010001010
12 010010001010
12 010010001010
8 010010001010
8 010010001010
8 010010001010
8 010010001010
1 010010001010
3 010010001010
3 010010001010
3 010010001010
4 010010001010
4 010010001010
4 010010001010
4 010010001010
4 010010001010

12 010010000100
12 010010000100
12 010010000100
12 010010000100
12 010010000100
12 010010000100
12 010010000100
12 010010000100
1 010010000100
1 010010000100
1 010010000100
11 010010000100
1 010010000100
1 010010000100
1 010010000100
11 010010000100

12 000010001001
12 000010001001
12 000010001001
4 000010001001
4 000010001001
4 000010001001
11 000010001001
11 000010001001
9 000010001001
9 000010001001
9 000010001001
9 000010001001
8 000010001001
8 000010001001
8 000010001001
4 000010001001

12 010010100100
12 010010100100
12 010010100100
6 010010100100
6 010010100100
6 010010100100
6 010010100100
6 010010100100
6 010010100100
6 010010100100
6 010010100100
6 010010100100
6 010010100100
6 010010100100
6 010010100100
6 010010100100

12 010010000100
12 010010000100
12 010010000100
12 010010000100
12 010010000100
12 010010000100
12 010010000100
12 010010000100
12 010010000100
12 010010000100
12 010010000100
12 010010000100
12 010010000100
12 010010000100
12 010010000100
12 010010000100

12 001000010001
12 001000010001
12 001000010001
12 001000010001
12 001000010001
12 001000010001
12 001000010001
12 001000010001
12 001000010001
12 001000010001
12 001000010001
12 001000010001
12 001000010001
12 001000010001
12 001000010001
12 001000010001

12 010010000100
12 010010000100
12 010010000100
12 010010000100
12 010010000100
12 010010000100
12 010010000100
12 010010000100
12 010010000100
12 010010000100
12 010010000100
12 010010000100
12 010010000100
12 010010000100
12 010010000100
12 010010000100

12 001000010001
12 001000010001
12 001000010001
12 001000010001
12 001000010001
12 001000010001
12 001000010001
12 001000010001
12 001000010001
12 001000010001
12 001000010001
12 001000010001
12 001000010001
12 001000010001
12 001000010001
12 001000010001

12 001000010001
12 001000010001
12 001000010001
12 001000010001
12 001000010001
12 001000010001
12 001000010001
12 001000010001
12 001000010001
12 001000010001
12 001000010001
12 001000010001
12 001000010001
12 001000010001
12 001000010001
12 001000010001

12 010010010001
12 010010010001
12 010010010001
12 010010010001
12 010010010001
12 010010010001
12 010010010001
12 010010010001
12 010010010001
12 010010010001
12 010010010001
12 010010010001
12 010010010001
12 010010010001
12 010010010001
12 010010010001

12 001000100001
12 001000100001
12 001000100001
12 001000100001
12 001000100001
12 001000100001
12 001000100001
12 001000100001
12 001000100001
12 001000100001
12 001000100001
12 001000100001
12 001000100001
12 001000100001
12 001000100001
12 001000100001

12 001010001001
12 001010001001
12 001010001001
12 001010001001
12 001010001001
12 001010001001
12 001010001001
12 001010001001
12 001010001001
12 001010001001
12 001010001001
12 001010001001
12 001010001001
12 001010001001
12 001010001001
12 001010001001

12 010010000100
12 010010000100
12 010010000100
12 010010000100
12 010010000100
12 010010000100
12 010010000100
12 010010000100
12 010010000100
12 010010000100
12 010010000100
12 010010000100
12 010010000100
12 010010000100
12 010010000100
12 010010000100

12 001001001001
12 001001001001
12 001001001001
12 001001001001
12 001001001001
12 001001001001
12 001001001001
12 001001001001
12 001001001001
12 001001001001
12 001001001001
12 001001001001
12 001001001001
12 001001001001
12 001001001001
12 001001001001

12 010010000100
12 010010000100
12 010010000100
12 010010000100
12 010010000100
12 010010000100
12 010010000100
12 010010000100
12 010010000100
12 010010000100
12 010010000100
12 010010000100
12 010010000100
12 010010000100
12 010010000100
12 010010000100

12 010100100100
12 010100100100
12 010100100100
12 010100100100
12 010100100100
12 010100100100
12 010100100100
12 010100100100
12 010100100100
12 010100100100
12 010100100100
12 010100100100
12 010100100100
12 010100100100
12 010100100100
12 010100100100

12 001000100100
12 001000100100
12 001000100100
12 001000100100
12 001000100100
12 001000100100
12 001000100100
12 001000100100
6 001000100100
6 001000100100
6 001000100100
4 001000100100
6 001000100100
6 001000100100
6 001000100100
4 001000100100

12 010010000100
12 010010000100
12 010010000100
9 010010000100
9 010010000100
9 010010000100
4 010010000100
4 010010000100
2 010010000100
2 010010000100
2 010010000100
2 010010000100
1 010010000100
1 010010000100
1 010010000100
9 010010000100

12 001000100101
12 001000100101
12 001000100101
11 001000100101
11 001000100101
11 001000100101
11 001000100101
11 001000100101
11 001000100101
11 001000100101
11 001000100101
11 001000100101
11 001000100101
11 001000100101
11 001000100101
11 001000100101

12 001000100100
12 001000100100
12 001000100100
12 001000100100
12 001000100100
12 001000100100
12 001000100100
12 001000100100
1 001000100100
1 001000100100
1 001000100100
1 001000100100
1 001000100100
1 001000100100
1 001000100100
1 001000100100

1 001000101001
1 001000101001
1 001000101001
11 001000101001
11 001000101001
11 001000101001
11 001000101001
6 001000101001
6 001000101001
6 001000101001
6 001000101001
11 001000101001
11 001000101001
11 001000101001
11 001000101001
11 001000101001

12 010000100100
12 010000100100
12 010000100100
12 010000100100
12 010000100100
12 010000100100
12 010000100100
9 010000100100
9 010000100100
9 010000100100
9 010000100100
8 010000100100
9 010000100100
9 010000100100
9 010000100100
1 010000100100

12 000100100101
12 000100100101
12 000100100101
6 000100100101
6 000100100101
6 000100100101
6 000100100101
9 000100100101
11 000100100101
11 000100100101
11 000100100101
1 000100100101
1 000100100101
1 000100100101
1 000100100101
1 000100100101

12 000010001001
12 000010001001
12 000010001001
12 000010001001
12 000010001001
12 000010001001
12 000010001001
4 000010001001
4 000010001001
4 000010001001
4 000010001001
3 000010001001
3 000010001001
3 000010001001
4 000010001001
4 000010001001

12 100100100100
12 100100100100
12 100100100100
6 100100100100
6 100100100100
6 100100100100
6 100100100100
9 100100100100
11 100100100100
11 100100100100
11 100100100100
11 100100100100
11 100100100100
11 100100100100
11 100100100100
11 100100100100

12 000010001001
12 000010001001
12 000010001001
12 000010001001
12 000010001001
12 000010001001
12 000010001001
4 000010001001
4 000010001001
4 000010001001
4 000010001001
3 000010001001
3 000010001001
3 000010001001
3 000010001001
4 000010001001

12 010010001010
12 010010001010
12 010010001010
8 010010001010
8 010010001010
8 010010001010
8 010010001010
1 010010001010
3 010010001010
3 010010001010
3 010010001010
4 010010001010
4 010010001010
4 010010001010
4 010010001010
4 010010001010

12 010010000100
12 010010000100
12 010010000100
12 010010000100
12 010010000100
12 010010000100
12 010010000100
12 010010000100
1 010010000100
1 010010000100
1 010010000100
11 010010000100
1 010010000100
1 010010000100
1 010010000100
11 010010000100

12 000010001001
12 000010001001
12 000010001001
4 000010001001
4 000010001001
4 000010001001
11 000010001001
11 000010001001
9 000010001001
9 000010001001
9 000010001001
9 000010001001
8 000010001001
8 000010001001
8 000010001001
4 000010001001

12 010010100100
12 010010100100
12 010010100100
12 010010100100
12 010010100100
12 010010100100
12 010010100100
12 010010100100
6 010010100100
6 010010100100
6 010010100100
6 010010100100
6 010010100100
6 010010100100
6 010010100100
6 010010100100

12 000010001001
12 000010001001
12 000010001001
12 000010001001
12 000010001001
12 000010001001
12 000010001001
12 000010001001
12 000010001001
12 000010001001
12 000010001001
12 000010001001
12 000010001001
12 000010001001
12 000010001001
12 000010001001

12 010010000100
12 010010000100
12 010010000100
12 010010000100
12 010010000100
12 010010000100
12 010010000100
12 010010000100
1 010010000100
1 010010000100
1 010010000100
11 010010000100
1 010010000100
1 010010000100
1 010010000100
11 010010000100

12 000010001001
12 000010001001
12 000010001001
4 000010001001
4 000010001001
4 000010001001
11 000010001001
11 000010001001
9 000010001001
9 000010001001
9 000010001001
9 000010001001
8 000010001001
8 000010001001
8 000010001001
4 000010001001

12 010010100100
12 010010100100
12 010010100100
12 010010100100
12 010010100100
12 010010100100
12 010010100100
12 010010100100
6 010010100100
6 010010100100
6 010010100100
6 010010100100
6 010010100100
6 010010100100
6 010010100100
6 010010100100

12 000010001001
12 000010001001
12 000010001001
12 000010001001
12 000010001001
12 000010001001
12 000010001001
12 000010001001
12 000010001001
12 000010001001
12 000010001001
12 000010001001
12 000010001001
12 000010001001
12 000010001001
12 000010001001

12 010010000100
12 010010000100
12 010010000100
12 010010000100
12 010010000100
12 010010000100
12 010010000100
12 010010000100
1 010010000100
1 010010000100
1 010010000100
11 010010000100
1 010010000100
1 010010000100
1 010010000100
11 010010000100

12 000010001001
12 000010001001
12 000010001001
4 000010001001
4 000010001001
4 000010001001
11 000010001001
11 000010001001
9 000010001001
9 000010001001
9 000010001001
9 000010001001
8 000010001001
8 000010001001
8 000010001001
4 000010001001

12 010010100100
12 010010100100
12 010010100100
12 010010100100
12 010010100100
12 010010100100
12 010010100100
12 010010100100
6 010010100100
6 010010100100
6 010010100100
6 010010100100
6 010010100100
6 010010100100
6 010010100100
6 010010100100

12 000010001001
12 000010001001
12 000010001001
12 000010001001
12 000010001001
12 000010001001
12 000010001001
12 000010001001
12 000010001001
12 000010001001
12 000010001001
12 000010001001
12 000010001001
12 000010001001
12 000010001001
12 000010001001

12 010010000100
12 010010000100
12 010010000100
12 010010000100
12 010010000100
12 010010000100
12 010010000100
12 010010000100
1 010010000100
1 010010000100
1 010010000100
11 010010000100
1 010010000100
1 010010000100
1 010010000100
11 010010000100

12 000010001001
12 000010001001
12 000010001001
4 000010001001
4 000010001001
4 000010001001
11 000010001001
11 000010001001
9 000010001001
9 000010001001
9 000010001001
9 000010001001
8 000010001001
8 000010001001
8 000010001001
4 000010001001

12 010010100100
12 010010100100
12 010010100100
12 010010100100
12 010010100100
12 010010100100
12 010010100100
12 010010100100
6 010010100100
6 010010100100
6 010010100100
6 010010100100
6 010010100100
6 010010100100
6 010010100100
6 010010100100

12 000010001001
12 000010001001
12 000010001001
12 000010001001
12 000010001001
12 000010001001
12 000010001001
12 000010001001
12 000010001001
12 000010001001
12 000010001001
12 000010001001
12 000010001001
12 000010001001
12 000010001001
12 000010001001

12 010010000100
12 010010000100
12 010010000100
12 010010000100
12 010010000100
12 010010000100
12 010010000100
12 010010000100
1 010010000100
1 010010000100
1 010010000100
11 010010000100
1 010010000100
1 010010000100
1 010010000100
11 010010000100

12 000010001001
12 000010001001
12 000010001001
4 000010001001
4 000010001001
4 000010001001
11 000010001001
11 000010001001
9 000010001001
9 000010001001
9 000010001001
9 000010001001
8 000010001001
8 000010001001
8 000010001001
4 000010001001

12 010010100100
12 010010100100
12 010010100100
12 010010100100
12 010010100100
12 010010100100
12 010010100100
12 010010100100
6 010010100100
6 010010100100
6 010010100100
6 010010100100
6 010010100100
6 010010100100
6 010010100100
6 010010100100

12 000010001001
12 000010001001
12 000010001001
12 000010001001
12 000010001001
12 000010001001
12 000010001001
12 000010001001
12 000010001001
12 000010001001
12 000010001001
12 000010001001
12 000010001001
12 000010001001
12 000010001001
12 000010001001

12 010010000100
12 010010000100
12 010010000100
12 010010000100
12 010010000100
12 010010000100
12 010010000100
12 010010000100
1 010010000100
1 010010000100
1 010010000100
11 010010000100
1 010010000100
1 010010000100
1 010010000100
11 010010000100

12 000010001001
12 000010001001
12 000010001001
4 000010001001
4 000010001001
4 000010001001
11 000010001001
11 000010001001
9 000010001001
9 000010001001
9 000010001001
9 000010001001
8 000010001001
8 000010001001
8 000010001001
4 000010001001

12 010010100100
12 010010100100
12 010010100100
12 010010100100
12 010010100100
12 010010100100
12 010010100100
12 010010100100
6 010010100100
6 010010100100
6 010010100100
6 010010100100
6 010010100100
6 010010100100
6 010010100100
6 010010100100

12 000010001001
12 000010001001
12 000010001001
12 000010001001
12 000010001001
12 000010001001
12 000010001001
12 000010001001
12 000010001001
12 000010001001
12 000010001001
12 000010001001
12 000010001001
12 000010001001
12 000010001001
12 000010001001

12 010010000100
12 010010000100
12 010010000100
12 010010000100
12 010010000100
12 010010000100
12 010010000100
12 010010000100
1 010010000100
1 010010000100
1 010010000100
11 010010000100
1 010010000100
1 010010000100
1 010010000100
11 010010000100

12 000010001001
12 000010001001
12 000010001001
4 000010001001
4 000010001001
4 000010001001
11 000010001001
11 000010001001
9 000010001001
9 000010001001
9 000010001001
9 000010001001
8 000010001001
8 000010001001
8 000010001001
4 000010001001

12 010010100100
12 010010100100
12 010010100100
12 010010100100
12 010010100100
12 010010100100
12 010010100100
12 010010100100
6 010010100100
6 010010100100
6 010010100100
6 010010100100
6 010010100100
6 010010100100
6 010010100100
6 010010100100

12 000010001001
12 000010001001
12 000010001001
12 000010001001
12 000010001001
12 000010001001
12 000010001001
12 000010001001
12 000010001001
12 000010001001
12 000010001001
12 000010001001
12 000010001001
12 000010001001
12 000010001001
12 000010001001

