3 000100100010
3 000100100010
3 000100100010
3 000100100010
3 000100100010
3 000100100010
3 000100100010
3 000100100010
3 000100100010
3 000100100010
3 000100100010
3 000100100010
3 000100100010
3 000100100010
3 000100100010
3 000100100010

12 000100100010
12 000100100010
12 000100100010
10 000100100010
10 000100100010
10 000100100010
10 000100100010
10 000100100010
3 000100100010
3 000100100010
3 000100100010
3 000100100010
6 000100100010
6 000100100010
6 000100100010
6 000100100010

8 010001001010
8 010001001010
8 010001001010
8 010001001010
1 010001001010
1 010001001010
1 010001001010
1 010001001010
1 010001001010
1 010001001010
1 010001001010
11 010001001010
10 010001001010
10 010001001010
10 010001001010
10 010001001010

12 010001001010
12 010001001010
12 010001001010
12 010001001010
12 010001001010
12 010001001010
12 010001001010
12 010001001010
12 010001001010
12 010001001010
12 010001001010
8 010001001010
8 010001001010
8 010001001010
8 010001001010
10 010001001010

11 000100011001
11 000100011001
11 000100011001
11 000100011001
1 000100011001
1 000100011001
1 000100011001
1 000100011001
8 000100011001
8 000100011001
8 000100011001
8 000100011001
10 000100011001
10 000100011001
10 000100011001
10 000100011001

11 000100011001
11 000100011001
11 000100011001
11 000100011001
10 000100011001
10 000100011001
10 000100011001
8 000100011001
8 000100011001
8 000100011001
8 000100011001
6 000100011001
6 000100011001
6 000100011001
6 000100011001
8 000100011001

12 001001000010
12 001001000010
12 001001000010
6 001001000010
5 001001000010
5 001001000010
5 001001000010
5 001001000010
5 001001000010
5 001001000010
5 001001000010
5 001001000010
5 001001000010
5 001001000010
5 001001000010
5 001001000010

12 001001000010
12 001001000010
12 001001000010
12 001001000010
12 001001000010
12 001001000010
12 001001000010
12 001001000010
12 001001000010
12 001001000010
12 001001000010
12 001001000010
12 001001000010
12 001001000010
12 001001000010
12 001001000010

10 000100100010
10 000100100010
10 000100100010
10 000100100010
10 000100100010
10 000100100010
10 000100100010
10 000100100010
10 000100100010
10 000100100010
10 000100100010
10 000100100010
10 000100100010
10 000100100010
10 000100100010
10 000100100010

12 000100100010
12 000100100010
12 000100100010
12 000100100010
10 000100100010
10 000100100010
10 000100100010
10 000100100010
10 000100100010
10 000100100010
10 000100100010
8 000100100010
6 000100100010
6 000100100010
6 000100100010
6 000100100010

1 010001001010
1 010001001010
1 010001001010
1 010001001010
3 010001001010
3 010001001010
3 010001001010
3 010001001010
10 010001001010
10 010001001010
10 010001001010
10 010001001010
10 010001001010
10 010001001010
10 010001001010
8 010001001010

5 010001001010
5 010001001010
5 010001001010
5 010001001010
5 010001001010
5 010001001010
5 010001001010
5 010001001010
5 010001001010
5 010001001010
5 010001001010
8 010001001010
8 010001001010
8 010001001010
8 010001001010
10 010001001010

11 000100011001
11 000100011001
11 000100011001
11 000100011001
1 000100011001
1 000100011001
1 000100011001
1 000100011001
8 000100011001
8 000100011001
8 000100011001
8 000100011001
10 000100011001
10 000100011001
10 000100011001
10 000100011001

11 000100011001
11 000100011001
11 000100011001
11 000100011001
10 000100011001
10 000100011001
10 000100011001
10 000100011001
8 000100011001
8 000100011001
8 000100011001
6 000100011001
6 000100011001
6 000100011001
6 000100011001
8 000100011001

12 001001000010
12 001001000010
12 001001000010
6 001001000010
5 001001000010
5 001001000010
5 001001000010
5 001001000010
5 001001000010
5 001001000010
5 001001000010
5 001001000010
5 001001000010
5 001001000010
5 001001000010
5 001001000010

12 010001001000
12 010001001000
12 010001001000
12 010001001000
12 010001001000
12 010001001000
12 010001001000
12 010001001000
12 010001001000
12 010001001000
12 010001001000
12 010001001000
12 010001001000
12 010001001000
12 010001001000
12 010001001000

12 010000100010
12 010000100010
12 010000100010
12 010000100010
6 010000100010
6 010000100010
6 010000100010
6 010000100010
4 000100100001
4 000100100001
4 000100100001
4 000100100001
3 000100100001
3 000100100001
3 000100100001
3 000100100001

6 010000100010
6 010000100010
6 010000100010
6 010000100010
8 010000100010
8 010000100010
8 010000100010
8 010000100010
11 000100100001
11 000100100001
11 000100100001
11 000100100001
1 000100100001
1 000100100001
1 000100100001
1 000100100001

12 010000100010
12 010000100010
12 010000100010
12 010000100010
6 010000100010
6 010000100010
6 010000100010
6 010000100010
4 000100100001
4 000100100001
4 000100100001
4 000100100001
3 000100100001
3 000100100001
3 000100100001
3 000100100001

6 010000100010
6 010000100010
6 010000100010
6 010000100010
8 010000100010
8 010000100010
8 010000100010
8 010000100010
11 000100100001
11 000100100001
11 000100100001
11 000100100001
1 000100100001
1 000100100001
1 000100100001
1 000100100001

12 010000100010
12 010000100010
12 010000100010
12 010000100010
6 010000100010
6 010000100010
6 010000100010
6 010000100010
4 000100100001
4 000100100001
4 000100100001
4 000100100001
3 000100100001
3 000100100001
3 000100100001
3 000100100001

6 010000100010
6 010000100010
6 010000100010
6 010000100010
8 010000100010
8 010000100010
8 010000100010
8 010000100010
11 000100100001
11 000100100001
11 000100100001
11 000100100001
1 000100100001
1 000100100001
1 000100100001
1 000100100001

12 010000100010
12 010000100010
12 010000100010
12 010000100010
6 010000100010
6 010000100010
6 010000100010
6 010000100010
4 000100100001
4 000100100001
4 000100100001
4 000100100001
3 000100100001
3 000100100001
3 000100100001
3 000100100001

6 010000100010
6 010000100010
6 010000100010
6 010000100010
8 010000100010
8 010000100010
8 010000100010
8 010000100010
11 000100100001
11 000100100001
11 000100100001
11 000100100001
1 000100100001
1 000100100001
1 000100100001
1 000100100001

0 100100001000
0 100100001000
0 100100001000
0 100100001000
0 100100001000
0 100100001000
0 100100001000
0 100100001000
1 010001001000
1 010001001000
1 010001001000
1 010001001000
1 010001001000
1 010001001000
1 010001001000
1 010001001000

3 100100001000
3 100100001000
3 100100001000
3 100100001000
3 100100001000
3 100100001000
3 100100001000
8 100100001000
8 010001001000
8 010001001000
8 010001001000
8 010001001000
8 010001001000
8 010001001000
8 010001001000
10 010001001000

12 100100001000
12 100100001000
12 100100001000
0 100100001000
0 100100001000
0 100100001000
0 100100001000
0 100100001000
0 010001001000
0 010001001000
0 010001001000
0 010001001000
0 010001001000
0 010001001000
0 010001001000
0 010001001000

12 100100001000
12 100100001000
12 100100001000
12 100100001000
12 100100001000
12 100100001000
12 100100001000
12 100100001000
12 010001001000
12 010001001000
12 010001001000
12 010001001000
12 010001001000
12 010001001000
12 010001001000
12 010001001000

2 001001000010
2 001001000010
2 001001000010
2 001001000010
2 001001000010
2 001001000010
2 001001000010
2 001001000010
3 000100010010
3 000100010010
3 000100010010
3 000100010010
3 000100010010
3 000100010010
3 000100010010
3 000100010010

5 001001000010
5 001001000010
5 001001000010
5 001001000010
5 001001000010
5 001001000010
5 001001000010
10 001001000010
10 000100010010
10 000100010010
10 000100010010
10 000100010010
10 000100010010
10 000100010010
10 000100010010
0 000100010010

12 001001000010
12 001001000010
12 001001000010
2 001001000010
2 001001000010
2 001001000010
2 001001000010
2 001001000010
2 000100010010
2 000100010010
2 000100010010
2 000100010010
2 000100010010
2 000100010010
2 000100010010
2 000100010010

12 001001000010
12 001001000010
12 001001000010
12 001001000010
12 001001000010
12 001001000010
12 001001000010
12 001001000010
12 000100010010
12 000100010010
12 000100010010
12 000100010010
12 000100010010
12 000100010010
12 000100010010
12 000100010010

3 000100100010
3 000100100010
3 000100100010
3 000100100010
3 000100100010
3 000100100010
3 000100100010
3 000100100010
3 000100100010
3 000100100010
3 000100100010
1 000100100010
10 000100100010
10 000100100010
10 000100100010
10 000100100010

12 000100100010
12 000100100010
12 000100100010
12 000100100010
10 000100100010
10 000100100010
10 000100100010
10 000100100010
3 000100100010
3 000100100010
3 000100100010
3 000100100010
6 000100100010
6 000100100010
6 000100100010
6 000100100010

8 010001001010
8 010001001010
8 010001001010
8 010001001010
1 010001001010
1 010001001010
1 010001001010
1 010001001010
1 010001001010
1 010001001010
1 010001001010
11 010001001010
10 010001001010
10 010001001010
10 010001001010
10 010001001010

12 010001001010
12 010001001010
12 010001001010
12 010001001010
12 010001001010
12 010001001010
12 010001001010
12 010001001010
12 010001001010
12 010001001010
12 010001001010
12 010001001010
12 010001001010
12 010001001010
12 010001001010
12 010001001010

11 000100011001
11 000100011001
11 000100011001
11 000100011001
1 000100011001
1 000100011001
1 000100011001
1 000100011001
8 000100011001
8 000100011001
8 000100011001
8 000100011001
8 000100011001
8 000100011001
8 000100011001
10 000100011001

12 000100011001
12 000100011001
12 000100011001
11 000100011001
11 000100011001
11 000100011001
11 000100011001
10 000100011001
8 000100011001
8 000100011001
8 000100011001
6 000100011001
6 000100011001
6 000100011001
6 000100011001
8 000100011001

12 001001000010
12 001001000010
12 001001000010
6 001001000010
5 001001000010
5 001001000010
5 001001000010
5 001001000010
5 001001000010
5 001001000010
5 001001000010
5 001001000010
5 001001000010
5 001001000010
5 001001000010
5 001001000010

12 001001000010
12 001001000010
12 001001000010
12 001001000010
12 001001000010
12 001001000010
12 001001000010
12 001001000010
12 001001000010
12 001001000010
12 001001000010
12 001001000010
12 001001000010
12 001001000010
12 001001000010
12 001001000010

10 000100100010
10 000100100010
10 000100100010
10 000100100010
10 000100100010
10 000100100010
10 000100100010
10 000100100010
10 000100100010
10 000100100010
10 000100100010
10 000100100010
10 000100100010
10 000100100010
10 000100100010
10 000100100010

12 000100100010
12 000100100010
12 000100100010
12 000100100010
12 000100100010
12 000100100010
12 000100100010
12 000100100010
12 000100100010
12 000100100010
12 000100100010
8 000100100010
6 000100100010
6 000100100010
6 000100100010
6 000100100010

1 010001001010
1 010001001010
1 010001001010
1 010001001010
3 010001001010
3 010001001010
3 010001001010
3 010001001010
10 010001001010
10 010001001010
10 010001001010
10 010001001010
10 010001001010
10 010001001010
10 010001001010
8 010001001010

6 010001001010
6 010001001010
6 010001001010
6 010001001010
6 010001001010
6 010001001010
6 010001001010
6 010001001010
8 010001001010
8 010001001010
8 010001001010
10 010001001010
10 010001001010
10 010001001010
10 010001001010
10 010001001010

11 000100011001
11 000100011001
11 000100011001
11 000100011001
1 000100011001
1 000100011001
1 000100011001
1 000100011001
8 000100011001
8 000100011001
8 000100011001
8 000100011001
10 000100011001
10 000100011001
10 000100011001
10 000100011001

11 000100011001
11 000100011001
11 000100011001
10 000100011001
10 000100011001
10 000100011001
10 000100011001
8 000100011001
8 000100011001
8 000100011001
8 000100011001
8 000100011001
8 000100011001
8 000100011001
8 000100011001
8 000100011001

12 001001000010
12 001001000010
12 001001000010
12 001001000010
12 001001000010
12 001001000010
12 001001000010
12 001001000010
12 001001000010
12 001001000010
12 001001000010
12 001001000010
12 001001000010
12 001001000010
12 001001000010
12 001001000010

12 010001001000
12 010001001000
12 010001001000
12 010001001000
12 010001001000
12 010001001000
12 010001001000
12 010001001000
12 010001001000
12 010001001000
12 010001001000
12 010001001000
12 010001001000
12 010001001000
12 010001001000
12 010001001000

12 010000100010
12 010000100010
12 010000100010
12 010000100010
6 010000100010
6 010000100010
6 010000100010
6 010000100010
4 000100100001
4 000100100001
4 000100100001
4 000100100001
3 000100100001
3 000100100001
3 000100100001
3 000100100001

6 010000100010
6 010000100010
6 010000100010
6 010000100010
8 010000100010
8 010000100010
8 010000100010
8 010000100010
11 000100100001
11 000100100001
11 000100100001
11 000100100001
1 000100100001
1 000100100001
1 000100100001
1 000100100001

12 010000100010
12 010000100010
12 010000100010
12 010000100010
6 010000100010
6 010000100010
6 010000100010
6 010000100010
4 000100100001
4 000100100001
4 000100100001
4 000100100001
3 000100100001
3 000100100001
3 000100100001
3 000100100001

6 010000100010
6 010000100010
6 010000100010
6 010000100010
8 010000100010
8 010000100010
8 010000100010
8 010000100010
11 000100100001
11 000100100001
11 000100100001
11 000100100001
1 000100100001
1 000100100001
1 000100100001
1 000100100001

12 010000100010
12 010000100010
12 010000100010
12 010000100010
6 010000100010
6 010000100010
6 010000100010
6 010000100010
4 000100100001
4 000100100001
4 000100100001
4 000100100001
3 000100100001
3 000100100001
3 000100100001
3 000100100001

6 010000100010
6 010000100010
6 010000100010
6 010000100010
8 010000100010
8 010000100010
8 010000100010
8 010000100010
11 000100100001
11 000100100001
11 000100100001
11 000100100001
1 000100100001
1 000100100001
1 000100100001
1 000100100001

12 010000100010
12 010000100010
12 010000100010
12 010000100010
6 010000100010
6 010000100010
6 010000100010
6 010000100010
4 000100100001
4 000100100001
4 000100100001
4 000100100001
3 000100100001
3 000100100001
3 000100100001
3 000100100001

6 010000100010
6 010000100010
6 010000100010
6 010000100010
8 010000100010
8 010000100010
8 010000100010
8 010000100010
11 000100100001
11 000100100001
11 000100100001
11 000100100001
1 000100100001
1 000100100001
1 000100100001
1 000100100001

0 100100001000
0 100100001000
0 100100001000
0 100100001000
0 100100001000
0 100100001000
0 100100001000
0 100100001000
1 010001001000
1 010001001000
1 010001001000
1 010001001000
1 010001001000
1 010001001000
1 010001001000
1 010001001000

3 100100001000
3 100100001000
3 100100001000
3 100100001000
3 100100001000
3 100100001000
3 100100001000
8 100100001000
8 010001001000
8 010001001000
8 010001001000
8 010001001000
8 010001001000
8 010001001000
8 010001001000
10 010001001000

12 100100001000
12 100100001000
12 100100001000
0 100100001000
0 100100001000
0 100100001000
0 100100001000
0 100100001000
0 010001001000
0 010001001000
0 010001001000
0 010001001000
0 010001001000
0 010001001000
0 010001001000
0 010001001000

12 100100001000
12 100100001000
12 100100001000
12 100100001000
12 100100001000
12 100100001000
12 100100001000
12 100100001000
12 010001001000
12 010001001000
12 010001001000
12 010001001000
12 010001001000
12 010001001000
12 010001001000
12 010001001000

2 001001000010
2 001001000010
2 001001000010
2 001001000010
2 001001000010
2 001001000010
2 001001000010
2 001001000010
3 000100010010
3 000100010010
3 000100010010
3 000100010010
3 000100010010
3 000100010010
3 000100010010
3 000100010010

5 001001000010
5 001001000010
5 001001000010
5 001001000010
5 001001000010
5 001001000010
5 001001000010
10 001001000010
10 000100010010
10 000100010010
10 000100010010
10 000100010010
10 000100010010
10 000100010010
10 000100010010
0 000100010010

12 001001000010
12 001001000010
12 001001000010
2 001001000010
2 001001000010
2 001001000010
2 001001000010
2 001001000010
2 000100010010
2 000100010010
2 000100010010
2 000100010010
2 000100010010
2 000100010010
2 000100010010
2 000100010010

12 001001000010
12 001001000010
12 001001000010
12 001001000010
12 001001000010
12 001001000010
12 001001000010
12 001001000010
12 000100010010
12 000100010010
12 000100010010
12 000100010010
12 000100010010
12 000100010010
12 000100010010
12 000100010010

12 001001000010
12 001001000010
12 001001000010
12 001001000010
12 001001000010
12 001001000010
12 001001000010
12 001001000010
0 000100010010
0 000100010010
0 000100010010
0 000100010010
2 000100010010
2 000100010010
2 000100010010
2 000100010010

12 001001000010
12 001001000010
12 001001000010
12 001001000010
12 001001000010
12 001001000010
12 001001000010
12 001001000010
12 000100010010
12 000100010010
12 000100010010
12 000100010010
12 000100010010
12 000100010010
12 000100010010
12 000100010010

12 001001000010
12 001001000010
12 001001000010
12 001001000010
12 001001000010
12 001001000010
12 001001000010
12 001001000010
12 000100010010
12 000100010010
12 000100010010
12 000100010010
12 000100010010
12 000100010010
12 000100010010
12 000100010010

12 001001000010
12 001001000010
12 001001000010
12 001001000010
12 001001000010
12 001001000010
12 001001000010
12 001001000010
12 000100010010
12 000100010010
12 000100010010
12 000100010010
12 000100010010
12 000100010010
12 000100010010
12 000100010010

12 001001000010
12 001001000010
12 001001000010
12 001001000010
10 001001000010
10 001001000010
10 001001000010
10 001001000010
3 000100010010
3 000100010010
3 000100010010
3 000100010010
2 000100010010
2 000100010010
2 000100010010
2 000100010010

10 001001000010
10 001001000010
10 001001000010
10 001001000010
3 001001000010
3 001001000010
3 001001000010
3 001001000010
2 000100010010
2 000100010010
2 000100010010
2 000100010010
2 000100010010
2 000100010010
2 000100010010
2 000100010010

12 001001000010
12 001001000010
12 001001000010
12 001001000010
10 001001000010
10 001001000010
10 001001000010
10 001001000010
3 000100010010
3 000100010010
3 000100010010
3 000100010010
2 000100010010
2 000100010010
2 000100010010
2 000100010010

10 001001000010
10 001001000010
10 001001000010
10 001001000010
3 001001000010
3 001001000010
3 001001000010
3 001001000010
2 000100010010
2 000100010010
2 000100010010
2 000100010010
2 000100010010
2 000100010010
2 000100010010
2 000100010010

12 001001000010
12 001001000010
12 001001000010
12 001001000010
10 001001000010
10 001001000010
10 001001000010
10 001001000010
3 000100010010
3 000100010010
3 000100010010
3 000100010010
2 000100010010
2 000100010010
2 000100010010
2 000100010010

10 001001000010
10 001001000010
10 001001000010
10 001001000010
3 001001000010
3 001001000010
3 001001000010
3 001001000010
2 000100010010
2 000100010010
2 000100010010
2 000100010010
2 000100010010
2 000100010010
2 000100010010
2 000100010010

12 001001000010
12 001001000010
12 001001000010
12 001001000010
10 001001000010
10 001001000010
10 001001000010
10 001001000010
3 000100010010
3 000100010010
3 000100010010
3 000100010010
2 000100010010
2 000100010010
2 000100010010
2 000100010010

10 001001000010
10 001001000010
10 001001000010
10 001001000010
3 001001000010
3 001001000010
3 001001000010
3 001001000010
2 000100010010
2 000100010010
2 000100010010
2 000100010010
2 000100010010
2 000100010010
2 000100010010
8 000100010010

10 000100010010
10 000100010010
10 000100010010
10 000100010010
10 000100010010
10 000100010010
10 000100010010
10 000100010010
10 000100010010
10 000100010010
10 000100010010
8 000100010010
7 000100010010
7 000100010010
7 000100010010
8 000100010010

12 000100010010
12 000100010010
12 000100010010
10 000100010010
10 000100010010
10 000100010010
10 000100010010
10 000100010010
10 000100010010
10 000100010010
10 000100010010
8 000100010010
7 000100010010
7 000100010010
7 000100010010
7 000100010010

12 000100010010
12 000100010010
12 000100010010
12 000100010010
12 000100010010
12 000100010010
12 000100010010
12 000100010010
0 100100001000
0 100100001000
0 100100001000
0 100100001000
0 100100001000
0 100100001000
0 100100001000
0 100100001000

10 000100010010
10 000100010010
10 000100010010
10 000100010010
10 000100010010
10 000100010010
10 000100010010
8 000100010010
8 100100001000
8 100100001000
8 100100001000
8 100100001000
7 100100001000
7 100100001000
7 100100001000
5 100100001000

12 001001000010
12 001001000010
12 001001000010
10 001001000010
10 001001000010
10 001001000010
10 001001000010
10 001001000010
8 000100010010
8 000100010010
8 000100010010
7 000100010010
7 000100010010
7 000100010010
7 000100010010
7 000100010010

5 001001000010
5 001001000010
5 001001000010
5 001001000010
5 001001000010
5 001001000010
5 001001000010
3 001001000010
3 000100010010
3 000100010010
3 000100010010
3 000100010010
1 000100010010
1 000100010010
1 000100010010
3 000100010010

12 001001000010
12 001001000010
12 001001000010
10 001001000010
10 001001000010
10 001001000010
10 001001000010
10 001001000010
10 000100010010
10 000100010010
10 000100010010
10 000100010010
10 000100010010
10 000100010010
10 000100010010
10 000100010010

12 001001000010
12 001001000010
12 001001000010
12 001001000010
12 001001000010
12 001001000010
12 001001000010
12 001001000010
12 000100010010
12 000100010010
12 000100010010
12 000100010010
12 000100010010
12 000100010010
12 000100010010
12 000100010010

12 100001000100
12 100001000100
12 100001000100
12 100001000100
12 100001000100
12 100001000100
12 100001000100
12 100001000100
12 100001000100
12 100001000100
12 100001000100
12 100001000100
12 100001000100
12 100001000100
12 100001000100
12 100001000100

12 100001000100
12 100001000100
12 100001000100
12 100001000100
12 100001000100
12 100001000100
12 100001000100
12 100001000100
12 100001000100
12 100001000100
12 100001000100
12 100001000100
12 100001000100
12 100001000100
12 100001000100
12 100001000100

12 001000010010
12 001000010010
12 001000010010
12 001000010010
12 001000010010
12 001000010010
12 001000010010
12 001000010010
12 001000010010
12 001000010010
12 001000010010
12 001000010010
12 001000010010
12 001000010010
12 001000010010
12 001000010010

12 100010010000
12 100010010000
12 100010010000
12 100010010000
12 100010010000
12 100010010000
12 100010010000
12 100010010000
12 100010010000
12 100010010000
12 100010010000
12 100010010000
12 100010010000
12 100010010000
12 100010010000
12 100010010000

12 100001000100
12 100001000100
12 100001000100
12 100001000100
9 100001000100
9 100001000100
9 100001000100
9 100001000100
9 100001000100
9 100001000100
9 100001000100
9 100001000100
8 100001000100
8 100001000100
8 100001000100
9 100001000100

12 100001000100
12 100001000100
12 100001000100
0 100001000100
0 100001000100
0 100001000100
0 100001000100
0 100001000100
2 100001000100
2 100001000100
2 100001000100
2 100001000100
5 100001000100
5 100001000100
5 100001000100
5 100001000100

12 001000010010
12 001000010010
12 001000010010
12 001000010010
7 001000010010
7 001000010010
7 001000010010
7 001000010010
7 001000010010
7 001000010010
7 001000010010
7 001000010010
7 001000010010
7 001000010010
7 001000010010
7 001000010010

9 100010010000
9 100010010000
9 100010010000
9 100010010000
7 100010010000
7 100010010000
7 100010010000
7 100010010000
5 100010010000
5 100010010000
5 100010010000
2 100010010000
2 100010010000
2 100010010000
2 100010010000
2 100010010000

12 100001000100
12 100001000100
12 100001000100
12 100001000100
9 100001000100
9 100001000100
9 100001000100
9 100001000100
9 100001000100
9 100001000100
9 100001000100
9 100001000100
8 100001000100
8 100001000100
8 100001000100
9 100001000100

12 100001000100
12 100001000100
12 100001000100
0 100001000100
0 100001000100
0 100001000100
0 100001000100
0 100001000100
2 100001000100
2 100001000100
2 100001000100
2 100001000100
5 100001000100
5 100001000100
5 100001000100
5 100001000100

12 001000010010
12 001000010010
12 001000010010
12 001000010010
7 001000010010
7 001000010010
7 001000010010
7 001000010010
7 001000010010
7 001000010010
7 001000010010
7 001000010010
7 001000010010
7 001000010010
7 001000010010
7 001000010010

9 100010010000
9 100010010000
9 100010010000
9 100010010000
7 100010010000
7 100010010000
7 100010010000
7 100010010000
5 100010010000
5 100010010000
5 100010010000
2 100010010000
2 100010010000
2 100010010000
2 100010010000
2 100010010000

12 100001000100
12 100001000100
12 100001000100
12 100001000100
9 100001000100
9 100001000100
9 100001000100
9 100001000100
9 100001000100
9 100001000100
9 100001000100
9 100001000100
8 100001000100
8 100001000100
8 100001000100
9 100001000100

12 100001000100
12 100001000100
12 100001000100
0 100001000100
0 100001000100
0 100001000100
0 100001000100
0 100001000100
2 100001000100
2 100001000100
2 100001000100
2 100001000100
5 100001000100
5 100001000100
5 100001000100
5 100001000100

12 001000010010
12 001000010010
12 001000010010
12 001000010010
7 001000010010
7 001000010010
7 001000010010
7 001000010010
7 001000010010
7 001000010010
7 001000010010
7 001000010010
7 001000010010
7 001000010010
7 001000010010
7 001000010010

9 100010010000
9 100010010000
9 100010010000
9 100010010000
9 100010010000
9 100010010000
9 100010010000
9 100010010000
9 100010010000
9 100010010000
9 100010010000
9 100010010000
9 100010010000
9 100010010000
9 100010010000
9 100010010000

12 100001000100
12 100001000100
12 100001000100
12 100001000100
12 100001000100
12 100001000100
12 100001000100
12 100001000100
12 100001000100
12 100001000100
12 100001000100
12 100001000100
12 100001000100
12 100001000100
12 100001000100
12 100001000100

12 100001000100
12 100001000100
12 100001000100
12 100001000100
12 100001000100
12 100001000100
12 100001000100
12 100001000100
12 100001000100
12 100001000100
12 100001000100
12 100001000100
12 100001000100
12 100001000100
12 100001000100
12 100001000100

12 001000010010
12 001000010010
12 001000010010
12 001000010010
12 001000010010
12 001000010010
12 001000010010
12 001000010010
12 001000010010
12 001000010010
12 001000010010
12 001000010010
12 001000010010
12 001000010010
12 001000010010
12 001000010010

12 100010010000
12 100010010000
12 100010010000
12 100010010000
12 100010010000
12 100010010000
12 100010010000
12 100010010000
12 100010010000
12 100010010000
12 100010010000
12 100010010000
12 100010010000
12 100010010000
12 100010010000
12 100010010000

12 100001000100
12 100001000100
12 100001000100
12 100001000100
12 100001000100
12 100001000100
12 100001000100
12 100001000100
12 100001000100
12 100001000100
12 100001000100
12 100001000100
12 100001000100
12 100001000100
12 100001000100
12 100001000100

12 100001000100
12 100001000100
12 100001000100
12 100001000100
12 100001000100
12 100001000100
12 100001000100
12 100001000100
12 100001000100
12 100001000100
12 100001000100
12 100001000100
12 100001000100
12 100001000100
12 100001000100
12 100001000100

3 100101010110
3 100101010110
3 100101010110
3 100101010110
3 100101010110
3 100101010110
3 100101010110
3 100101010110
3 100101010110
3 100101010110
3 100101010110
3 100101010110
3 100101010110
3 100101010110
3 100101010110
3 100101010110

12 100101010110
12 100101010110
12 100101010110
12 100101010110
12 100101010110
12 100101010110
12 100101010110
12 100101010110
12 100101010110
12 100101010110
12 100101010110
12 100101010110
12 100101010110
12 100101010110
12 100101010110
12 100101010110

2 001001000010
2 001001000010
2 001001000010
2 001001000010
2 001001000010
2 001001000010
2 001001000010
2 001001000010
3 000100010010
3 000100010010
3 000100010010
3 000100010010
3 000100010010
3 000100010010
3 000100010010
3 000100010010

5 001001000010
5 001001000010
5 001001000010
5 001001000010
5 001001000010
5 001001000010
5 001001000010
10 001001000010
10 000100010010
10 000100010010
10 000100010010
10 000100010010
10 000100010010
10 000100010010
10 000100010010
0 000100010010

12 001001000010
12 001001000010
12 001001000010
2 001001000010
2 001001000010
2 001001000010
2 001001000010
2 001001000010
2 000100010010
2 000100010010
2 000100010010
2 000100010010
2 000100010010
2 000100010010
2 000100010010
2 000100010010

12 001001000010
12 001001000010
12 001001000010
12 001001000010
12 001001000010
12 001001000010
12 001001000010
12 001001000010
12 000100010010
12 000100010010
12 000100010010
12 000100010010
12 000100010010
12 000100010010
12 000100010010
12 000100010010

0 100100001000
0 100100001000
0 100100001000
0 100100001000
0 100100001000
0 100100001000
0 100100001000
0 100100001000
1 010001001000
1 010001001000
1 010001001000
1 010001001000
1 010001001000
1 010001001000
1 010001001000
1 010001001000

3 100100001000
3 100100001000
3 100100001000
3 100100001000
3 100100001000
3 100100001000
3 100100001000
8 100100001000
8 010001001000
8 010001001000
8 010001001000
8 010001001000
8 010001001000
8 010001001000
8 010001001000
10 010001001000

12 100100001000
12 100100001000
12 100100001000
0 100100001000
0 100100001000
0 100100001000
0 100100001000
0 100100001000
0 010001001000
0 010001001000
0 010001001000
0 010001001000
0 010001001000
0 010001001000
0 010001001000
0 010001001000

12 100100001000
12 100100001000
12 100100001000
12 100100001000
12 100100001000
12 100100001000
12 100100001000
12 100100001000
12 010001001000
12 010001001000
12 010001001000
12 010001001000
12 010001001000
12 010001001000
12 010001001000
12 010001001000

12 010000100010
12 010000100010
12 010000100010
12 010000100010
12 010000100010
12 010000100010
12 010000100010
12 010000100010
12 010000100010
12 010000100010
12 010000100010
12 010000100010
12 010000100010
12 010000100010
12 010000100010
12 010000100010

12 010000100010
12 010000100010
12 010000100010
12 010000100010
12 010000100010
12 010000100010
12 010000100010
12 010000100010
12 010000100010
12 010000100010
12 010000100010
12 010000100010
12 010000100010
12 010000100010
12 010000100010
12 010000100010

6 010000100010
6 010000100010
6 010000100010
8 010000100010
10 010000100010
10 010000100010
10 010000100010
11 010000100010
1 010000100010
1 010000100010
1 010000100010
1 010000100010
1 010000100010
1 010000100010
1 010000100010
1 010000100010

3 010000100010
3 010000100010
3 010000100010
1 010000100010
10 010000100010
10 010000100010
10 010000100010
10 010000100010
10 010000100010
10 010000100010
10 010000100010
10 010000100010
10 010000100010
10 010000100010
10 010000100010
10 010000100010

8 100100001000
8 100100001000
8 100100001000
10 100100001000
0 100100001000
0 100100001000
0 100100001000
1 100100001000
3 100100001000
3 100100001000
3 100100001000
3 100100001000
3 100100001000
3 100100001000
3 100100001000
3 100100001000

5 100100001000
5 100100001000
5 100100001000
3 100100001000
0 100100001000
0 100100001000
0 100100001000
0 100100001000
0 100100001000
0 100100001000
0 100100001000
0 100100001000
0 100100001000
0 100100001000
0 100100001000
0 100100001000

10 001001000010
10 001001000010
10 001001000010
0 001001000010
2 001001000010
2 001001000010
2 001001000010
3 001001000010
5 001001000010
5 001001000010
5 001001000010
5 001001000010
5 001001000010
5 001001000010
5 001001000010
5 001001000010

7 001001000010
7 001001000010
7 001001000010
5 001001000010
2 001001000010
2 001001000010
2 001001000010
2 001001000010
2 001001000010
2 001001000010
2 001001000010
2 001001000010
2 001001000010
2 001001000010
2 001001000010
2 001001000010

8 100100001000
8 100100001000
8 100100001000
10 100100001000
0 100100001000
0 100100001000
0 100100001000
1 100100001000
3 100100001000
3 100100001000
3 100100001000
3 100100001000
3 100100001000
3 100100001000
3 100100001000
3 100100001000

5 100100001000
5 100100001000
5 100100001000
3 100100001000
0 100100001000
0 100100001000
0 100100001000
0 100100001000
0 100100001000
0 100100001000
0 100100001000
0 100100001000
0 100100001000
0 100100001000
0 100100001000
0 100100001000

12 100100001000
12 100100001000
12 100100001000
12 100100001000
12 100100001000
12 100100001000
12 100100001000
12 100100001000
12 010001001000
12 010001001000
12 010001001000
12 010001001000
12 010001001000
12 010001001000
12 010001001000
12 010001001000

12 100100001000
12 100100001000
12 100100001000
12 100100001000
12 100100001000
12 100100001000
12 100100001000
12 100100001000
12 010001001000
12 010001001000
12 010001001000
12 010001001000
12 010001001000
12 010001001000
12 010001001000
12 010001001000

12 100100001000
12 100100001000
12 100100001000
12 100100001000
12 100100001000
12 100100001000
12 100100001000
12 100100001000
12 010001001000
12 010001001000
12 010001001000
12 010001001000
12 010001001000
12 010001001000
12 010001001000
12 010001001000

12 100100001000
12 100100001000
12 100100001000
12 100100001000
12 100100001000
12 100100001000
12 100100001000
12 100100001000
12 010001001000
12 010001001000
12 010001001000
12 010001001000
12 010001001000
12 010001001000
12 010001001000
12 010001001000

