12 000000000000
12 000000000000
12 000000000000
12 000000000000
12 000000000000
12 000000000000
12 000000000000
12 000000000000
12 000000000000
12 000000000000
12 000000000000
12 000000000000
12 000000000000
12 000000000000
12 000000000000
4 000000000000

4 000010001001
4 000010001001
4 000010001001
4 000010001001
4 000010001001
4 000010001001
4 000010001001
11 000010001001
1 000010001001
1 000010001001
1 000010001001
4 000010001001
4 000010001001
4 000010001001
11 000010001001
11 000010001001

4 000010001001
4 000010001001
4 000010001001
4 000010001001
4 000010001001
4 000010001001
4 000010001001
11 000010001001
1 000010001001
1 000010001001
1 000010001001
1 000010001001
1 000010001001
1 000010001001
11 000010001001
11 000010001001

4 000010001001
4 000010001001
4 000010001001
6 000010001001
6 000010001001
6 000010001001
4 000010001001
6 000010001001
4 000010001001
4 000010001001
4 000010001001
1 000010001001
11 000010001001
11 000010001001
11 000010001001
1 000010001001

12 000010001001
12 000010001001
12 000010001001
1 000010001001
11 000010001001
11 000010001001
11 000010001001
9 000010001001
6 000010001001
6 000010001001
6 000010001001
4 000010001001
4 000010001001
4 000010001001
4 000010001001
4 000010001001

12 010010010100
12 010010010100
12 010010010100
4 010010010100
4 010010010100
4 010010010100
4 010010010100
4 010010010100
8 010010010100
8 010010010100
8 010010010100
4 010010010100
1 010010010100
1 010010010100
1 010010010100
1 010010010100

12 010010010100
12 010010010100
12 010010010100
4 010010010100
4 010010010100
4 010010010100
4 010010010100
4 010010010100
8 010010010100
8 010010010100
8 010010010100
4 010010010100
4 010010010100
4 010010010100
4 010010010100
4 010010010100

12 000100100101
12 000100100101
12 000100100101
6 000100100101
6 000100100101
6 000100100101
6 000100100101
6 000100100101
8 000100100101
8 000100100101
8 000100100101
11 000100100101
11 000100100101
11 000100100101
1 000100100101
4 000100100101

4 000010001001
4 000010001001
4 000010001001
4 000010001001
4 000010001001
4 000010001001
4 000010001001
4 000010001001
4 000010001001
4 000010001001
4 000010001001
4 000010001001
4 000010001001
4 000010001001
4 000010001001
4 000010001001

4 000010001001
4 000010001001
4 000010001001
4 000010001001
4 000010001001
4 000010001001
4 000010001001
11 000010001001
1 000010001001
1 000010001001
1 000010001001
4 000010001001
4 000010001001
4 000010001001
11 000010001001
11 000010001001

4 000010001001
4 000010001001
4 000010001001
4 000010001001
4 000010001001
4 000010001001
4 000010001001
11 000010001001
1 000010001001
1 000010001001
1 000010001001
1 000010001001
1 000010001001
1 000010001001
1 000010001001
11 000010001001

4 000010001001
4 000010001001
4 000010001001
6 000010001001
6 000010001001
6 000010001001
4 000010001001
6 000010001001
4 000010001001
4 000010001001
1 000010001001
11 000010001001
11 000010001001
11 000010001001
11 000010001001
1 000010001001

1 000010001001
1 000010001001
1 000010001001
11 000010001001
4 000010001001
4 000010001001
4 000010001001
6 000010001001
8 000010001001
8 000010001001
4 000010001001
4 000010001001
4 000010001001
4 000010001001
4 000010001001
4 000010001001

12 010010010100
12 010010010100
12 010010010100
4 010010010100
4 010010010100
4 010010010100
4 010010010100
4 010010010100
6 010010010100
6 010010010100
4 010010010100
4 010010010100
4 010010010100
4 010010010100
4 010010010100
4 010010010100

12 010010010100
12 010010010100
12 010010010100
4 010010010100
4 010010010100
4 010010010100
4 010010010100
4 010010010100
6 010010010100
6 010010010100
6 010010010100
4 010010010100
4 010010010100
4 010010010100
4 010010010100
4 010010010100

12 000100100101
12 000100100101
12 000100100101
6 000100100101
6 000100100101
6 000100100101
6 000100100101
6 000100100101
8 000100100101
8 000100100101
8 000100100101
11 000100100101
11 000100100101
11 000100100101
1 000100100101
4 000100100101

4 000010001001
4 000010001001
4 000010001001
4 000010001001
4 000010001001
4 000010001001
4 000010001001
4 000010001001
4 000010001001
4 000010001001
4 000010001001
4 000010001001
4 000010001001
4 000010001001
4 000010001001
4 000010001001

4 000010001001
4 000010001001
4 000010001001
4 000010001001
4 000010001001
4 000010001001
4 000010001001
11 000010001001
1 000010001001
1 000010001001
11 000010001001
1 000010001001
1 000010001001
1 000010001001
1 000010001001
11 000010001001

4 000010001001
4 000010001001
4 000010001001
4 000010001001
4 000010001001
4 000010001001
4 000010001001
11 000010001001
1 000010001001
1 000010001001
1 000010001001
1 000010001001
1 000010001001
1 000010001001
11 000010001001
11 000010001001

4 000010001001
4 000010001001
4 000010001001
6 000010001001
6 000010001001
6 000010001001
4 000010001001
6 000010001001
4 000010001001
4 000010001001
4 000010001001
1 000010001001
11 000010001001
11 000010001001
11 000010001001
11 000010001001

11 000010001001
11 000010001001
4 000010001001
4 000010001001
4 000010001001
4 000010001001
4 000010001001
4 000010001001
4 000010001001
4 000010001001
4 000010001001
4 000010001001
4 000010001001
4 000010001001
4 000010001001
4 000010001001

12 010010010100
12 010010010100
12 010010010100
4 010010010100
4 010010010100
4 010010010100
4 010010010100
4 010010010100
6 010010010100
6 010010010100
6 010010010100
4 010010010100
4 010010010100
4 010010010100
4 010010010100
4 010010010100

12 010010010100
12 010010010100
12 010010010100
4 010010010100
4 010010010100
4 010010010100
4 010010010100
4 010010010100
6 010010010100
6 010010010100
6 010010010100
4 010010010100
4 010010010100
4 010010010100
4 010010010100
4 010010010100

12 000100100101
12 000100100101
12 000100100101
6 000100100101
6 000100100101
6 000100100101
6 000100100101
6 000100100101
8 000100100101
8 000100100101
8 000100100101
11 000100100101
11 000100100101
11 000100100101
1 000100100101
4 000100100101

4 000010001001
4 000010001001
4 000010001001
4 000010001001
4 000010001001
4 000010001001
4 000010001001
4 000010001001
4 000010001001
4 000010001001
4 000010001001
4 000010001001
4 000010001001
4 000010001001
4 000010001001
1 000010001001

4 000010001001
4 000010001001
4 000010001001
4 000010001001
4 000010001001
4 000010001001
4 000010001001
11 000010001001
1 000010001001
1 000010001001
1 000010001001
4 000010001001
4 000010001001
4 000010001001
11 000010001001
11 000010001001

4 000010001001
4 000010001001
4 000010001001
4 000010001001
4 000010001001
4 000010001001
4 000010001001
11 000010001001
1 000010001001
1 000010001001
1 000010001001
1 000010001001
1 000010001001
1 000010001001
11 000010001001
11 000010001001

4 000010001001
4 000010001001
4 000010001001
6 000010001001
6 000010001001
6 000010001001
4 000010001001
6 000010001001
4 000010001001
4 000010001001
4 000010001001
1 000010001001
11 000010001001
11 000010001001
11 000010001001
1 000010001001

12 000010001001
12 000010001001
12 000010001001
1 000010001001
11 000010001001
11 000010001001
11 000010001001
9 000010001001
6 000010001001
6 000010001001
6 000010001001
4 000010001001
4 000010001001
4 000010001001
4 000010001001
4 000010001001

4 010010010100
4 010010010100
4 010010010100
4 010010010100
4 010010010100
4 010010010100
4 010010010100
4 010010010100
6 010010010100
6 010010010100
6 010010010100
4 010010010100
4 010010010100
4 010010010100
4 010010010100
1 010010010100

12 010010010100
12 010010010100
12 010010010100
4 010010010100
4 010010010100
4 010010010100
4 010010010100
4 010010010100
6 010010010100
6 010010010100
6 010010010100
4 010010010100
4 010010010100
4 010010010100
4 010010010100
4 010010010100

12 000100100101
12 000100100101
12 000100100101
6 000100100101
6 000100100101
6 000100100101
6 000100100101
6 000100100101
8 000100100101
8 000100100101
8 000100100101
11 000100100101
11 000100100101
11 000100100101
1 000100100101
4 000100100101

4 000010001001
4 000010001001
4 000010001001
4 000010001001
4 000010001001
4 000010001001
4 000010001001
4 000010001001
4 000010001001
4 000010001001
4 000010001001
4 000010001001
4 000010001001
4 000010001001
4 000010001001
4 000010001001

12 000010001001
12 000010001001
12 000010001001
12 000010001001
12 000010001001
12 000010001001
12 000010001001
12 000010001001
12 000010001001
12 000010001001
12 000010001001
12 000010001001
12 000010001001
12 000010001001
12 000010001001
12 000010001001

12 000010001001
12 000010001001
12 000010001001
12 000010001001
12 000010001001
12 000010001001
12 000010001001
12 000010001001
12 000010001001
12 000010001001
12 000010001001
12 000010001001
12 000010001001
12 000010001001
12 000010001001
12 000010001001

12 000010001001
12 000010001001
12 000010001001
12 000010001001
12 000010001001
12 000010001001
12 000010001001
12 000010001001
12 000010001001
12 000010001001
12 000010001001
12 000010001001
12 000010001001
12 000010001001
12 000010001001
12 000010001001

12 000010001001
12 000010001001
12 000010001001
12 000010001001
12 000010001001
12 000010001001
12 000010001001
12 000010001001
12 000010001001
12 000010001001
12 000010001001
12 000010001001
12 000010001001
12 000010001001
12 000010001001
12 000010001001

12 010010010100
12 010010010100
12 010010010100
12 010010010100
12 010010010100
12 010010010100
12 010010010100
12 010010010100
12 010010010100
12 010010010100
12 010010010100
12 010010010100
12 010010010100
12 010010010100
12 010010010100
12 010010010100

12 010010010100
12 010010010100
12 010010010100
12 010010010100
12 010010010100
12 010010010100
12 010010010100
12 010010010100
12 010010010100
12 010010010100
12 010010010100
12 010010010100
12 010010010100
12 010010010100
12 010010010100
12 010010010100

12 000100100101
12 000100100101
12 000100100101
12 000100100101
12 000100100101
12 000100100101
12 000100100101
12 000100100101
12 000100100101
12 000100100101
12 000100100101
12 000100100101
12 000100100101
12 000100100101
12 000100100101
12 000100100101

12 000010001001
12 000010001001
12 000010001001
12 000010001001
12 000010001001
12 000010001001
12 000010001001
12 000010001001
12 000010001001
12 000010001001
12 000010001001
4 000010001001
4 000010001001
4 000010001001
4 000010001001
1 000010001001

4 000010001001
4 000010001001
4 000010001001
4 000010001001
4 000010001001
4 000010001001
4 000010001001
11 000010001001
1 000010001001
1 000010001001
1 000010001001
4 000010001001
4 000010001001
4 000010001001
11 000010001001
11 000010001001

4 000010001001
4 000010001001
4 000010001001
4 000010001001
4 000010001001
4 000010001001
4 000010001001
11 000010001001
1 000010001001
1 000010001001
1 000010001001
1 000010001001
1 000010001001
1 000010001001
1 000010001001
11 000010001001

4 000010001001
4 000010001001
4 000010001001
6 000010001001
6 000010001001
6 000010001001
4 000010001001
6 000010001001
4 000010001001
4 000010001001
1 000010001001
11 000010001001
11 000010001001
11 000010001001
11 000010001001
1 000010001001

1 000010001001
1 000010001001
1 000010001001
11 000010001001
11 000010001001
11 000010001001
4 000010001001
6 000010001001
6 000010001001
6 000010001001
6 000010001001
6 000010001001
4 000010001001
4 000010001001
4 000010001001
4 000010001001

12 010010010100
12 010010010100
12 010010010100
4 010010010100
4 010010010100
4 010010010100
4 010010010100
4 010010010100
6 010010010100
6 010010010100
6 010010010100
4 010010010100
4 010010010100
4 010010010100
4 010010010100
4 010010010100

12 010010010100
12 010010010100
12 010010010100
4 010010010100
4 010010010100
4 010010010100
4 010010010100
4 010010010100
6 010010010100
6 010010010100
6 010010010100
4 010010010100
4 010010010100
4 010010010100
4 010010010100
4 010010010100

12 000100100101
12 000100100101
12 000100100101
6 000100100101
6 000100100101
6 000100100101
6 000100100101
6 000100100101
8 000100100101
8 000100100101
8 000100100101
11 000100100101
11 000100100101
11 000100100101
1 000100100101
4 000100100101

4 000010001001
4 000010001001
6 000010001001
4 000010001001
4 000010001001
4 000010001001
4 000010001001
4 000010001001
4 000010001001
4 000010001001
4 000010001001
4 000010001001
4 000010001001
4 000010001001
4 000010001001
4 000010001001

12 000010001001
12 000010001001
12 000010001001
12 000010001001
12 100101000100
12 100101000100
12 100101000100
12 100101000100
12 000110001001
12 000110001001
12 000110001001
12 000110001001
12 000110001001
12 000110001001
12 000110001001
12 000110001001

