6 001000100001
6 001000100001
6 001000100001
6 001000100001
6 001000100001
6 001000100001
6 001000100001
6 001000100001
6 001000100001
6 001000100001
6 001000100001
6 001000100001
6 001000100001
6 001000100001
4 001000100001
4 001000100001

4 001000100001
4 001000100001
4 001000100001
4 001000100001
4 001000100001
4 001000100001
4 001000100001
4 001000100001
4 001000100001
4 001000100001
4 001000100001
4 001000100001
2 001000100001
2 001000100001
2 001000100001
2 001000100001

6 001000010001
6 001000010001
6 001000010001
6 001000010001
6 001000010001
6 001000010001
6 001000010001
6 001000010001
6 001000010001
6 001000010001
11 001000010001
11 001000010001
11 001000010001
11 001000010001
2 001000010001
2 001000010001

4 001000010001
4 001000010001
4 001000010001
4 001000010001
4 001000010001
4 001000010001
4 001000010001
4 001000010001
4 001000010001
4 001000010001
2 001000010001
2 001000010001
2 001000010001
2 001000010001
11 001000010001
11 001000010001

8 000010001001
8 000010001001
8 000010001001
8 000010001001
8 000010001001
8 000010001001
8 000010001001
8 000010001001
8 000010001001
8 000010001001
11 000010001001
11 000010001001
2 000010001001
2 000010001001
11 000010001001
11 000010001001

6 000010001001
6 000010001001
6 000010001001
6 000010001001
4 000010001001
4 000010001001
4 000010001001
4 000010001001
4 000010001001
4 000010001001
4 000010001001
4 000010001001
4 000010001001
4 000010001001
4 000010001001
4 000010001001

1 010010000100
1 010010000100
1 010010000100
1 010010000100
1 010010000100
1 010010000100
11 010010000100
11 010010000100
9 010010000100
9 010010000100
9 010010000100
9 010010000100
9 010010000100
9 010010000100
9 010010000100
9 010010000100

12 010010000100
12 010010000100
12 010010000100
12 010010000100
12 010010000100
12 010010000100
12 010010000100
12 010010000100
12 010010000100
12 010010000100
12 010010000100
12 010010000100
12 010010000100
12 010010000100
12 010010000100
12 010010000100

12 010010000100
12 010010000100
12 010010000100
12 010010000100
1 010010000100
1 010010000100
1 010010000100
1 010010000100
1 010010000100
1 010010000100
1 010010000100
1 010010000100
1 010010000100
1 010010000100
1 010010000100
1 010010000100

1 010010000100
1 010010000100
1 010010000100
1 010010000100
1 010010000100
1 010010000100
1 010010000100
1 010010000100
1 010010000100
1 010010000100
1 010010000100
1 010010000100
1 010010000100
1 010010000100
1 010010000100
1 010010000100

1 010010001000
1 010010001000
1 010010001000
1 010010001000
1 010010001000
1 010010001000
1 010010001000
1 010010001000
1 010010001000
1 010010001000
4 010010001000
4 010010001000
4 010010001000
4 010010001000
1 010010001000
1 010010001000

12 010010001000
12 010010001000
12 010010001000
12 010010001000
12 010010001000
12 010010001000
12 010010001000
12 010010001000
11 010010001000
11 010010001000
9 010010001000
9 010010001000
9 010010001000
9 010010001000
9 010010001000
9 010010001000

12 010000100100
12 010000100100
0 010000100100
0 010000100100
1 010000100100
1 010000100100
0 010000100100
0 010000100100
1 010000100100
1 010000100100
1 010000100100
1 010000100100
0 010000100100
0 010000100100
0 010000100100
0 010000100100

1 010000100100
1 010000100100
0 010000100100
0 010000100100
0 010000100100
0 010000100100
1 010000100100
1 010000100100
1 010000100100
1 010000100100
1 010000100100
1 010000100100
1 010000100100
1 010000100100
1 010000100100
1 010000100100

2 001000100100
2 001000100100
2 001000100100
2 001000100100
2 001000100100
2 001000100100
2 001000100100
2 001000100100
2 001000010001
2 001000010001
2 001000010001
2 001000010001
2 001000010001
2 001000010001
1 001000010001
1 001000010001

12 010010000100
12 010010000100
12 010010000100
12 010010000100
12 010010000100
12 010010000100
12 010010000100
12 010010000100
12 010010000100
12 010010000100
12 010010000100
12 010010000100
12 010010000100
12 010010000100
12 010010000100
12 010010000100

12 010010000100
12 010010000100
12 010010000100
12 010010000100
1 010010000100
1 010010000100
1 010010000100
1 010010000100
1 010010000100
1 010010000100
1 010010000100
1 010010000100
1 010010000100
1 010010000100
1 010010000100
1 010010000100

1 010010000100
1 010010000100
1 010010000100
1 010010000100
1 010010000100
1 010010000100
1 010010000100
1 010010000100
1 010010000100
1 010010000100
1 010010000100
1 010010000100
1 010010000100
1 010010000100
1 010010000100
1 010010000100

1 010010001000
1 010010001000
1 010010001000
1 010010001000
1 010010001000
1 010010001000
1 010010001000
1 010010001000
1 010010001000
1 010010001000
1 010010001000
1 010010001000
4 010010001000
4 010010001000
4 010010001000
4 010010001000

1 010010001000
1 010010001000
1 010010001000
1 010010001000
1 010010001000
1 010010001000
1 010010001000
1 010010001000
11 010010001000
11 010010001000
9 010010001000
9 010010001000
9 010010001000
9 010010001000
9 010010001000
9 010010001000

12 010000100100
12 010000100100
12 010000100100
12 010000100100
1 010000100100
1 010000100100
0 010000100100
0 010000100100
1 010000100100
1 010000100100
1 010000100100
1 010000100100
1 010000100100
1 010000100100
0 010000100100
0 010000100100

1 010000100100
1 010000100100
0 010000100100
0 010000100100
1 010000100100
1 010000100100
1 010000100100
1 010000100100
1 010000100100
1 010000100100
1 010000100100
1 010000100100
1 010000100100
1 010000100100
9 010000100100
9 010000100100

2 001000100100
2 001000100100
2 001000100100
2 001000100100
2 001000100100
2 001000100100
2 001000100100
2 001000100100
2 001000010001
2 001000010001
2 001000010001
2 001000010001
2 001000010001
2 001000010001
1 001000010001
1 001000010001

12 010010000100
12 010010000100
12 010010000100
12 010010000100
12 010010000100
12 010010000100
12 010010000100
12 010010000100
12 010010000100
12 010010000100
12 010010000100
12 010010000100
12 010010000100
12 010010000100
12 010010000100
12 010010000100

4 001000100001
4 001000100001
4 001000100001
4 001000100001
4 001000100001
4 001000100001
4 001000100001
4 001000100001
4 001000100001
4 001000100001
4 001000100001
4 001000100001
4 001000100001
4 001000100001
4 001000100001
4 001000100001

2 001000100001
2 001000100001
2 001000100001
2 001000100001
2 001000100001
2 001000100001
2 001000100001
2 001000100001
1 001000100001
1 001000100001
1 001000100001
1 001000100001
11 001000100001
11 001000100001
11 001000100001
11 001000100001

2 001000100001
2 001000100001
2 001000100001
2 001000100001
2 001000100001
2 001000100001
2 001000100001
2 001000100001
1 001000100001
1 001000100001
11 001000100001
11 001000100001
11 001000100001
11 001000100001
11 001000100001
11 001000100001

12 001000100001
12 001000100001
12 001000100001
12 001000100001
12 001000100001
12 001000100001
12 001000100001
12 001000100001
1 001000100001
1 001000100001
2 001000100001
2 001000100001
2 001000100001
2 001000100001
4 001000100001
4 001000100001

12 001000010001
12 001000010001
12 001000010001
12 001000010001
4 001000010001
4 001000010001
4 001000010001
4 001000010001
4 001000010001
4 001000010001
4 001000010001
4 001000010001
4 001000010001
4 001000010001
4 001000010001
4 001000010001

2 001000010001
2 001000010001
2 001000010001
2 001000010001
2 001000010001
2 001000010001
2 001000010001
2 001000010001
1 001000010001
1 001000010001
11 001000010001
11 001000010001
11 001000010001
11 001000010001
11 001000010001
11 001000010001

2 001000010001
2 001000010001
2 001000010001
2 001000010001
2 001000010001
2 001000010001
2 001000010001
2 001000010001
1 001000010001
1 001000010001
11 001000010001
11 001000010001
11 001000010001
11 001000010001
11 001000010001
11 001000010001

12 001000010001
12 001000010001
12 001000010001
12 001000010001
12 001000010001
12 001000010001
12 001000010001
12 001000010001
12 001000010001
12 001000010001
12 001000010001
12 001000010001
12 001000010001
12 001000010001
12 001000010001
12 001000010001

4 000010001001
4 000010001001
4 000010001001
4 000010001001
4 000010001001
4 000010001001
4 000010001001
4 000010001001
4 000010001001
4 000010001001
4 000010001001
4 000010001001
4 000010001001
4 000010001001
4 000010001001
4 000010001001

12 000010001001
12 000010001001
12 000010001001
12 000010001001
2 000010001001
2 000010001001
2 000010001001
2 000010001001
1 000010001001
1 000010001001
1 000010001001
1 000010001001
11 000010001001
11 000010001001
11 000010001001
11 000010001001

2 000010001001
2 000010001001
2 000010001001
2 000010001001
2 000010001001
2 000010001001
2 000010001001
2 000010001001
1 000010001001
1 000010001001
11 000010001001
11 000010001001
11 000010001001
11 000010001001
11 000010001001
11 000010001001

12 000010001001
12 000010001001
12 000010001001
12 000010001001
12 000010001001
12 000010001001
12 000010001001
12 000010001001
4 000010001001
4 000010001001
4 000010001001
4 000010001001
4 000010001001
4 000010001001
4 000010001001
4 000010001001

1 010010000100
1 010010000100
1 010010000100
1 010010000100
1 010010000100
1 010010000100
1 010010000100
1 010010000100
1 010010000100
1 010010000100
1 010010000100
1 010010000100
1 010010000100
1 010010000100
1 010010000100
1 010010000100

11 010010000100
11 010010000100
9 010010000100
9 010010000100
9 010010000100
9 010010000100
9 010010000100
9 010010000100
4 010010000100
4 010010000100
2 010010000100
2 010010000100
2 010010000100
2 010010000100
2 010010000100
2 010010000100

1 010010000100
1 010010000100
1 010010000100
1 010010000100
1 010010000100
1 010010000100
1 010010000100
1 010010000100
1 010010000100
1 010010000100
1 010010000100
1 010010000100
1 010010000100
1 010010000100
1 010010000100
1 010010000100

12 010010000100
12 010010000100
12 010010000100
12 010010000100
12 010010000100
12 010010000100
12 010010000100
12 010010000100
12 010010000100
12 010010000100
12 010010000100
12 010010000100
12 010010000100
12 010010000100
12 010010000100
12 010010000100

12 010010000100
12 010010000100
12 010010000100
12 010010000100
1 010010000100
1 010010000100
1 010010000100
1 010010000100
1 010010000100
1 010010000100
1 010010000100
1 010010000100
1 010010000100
1 010010000100
1 010010000100
1 010010000100

1 010010000100
1 010010000100
1 010010000100
1 010010000100
1 010010000100
1 010010000100
1 010010000100
1 010010000100
1 010010000100
1 010010000100
1 010010000100
1 010010000100
1 010010000100
1 010010000100
1 010010000100
1 010010000100

12 010010001000
12 010010001000
12 010010001000
12 010010001000
1 010010001000
1 010010001000
1 010010001000
1 010010001000
1 010010001000
1 010010001000
4 010010001000
4 010010001000
4 010010001000
4 010010001000
1 010010001000
1 010010001000

12 010010001000
12 010010001000
12 010010001000
12 010010001000
12 010010001000
12 010010001000
12 010010001000
12 010010001000
11 010010001000
11 010010001000
9 010010001000
9 010010001000
9 010010001000
9 010010001000
9 010010001000
9 010010001000

12 010000100100
12 010000100100
12 010000100100
12 010000100100
1 010000100100
1 010000100100
1 010000100100
1 010000100100
1 010000100100
1 010000100100
1 010000100100
1 010000100100
1 010000100100
1 010000100100
1 010000100100
1 010000100100

1 010000100100
1 010000100100
1 010000100100
1 010000100100
1 010000100100
1 010000100100
1 010000100100
1 010000100100
1 010000100100
1 010000100100
1 010000100100
1 010000100100
1 010000100100
1 010000100100
1 010000100100
1 010000100100

2 001000100100
2 001000100100
2 001000100100
2 001000100100
2 001000100100
2 001000100100
2 001000100100
2 001000100100
2 001000010001
2 001000010001
2 001000010001
2 001000010001
2 001000010001
2 001000010001
1 001000010001
1 001000010001

12 010010000100
12 010010000100
12 010010000100
12 010010000100
12 010010000100
12 010010000100
12 010010000100
12 010010000100
12 010010000100
12 010010000100
12 010010000100
12 010010000100
12 010010000100
12 010010000100
12 010010000100
12 010010000100

12 010010000100
12 010010000100
12 010010000100
12 010010000100
1 010010000100
1 010010000100
1 010010000100
1 010010000100
1 010010000100
1 010010000100
1 010010000100
1 010010000100
1 010010000100
1 010010000100
1 010010000100
1 010010000100

1 010010000100
1 010010000100
1 010010000100
1 010010000100
1 010010000100
1 010010000100
1 010010000100
1 010010000100
1 010010000100
1 010010000100
1 010010000100
1 010010000100
1 010010000100
1 010010000100
1 010010000100
1 010010000100

1 010010001000
1 010010001000
1 010010001000
1 010010001000
1 010010001000
1 010010001000
1 010010001000
1 010010001000
1 010010001000
1 010010001000
1 010010001000
1 010010001000
4 010010001000
4 010010001000
4 010010001000
4 010010001000

1 010010001000
1 010010001000
1 010010001000
1 010010001000
1 010010001000
1 010010001000
1 010010001000
1 010010001000
11 010010001000
11 010010001000
9 010010001000
9 010010001000
9 010010001000
9 010010001000
9 010010001000
9 010010001000

12 010000100100
12 010000100100
0 010000100100
0 010000100100
1 010000100100
1 010000100100
0 010000100100
0 010000100100
1 010000100100
1 010000100100
1 010000100100
1 010000100100
1 010000100100
1 010000100100
0 010000100100
0 010000100100

1 010000100100
1 010000100100
0 010000100100
0 010000100100
1 010000100100
1 010000100100
1 010000100100
1 010000100100
1 010000100100
1 010000100100
1 010000100100
1 010000100100
1 010000100100
1 010000100100
1 010000100100
1 010000100100

2 001000100100
2 001000100100
2 001000100100
2 001000100100
2 001000100100
2 001000100100
2 001000100100
2 001000100100
2 001000010001
2 001000010001
2 001000010001
2 001000010001
2 001000010001
2 001000010001
1 001000010001
1 001000010001

12 010010000100
12 010010000100
12 010010000100
12 010010000100
12 010010000100
12 010010000100
12 010010000100
12 010010000100
12 010010000100
12 010010000100
12 010010000100
12 010010000100
12 010010000100
12 010010000100
12 010010000100
12 010010000100

4 001000100001
4 001000100001
4 001000100001
4 001000100001
4 001000100001
4 001000100001
4 001000100001
4 001000100001
4 001000100001
4 001000100001
4 001000100001
4 001000100001
4 001000100001
4 001000100001
4 001000100001
4 001000100001

2 001000100001
2 001000100001
2 001000100001
2 001000100001
2 001000100001
2 001000100001
2 001000100001
2 001000100001
1 001000100001
1 001000100001
1 001000100001
1 001000100001
11 001000100001
11 001000100001
11 001000100001
11 001000100001

2 001000100001
2 001000100001
2 001000100001
2 001000100001
2 001000100001
2 001000100001
2 001000100001
2 001000100001
1 001000100001
1 001000100001
11 001000100001
11 001000100001
11 001000100001
11 001000100001
11 001000100001
11 001000100001

12 001000100001
12 001000100001
12 001000100001
12 001000100001
12 001000100001
12 001000100001
12 001000100001
12 001000100001
1 001000100001
1 001000100001
2 001000100001
2 001000100001
2 001000100001
2 001000100001
4 001000100001
4 001000100001

12 001000010001
12 001000010001
12 001000010001
12 001000010001
4 001000010001
4 001000010001
4 001000010001
4 001000010001
4 001000010001
4 001000010001
4 001000010001
4 001000010001
4 001000010001
4 001000010001
4 001000010001
4 001000010001

2 001000010001
2 001000010001
2 001000010001
2 001000010001
2 001000010001
2 001000010001
2 001000010001
2 001000010001
1 001000010001
1 001000010001
11 001000010001
11 001000010001
11 001000010001
11 001000010001
11 001000010001
11 001000010001

2 001000010001
2 001000010001
2 001000010001
2 001000010001
2 001000010001
2 001000010001
2 001000010001
2 001000010001
1 001000010001
1 001000010001
11 001000010001
11 001000010001
11 001000010001
11 001000010001
11 001000010001
11 001000010001

12 001000010001
12 001000010001
12 001000010001
12 001000010001
12 001000010001
12 001000010001
12 001000010001
12 001000010001
12 001000010001
12 001000010001
12 001000010001
12 001000010001
12 001000010001
12 001000010001
12 001000010001
12 001000010001

4 000010001001
4 000010001001
4 000010001001
4 000010001001
4 000010001001
4 000010001001
4 000010001001
4 000010001001
4 000010001001
4 000010001001
4 000010001001
4 000010001001
4 000010001001
4 000010001001
4 000010001001
4 000010001001

12 000010001001
12 000010001001
12 000010001001
12 000010001001
2 000010001001
2 000010001001
2 000010001001
2 000010001001
1 000010001001
1 000010001001
1 000010001001
1 000010001001
11 000010001001
11 000010001001
11 000010001001
11 000010001001

2 000010001001
2 000010001001
2 000010001001
2 000010001001
2 000010001001
2 000010001001
2 000010001001
2 000010001001
1 000010001001
1 000010001001
11 000010001001
11 000010001001
11 000010001001
11 000010001001
11 000010001001
11 000010001001

12 000010001001
12 000010001001
12 000010001001
12 000010001001
12 000010001001
12 000010001001
12 000010001001
12 000010001001
4 000010001001
4 000010001001
4 000010001001
4 000010001001
4 000010001001
4 000010001001
4 000010001001
4 000010001001

1 010010000100
1 010010000100
1 010010000100
1 010010000100
1 010010000100
1 010010000100
1 010010000100
1 010010000100
1 010010000100
1 010010000100
1 010010000100
1 010010000100
1 010010000100
1 010010000100
1 010010000100
1 010010000100

11 010010000100
11 010010000100
9 010010000100
9 010010000100
9 010010000100
9 010010000100
9 010010000100
9 010010000100
4 010010000100
4 010010000100
2 010010000100
2 010010000100
2 010010000100
2 010010000100
2 010010000100
2 010010000100

1 010010000100
1 010010000100
1 010010000100
1 010010000100
1 010010000100
1 010010000100
1 010010000100
1 010010000100
1 010010000100
1 010010000100
1 010010000100
1 010010000100
1 010010000100
1 010010000100
1 010010000100
1 010010000100

12 010010000100
12 010010000100
12 010010000100
12 010010000100
12 010010000100
12 010010000100
12 010010000100
12 010010000100
12 010010000100
12 010010000100
12 010010000100
12 010010000100
12 010010000100
12 010010000100
12 010010000100
12 010010000100

12 010010000100
12 010010000100
12 010010000100
12 010010000100
1 010010000100
1 010010000100
1 010010000100
1 010010000100
1 010010000100
1 010010000100
1 010010000100
1 010010000100
1 010010000100
1 010010000100
1 010010000100
1 010010000100

1 010010000100
1 010010000100
1 010010000100
1 010010000100
1 010010000100
1 010010000100
1 010010000100
1 010010000100
1 010010000100
1 010010000100
1 010010000100
1 010010000100
1 010010000100
1 010010000100
1 010010000100
1 010010000100

1 010010001000
1 010010001000
1 010010001000
1 010010001000
1 010010001000
1 010010001000
1 010010001000
1 010010001000
1 010010001000
1 010010001000
4 010010001000
4 010010001000
4 010010001000
4 010010001000
1 010010001000
1 010010001000

12 010010001000
12 010010001000
12 010010001000
12 010010001000
12 010010001000
12 010010001000
12 010010001000
12 010010001000
11 010010001000
11 010010001000
9 010010001000
9 010010001000
9 010010001000
9 010010001000
9 010010001000
9 010010001000

12 010000100100
12 010000100100
0 010000100100
0 010000100100
1 010000100100
1 010000100100
0 010000100100
0 010000100100
1 010000100100
1 010000100100
1 010000100100
1 010000100100
0 010000100100
0 010000100100
0 010000100100
0 010000100100

1 010000100100
1 010000100100
0 010000100100
0 010000100100
0 010000100100
0 010000100100
1 010000100100
1 010000100100
1 010000100100
1 010000100100
1 010000100100
1 010000100100
1 010000100100
1 010000100100
1 010000100100
1 010000100100

2 001000100100
2 001000100100
2 001000100100
2 001000100100
2 001000100100
2 001000100100
2 001000100100
2 001000100100
2 001000010001
2 001000010001
2 001000010001
2 001000010001
2 001000010001
2 001000010001
1 001000010001
1 001000010001

12 010010000100
12 010010000100
12 010010000100
12 010010000100
12 010010000100
12 010010000100
12 010010000100
12 010010000100
12 010010000100
12 010010000100
12 010010000100
12 010010000100
12 010010000100
12 010010000100
12 010010000100
12 010010000100

12 010010000100
12 010010000100
12 010010000100
12 010010000100
1 010010000100
1 010010000100
1 010010000100
1 010010000100
1 010010000100
1 010010000100
1 010010000100
1 010010000100
1 010010000100
1 010010000100
1 010010000100
1 010010000100

1 010010000100
1 010010000100
1 010010000100
1 010010000100
1 010010000100
1 010010000100
1 010010000100
1 010010000100
1 010010000100
1 010010000100
1 010010000100
1 010010000100
1 010010000100
1 010010000100
1 010010000100
1 010010000100

1 010010001000
1 010010001000
1 010010001000
1 010010001000
1 010010001000
1 010010001000
1 010010001000
1 010010001000
1 010010001000
1 010010001000
1 010010001000
1 010010001000
4 010010001000
4 010010001000
4 010010001000
4 010010001000

1 010010001000
1 010010001000
1 010010001000
1 010010001000
1 010010001000
1 010010001000
1 010010001000
1 010010001000
11 010010001000
11 010010001000
9 010010001000
9 010010001000
9 010010001000
9 010010001000
9 010010001000
9 010010001000

12 010000100100
12 010000100100
12 010000100100
12 010000100100
1 010000100100
1 010000100100
0 010000100100
0 010000100100
1 010000100100
1 010000100100
1 010000100100
1 010000100100
1 010000100100
1 010000100100
0 010000100100
0 010000100100

1 010000100100
1 010000100100
1 010000100100
1 010000100100
0 010000100100
0 010000100100
1 010000100100
1 010000100100
1 010000100100
1 010000100100
1 010000100100
1 010000100100
1 010000100100
1 010000100100
9 010000100100
9 010000100100

2 001000100100
2 001000100100
2 001000100100
2 001000100100
2 001000100100
2 001000100100
2 001000100100
2 001000100100
2 001000010001
2 001000010001
2 001000010001
2 001000010001
2 001000010001
2 001000010001
1 001000010001
1 001000010001

12 010010000100
12 010010000100
12 010010000100
12 010010000100
12 010010000100
12 010010000100
12 010010000100
12 010010000100
12 010010000100
12 010010000100
12 010010000100
12 010010000100
12 010010000100
12 010010000100
12 010010000100
12 010010000100

4 001000100001
4 001000100001
4 001000100001
4 001000100001
4 001000100001
4 001000100001
4 001000100001
4 001000100001
4 001000100001
4 001000100001
4 001000100001
4 001000100001
4 001000100001
4 001000100001
4 001000100001
4 001000100001

2 001000100001
2 001000100001
2 001000100001
2 001000100001
2 001000100001
2 001000100001
2 001000100001
2 001000100001
1 001000100001
1 001000100001
1 001000100001
1 001000100001
11 001000100001
11 001000100001
11 001000100001
11 001000100001

2 001000100001
2 001000100001
2 001000100001
2 001000100001
2 001000100001
2 001000100001
2 001000100001
2 001000100001
1 001000100001
1 001000100001
11 001000100001
11 001000100001
11 001000100001
11 001000100001
11 001000100001
11 001000100001

12 001000100001
12 001000100001
12 001000100001
12 001000100001
12 001000100001
12 001000100001
12 001000100001
12 001000100001
1 001000100001
1 001000100001
2 001000100001
2 001000100001
2 001000100001
2 001000100001
4 001000100001
4 001000100001

12 001000010001
12 001000010001
12 001000010001
12 001000010001
4 001000010001
4 001000010001
4 001000010001
4 001000010001
4 001000010001
4 001000010001
4 001000010001
4 001000010001
4 001000010001
4 001000010001
4 001000010001
4 001000010001

12 001000010001
12 001000010001
12 001000010001
12 001000010001
2 001000010001
2 001000010001
2 001000010001
2 001000010001
1 001000010001
1 001000010001
11 001000010001
11 001000010001
11 001000010001
11 001000010001
11 001000010001
11 001000010001

2 001000010001
2 001000010001
2 001000010001
2 001000010001
2 001000010001
2 001000010001
2 001000010001
2 001000010001
1 001000010001
1 001000010001
11 001000010001
11 001000010001
11 001000010001
11 001000010001
11 001000010001
11 001000010001

12 001000010001
12 001000010001
12 001000010001
12 001000010001
12 001000010001
12 001000010001
12 001000010001
12 001000010001
12 001000010001
12 001000010001
12 001000010001
12 001000010001
12 001000010001
12 001000010001
12 001000010001
12 001000010001

4 000010001001
4 000010001001
4 000010001001
4 000010001001
4 000010001001
4 000010001001
4 000010001001
4 000010001001
4 000010001001
4 000010001001
4 000010001001
4 000010001001
4 000010001001
4 000010001001
4 000010001001
4 000010001001

12 000010001001
12 000010001001
12 000010001001
12 000010001001
2 000010001001
2 000010001001
2 000010001001
2 000010001001
1 000010001001
1 000010001001
1 000010001001
1 000010001001
11 000010001001
11 000010001001
11 000010001001
11 000010001001

2 000010001001
2 000010001001
2 000010001001
2 000010001001
2 000010001001
2 000010001001
2 000010001001
2 000010001001
1 000010001001
1 000010001001
11 000010001001
11 000010001001
11 000010001001
11 000010001001
11 000010001001
11 000010001001

12 000010001001
12 000010001001
12 000010001001
12 000010001001
12 000010001001
12 000010001001
12 000010001001
12 000010001001
4 000010001001
4 000010001001
4 000010001001
4 000010001001
4 000010001001
4 000010001001
4 000010001001
4 000010001001

1 010010000100
1 010010000100
1 010010000100
1 010010000100
1 010010000100
1 010010000100
1 010010000100
1 010010000100
1 010010000100
1 010010000100
1 010010000100
1 010010000100
1 010010000100
1 010010000100
1 010010000100
1 010010000100

11 010010000100
11 010010000100
9 010010000100
9 010010000100
9 010010000100
9 010010000100
9 010010000100
9 010010000100
4 010010000100
4 010010000100
2 010010000100
2 010010000100
2 010010000100
2 010010000100
2 010010000100
2 010010000100

1 010000100100
1 010000100100
1 010000100100
1 010000100100
1 010000100100
1 010000100100
1 010000100100
1 010000100100
4 010000100100
4 010000100100
6 010000100100
6 010000100100
6 010000100100
6 010000100100
6 010000100100
6 010000100100

6 010000100100
6 010000100100
6 010000100100
6 010000100100
6 010000100100
6 010000100100
6 010000100100
6 010000100100
4 010000100100
4 010000100100
6 010000100100
6 010000100100
6 010000100100
6 010000100100
6 010000100100
6 010000100100

9 010010000100
9 010010000100
9 010010000100
9 010010000100
9 010010000100
9 010010000100
6 010010000100
6 010010000100
4 010010000100
4 010010000100
4 010010000100
4 010010000100
4 010010000100
4 010010000100
4 010010000100
4 010010000100

12 010010000100
12 010010000100
12 010010000100
12 010010000100
12 010010000100
12 010010000100
12 010010000100
12 010010000100
12 010010000100
12 010010000100
12 010010000100
12 010010000100
12 010010000100
12 010010000100
12 010010000100
12 010010000100

