12 000000000000
12 000000000000
12 000000000000
12 000000000000
12 000000000000
12 000000000000
12 000000000000
12 000000000000
12 000000000000
12 000000000000
12 000000000000
12 000000000000
0 000000000000
0 000000000000
0 000000000000
0 000000000000

9 100001000100
9 100001000100
9 100001000100
9 100001000100
9 100001000100
9 100001000100
9 100001000100
9 100001000100
9 100001000100
9 100001000100
9 100001000100
9 100001000100
0 100001000100
0 100001000100
2 100001000100
2 100001000100

7 100010010000
7 100010010000
7 100010010000
7 100010010000
7 100010010000
7 100010010000
7 100010010000
7 100010010000
7 100010010000
7 100010010000
7 100010010000
7 100010010000
7 100010010000
7 100010010000
9 100010010000
9 100010010000

10 100010010000
10 100010010000
10 100010010000
10 100010010000
5 100010010000
5 100010010000
5 100010010000
5 100010010000
5 100010010000
5 100010010000
5 100010010000
5 100010010000
4 100010010000
4 100010010000
0 100010010000
0 100010010000

2 100001000100
2 100001000100
0 100001000100
10 100001000100
9 100001000100
9 100001000100
9 100001000100
9 100001000100
9 100001000100
9 100001000100
9 100001000100
9 100001000100
9 100001000100
9 100001000100
0 100001000100
0 100001000100

2 001001000010
2 001001000010
2 001001000010
2 001001000010
2 001001000010
2 001001000010
2 001001000010
2 001001000010
7 001001000010
5 001001000010
5 001001000010
4 001001000010
4 001001000010
5 001001000010
2 001001000010
2 001001000010

0 100001000100
0 100001000100
0 100001000100
0 100001000100
0 100001000100
0 100001000100
0 100001000100
0 100001000100
5 100001000100
5 100001000100
7 100001000100
7 100001000100
9 100001000100
9 100001000100
2 100001000100
2 100001000100

0 100010010000
0 100010010000
0 100010010000
0 100010010000
0 100010010000
0 100010010000
0 100010010000
0 100010010000
10 100010010000
10 100010010000
9 100010010000
9 100010010000
9 100010010000
9 100010010000
4 100010010000
4 100010010000

5 100001000100
5 100001000100
5 100001000100
5 100001000100
5 100001000100
5 100001000100
5 100001000100
5 100001000100
5 100001000100
5 100001000100
5 100001000100
5 100001000100
0 100001000100
0 100001000100
0 100001000100
0 100001000100

9 100001000100
9 100001000100
9 100001000100
9 100001000100
9 100001000100
9 100001000100
9 100001000100
9 100001000100
9 100001000100
9 100001000100
9 100001000100
9 100001000100
0 100001000100
0 100001000100
2 100001000100
2 100001000100

7 100010010000
7 100010010000
7 100010010000
7 100010010000
7 100010010000
7 100010010000
7 100010010000
7 100010010000
7 100010010000
7 100010010000
7 100010010000
7 100010010000
7 100010010000
7 100010010000
9 100010010000
9 100010010000

10 100010010000
10 100010010000
10 100010010000
10 100010010000
5 100010010000
5 100010010000
5 100010010000
5 100010010000
5 100010010000
5 100010010000
5 100010010000
5 100010010000
4 100010010000
4 100010010000
0 100010010000
0 100010010000

2 100001000100
2 100001000100
0 100001000100
10 100001000100
9 100001000100
9 100001000100
9 100001000100
9 100001000100
9 100001000100
9 100001000100
9 100001000100
9 100001000100
9 100001000100
9 100001000100
0 100001000100
0 100001000100

2 001001000010
2 001001000010
2 001001000010
2 001001000010
2 001001000010
2 001001000010
2 001001000010
2 001001000010
7 001001000010
5 001001000010
5 001001000010
4 001001000010
4 001001000010
5 001001000010
2 001001000010
2 001001000010

0 100001000100
0 100001000100
0 100001000100
0 100001000100
0 100001000100
0 100001000100
0 100001000100
0 100001000100
5 100001000100
5 100001000100
7 100001000100
7 100001000100
9 100001000100
9 100001000100
2 100001000100
2 100001000100

0 100010010000
0 100010010000
0 100010010000
0 100010010000
0 100010010000
0 100010010000
0 100010010000
0 100010010000
10 100010010000
10 100010010000
9 100010010000
9 100010010000
9 100010010000
9 100010010000
4 100010010000
4 100010010000

5 100001000100
5 100001000100
5 100001000100
5 100001000100
5 100001000100
5 100001000100
5 100001000100
5 100001000100
5 100001000100
5 100001000100
5 100001000100
5 100001000100
5 100001000100
5 100001000100
5 100001000100
5 100001000100

12 100101000100
12 100101000100
12 100101000100
5 100101000100
5 100101000100
2 100101000100
2 100101000100
2 100101000100
2 100101000100
2 100101000100
0 100101000100
0 100101000100
0 100101000100
0 100101000100
10 100101000100
2 100101000100

12 001001000010
12 001001000010
12 001001000010
12 001001000010
5 001001000010
5 001001000010
2 001001000010
2 001001000010
2 100001000100
2 100001000100
2 100001000100
2 100001000100
5 100001000100
5 100001000100
10 100001000100
10 100001000100

12 001000010010
12 001000010010
12 001000010010
12 001000010010
5 001000010010
5 001000010010
2 001000010010
2 001000010010
2 001001000100
2 001001000100
0 001001000100
0 001001000100
10 001001000100
10 001001000100
0 001001000100
0 001001000100

12 100010010000
12 100010010000
12 100010010000
12 100010010000
2 100010010000
2 100010010000
0 100010010000
0 100010010000
0 100010010000
0 100010010000
0 100010010000
0 100010010000
10 100010010000
10 100010010000
9 100010010000
9 100010010000

12 100001000100
12 100001000100
7 100001000100
5 100001000100
5 100001000100
5 100001000100
5 100001000100
5 100001000100
5 100001000100
5 100001000100
5 100001000100
5 100001000100
5 100001000100
5 100001000100
5 100001000100
5 100001000100

12 100101000100
12 100101000100
12 100101000100
5 100101000100
5 100101000100
5 100101000100
2 100101000100
2 100101000100
2 100101000100
2 100101000100
0 100101000100
0 100101000100
0 100101000100
10 100101000100
2 100101000100
2 100101000100

12 001001000010
12 001001000010
12 001001000010
12 001001000010
5 001001000010
5 001001000010
2 001001000010
2 001001000010
2 100001000100
2 100001000100
2 100001000100
2 100001000100
5 100001000100
5 100001000100
10 100001000100
10 100001000100

12 001000010010
12 001000010010
12 001000010010
12 001000010010
5 001000010010
5 001000010010
2 001000010010
2 001000010010
2 001001000100
2 001001000100
0 001001000100
0 001001000100
10 001001000100
10 001001000100
0 001001000100
0 001001000100

12 100010010000
12 100010010000
12 100010010000
12 100010010000
2 100010010000
2 100010010000
0 100010010000
0 100010010000
0 100010010000
0 100010010000
10 100010010000
10 100010010000
10 100010010000
10 100010010000
9 100010010000
9 100010010000

12 100001000100
12 100001000100
7 100001000100
5 100001000100
5 100001000100
5 100001000100
5 100001000100
5 100001000100
5 100001000100
5 100001000100
9 100001000100
9 100001000100
0 100001000100
0 100001000100
2 100001000100
2 100001000100

3 100001000100
3 100001000100
3 100001000100
3 100001000100
3 100001000100
3 100001000100
3 100001000100
3 100001000100
3 100001000100
3 100001000100
3 100001000100
3 100001000100
3 100001000100
3 100001000100
3 100001000100
3 100001000100

4 100010010000
4 100010010000
5 100010010000
5 100010010000
7 100010010000
7 100010010000
7 100010010000
7 100010010000
7 100010010000
7 100010010000
7 100010010000
7 100010010000
7 100010010000
7 100010010000
7 100010010000
7 100010010000

12 100010010000
12 100010010000
12 100010010000
12 100010010000
12 100010010000
12 100010010000
12 100010010000
12 100010010000
12 100010010000
12 100010010000
12 100010010000
12 100010010000
0 100010010000
2 100010010000
2 100010010000
9 100010010000

12 100001000100
12 100001000100
12 100001000100
12 100001000100
12 100001000100
12 100001000100
12 100001000100
12 100001000100
12 100001000100
12 100001000100
9 100001000100
9 100001000100
0 100001000100
0 100001000100
2 100001000100
7 100001000100

12 100010010000
12 100010010000
12 100010010000
12 100010010000
12 100010010000
12 100010010000
12 100010010000
12 100010010000
12 100010010000
12 100010010000
12 100010010000
12 100010010000
7 100010010000
7 100010010000
9 100010010000
9 100010010000

10 100010010000
10 100010010000
10 100010010000
10 100010010000
5 100010010000
5 100010010000
5 100010010000
5 100010010000
5 100010010000
5 100010010000
5 100010010000
5 100010010000
4 100010010000
4 100010010000
0 100010010000
0 100010010000

2 100001000100
2 100001000100
0 100001000100
10 100001000100
9 100001000100
9 100001000100
9 100001000100
9 100001000100
9 100001000100
9 100001000100
9 100001000100
9 100001000100
9 100001000100
9 100001000100
0 100001000100
0 100001000100

2 001001000010
2 001001000010
2 001001000010
2 001001000010
2 001001000010
2 001001000010
2 001001000010
2 001001000010
7 001001000010
5 001001000010
5 001001000010
4 001001000010
4 001001000010
5 001001000010
2 001001000010
2 001001000010

0 100001000100
0 100001000100
0 100001000100
0 100001000100
0 100001000100
0 100001000100
0 100001000100
0 100001000100
5 100001000100
5 100001000100
7 100001000100
7 100001000100
9 100001000100
9 100001000100
2 100001000100
2 100001000100

0 100010010000
0 100010010000
0 100010010000
0 100010010000
0 100010010000
0 100010010000
0 100010010000
0 100010010000
10 100010010000
10 100010010000
9 100010010000
9 100010010000
9 100010010000
9 100010010000
4 100010010000
4 100010010000

5 100001000100
5 100001000100
5 100001000100
5 100001000100
5 100001000100
5 100001000100
5 100001000100
5 100001000100
5 100001000100
5 100001000100
5 100001000100
5 100001000100
5 100001000100
5 100001000100
5 100001000100
5 100001000100

12 100101000100
12 100101000100
5 100101000100
5 100101000100
5 100101000100
2 100101000100
2 100101000100
2 100101000100
2 100101000100
2 100101000100
0 100101000100
0 100101000100
0 100101000100
10 100101000100
2 100101000100
2 100101000100

12 001001000010
12 001001000010
12 001001000010
12 001001000010
5 001001000010
5 001001000010
2 001001000010
2 001001000010
2 100001000100
2 100001000100
2 100001000100
2 100001000100
5 100001000100
5 100001000100
10 100001000100
10 100001000100

12 001000010010
12 001000010010
12 001000010010
12 001000010010
5 001000010010
5 001000010010
2 001000010010
2 001000010010
2 001001000100
2 001001000100
0 001001000100
0 001001000100
10 001001000100
10 001001000100
0 001001000100
0 001001000100

12 100010010000
12 100010010000
2 100010010000
2 100010010000
2 100010010000
2 100010010000
0 100010010000
0 100010010000
0 100010010000
0 100010010000
0 100010010000
0 100010010000
10 100010010000
10 100010010000
9 100010010000
9 100010010000

12 100001000100
7 100001000100
5 100001000100
5 100001000100
5 100001000100
5 100001000100
5 100001000100
5 100001000100
5 100001000100
5 100001000100
5 100001000100
5 100001000100
5 100001000100
5 100001000100
5 100001000100
5 100001000100

12 100101000100
12 100101000100
12 100101000100
9 100101000100
5 100101000100
5 100101000100
7 100101000100
10 100101000100
10 100101000100
10 100101000100
5 100101000100
7 100101000100
7 100101000100
7 100101000100
7 100101000100
5 100101000100

2 001001000010
2 001001000010
2 001001000010
2 001001000010
5 001001000010
5 001001000010
2 001001000010
2 001001000010
2 100001000100
2 100001000100
2 100001000100
2 100001000100
7 100001000100
7 100001000100
2 100001000100
0 100001000100

10 001000010010
7 001000010010
7 001000010010
7 001000010010
5 001000010010
5 001000010010
2 001000010010
2 001000010010
2 001001000100
2 001001000100
0 001001000100
0 001001000100
10 001001000100
10 001001000100
0 001001000100
0 001001000100

12 100010010000
12 100010010000
12 100010010000
12 100010010000
2 100010010000
2 100010010000
0 100010010000
0 100010010000
0 100010010000
0 100010010000
10 100010010000
10 100010010000
10 100010010000
10 100010010000
9 100010010000
9 100010010000

12 100001000100
7 100001000100
5 100001000100
5 100001000100
5 100001000100
5 100001000100
5 100001000100
5 100001000100
5 100001000100
5 100001000100
9 100001000100
9 100001000100
0 100001000100
0 100001000100
2 100001000100
2 100001000100

3 100001000100
3 100001000100
3 100001000100
3 100001000100
3 100001000100
3 100001000100
3 100001000100
3 100001000100
3 100001000100
3 100001000100
3 100001000100
3 100001000100
3 100001000100
3 100001000100
3 100001000100
3 100001000100

4 100010010000
4 100010010000
5 100010010000
5 100010010000
7 100010010000
7 100010010000
7 100010010000
7 100010010000
7 100010010000
7 100010010000
7 100010010000
7 100010010000
7 100010010000
7 100010010000
7 100010010000
7 100010010000

12 100010010000
12 100010010000
12 100010010000
12 100010010000
12 100010010000
12 100010010000
12 100010010000
12 100010010000
12 100010010000
12 100010010000
12 100010010000
12 100010010000
0 100010010000
2 100010010000
2 100010010000
5 100010010000

0 100001000100
2 100001000100
0 100001000100
9 100001000100
9 100001000100
9 100001000100
9 100001000100
9 100001000100
9 100001000100
9 100001000100
9 100001000100
9 100001000100
0 100001000100
0 100001000100
2 100001000100
2 100001000100

7 100010010000
7 100010010000
7 100010010000
7 100010010000
7 100010010000
7 100010010000
7 100010010000
7 100010010000
7 100010010000
7 100010010000
7 100010010000
7 100010010000
7 100010010000
7 100010010000
9 100010010000
9 100010010000

10 100010010000
10 100010010000
10 100010010000
10 100010010000
5 100010010000
5 100010010000
5 100010010000
5 100010010000
5 100010010000
5 100010010000
5 100010010000
5 100010010000
4 100010010000
4 100010010000
0 100010010000
0 100010010000

2 100001000100
2 100001000100
0 100001000100
10 100001000100
9 100001000100
9 100001000100
9 100001000100
9 100001000100
9 100001000100
9 100001000100
9 100001000100
9 100001000100
9 100001000100
9 100001000100
0 100001000100
0 100001000100

2 001001000010
2 001001000010
2 001001000010
2 001001000010
2 001001000010
2 001001000010
2 001001000010
2 001001000010
7 001001000010
5 001001000010
5 001001000010
4 001001000010
4 001001000010
5 001001000010
2 001001000010
2 001001000010

0 100001000100
0 100001000100
0 100001000100
0 100001000100
0 100001000100
0 100001000100
0 100001000100
0 100001000100
5 100001000100
5 100001000100
7 100001000100
7 100001000100
9 100001000100
9 100001000100
2 100001000100
2 100001000100

0 100010010000
0 100010010000
0 100010010000
0 100010010000
0 100010010000
0 100010010000
0 100010010000
0 100010010000
10 100010010000
10 100010010000
9 100010010000
9 100010010000
9 100010010000
9 100010010000
4 100010010000
4 100010010000

12 100001000100
12 100001000100
5 100001000100
5 100001000100
7 100001000100
7 100001000100
9 100001000100
9 100001000100
0 100001000100
0 100001000100
0 100001000100
0 100001000100
4 100001000100
4 100001000100
5 100001000100
5 100001000100

8 100001000100
8 100001000100
9 100001000100
9 100001000100
0 100001000100
0 100001000100
0 100001000100
0 100001000100
5 100001000100
5 100001000100
5 100001000100
5 100001000100
5 100001000100
5 100001000100
5 100001000100
5 100001000100

5 100001000100
5 100001000100
5 100001000100
5 100001000100
5 100001000100
5 100001000100
5 100001000100
5 100001000100
9 100001000100
9 100001000100
9 100001000100
9 100001000100
0 100001000100
0 100001000100
0 100001000100
0 100001000100

7 000100010010
5 000100010010
7 000100010010
7 000100010010
5 000100010010
5 000100010010
5 000100010010
5 000100010010
5 000100010010
5 000100010010
5 000100010010
5 000100010010
5 000100010010
5 000100010010
5 000100010010
5 000100010010

7 001001000010
5 001001000010
7 001001000010
7 001001000010
5 001001000010
5 001001000010
5 001001000010
5 001001000010
5 001001000010
5 001001000010
5 001001000010
5 001001000010
3 001001000010
2 001001000010
2 001001000010
0 001001000010

12 100001000100
12 100001000100
12 100001000100
12 100001000100
12 100001000100
12 100001000100
12 100001000100
12 100001000100
12 100001000100
12 100001000100
12 100001000100
12 100001000100
12 100001000100
12 100001000100
12 100001000100
12 100001000100

5 100001000100
5 100001000100
5 100001000100
5 100001000100
5 100001000100
5 100001000100
5 100001000100
5 100001000100
9 100001000100
9 100001000100
9 100001000100
9 100001000100
0 100001000100
0 100001000100
0 100001000100
0 100001000100

7 000100010010
5 000100010010
7 000100010010
7 000100010010
5 000100010010
5 000100010010
5 000100010010
5 000100010010
5 000100010010
5 000100010010
5 000100010010
5 000100010010
5 000100010010
5 000100010010
5 000100010010
5 000100010010

7 001001000010
5 001001000010
7 001001000010
7 001001000010
5 001001000010
5 001001000010
5 001001000010
5 001001000010
5 001001000010
5 001001000010
5 001001000010
5 001001000010
3 001001000010
2 001001000010
2 001001000010
0 001001000010

12 100001000100
12 100001000100
12 100001000100
12 100001000100
12 100001000100
12 100001000100
12 100001000100
12 100001000100
12 100001000100
12 100001000100
12 100001000100
12 100001000100
12 100001000100
12 100001000100
12 100001000100
12 100001000100

5 100001000100
5 100001000100
5 100001000100
5 100001000100
5 100001000100
5 100001000100
5 100001000100
5 100001000100
9 100001000100
9 100001000100
9 100001000100
9 100001000100
0 100001000100
0 100001000100
0 100001000100
0 100001000100

7 000100010010
5 000100010010
7 000100010010
7 000100010010
5 000100010010
5 000100010010
5 000100010010
5 000100010010
5 000100010010
5 000100010010
5 000100010010
5 000100010010
5 000100010010
5 000100010010
5 000100010010
5 000100010010

7 001001000010
5 001001000010
7 001001000010
7 001001000010
5 001001000010
5 001001000010
5 001001000010
5 001001000010
5 001001000010
5 001001000010
5 001001000010
5 001001000010
3 001001000010
2 001001000010
2 001001000010
0 001001000010

12 100001000100
12 100001000100
12 100001000100
12 100001000100
12 100001000100
12 100001000100
12 100001000100
12 100001000100
12 100001000100
12 100001000100
12 100001000100
12 100001000100
12 100001000100
12 100001000100
12 100001000100
12 100001000100

5 100001000100
5 100001000100
5 100001000100
5 100001000100
5 100001000100
5 100001000100
5 100001000100
5 100001000100
9 100001000100
9 100001000100
9 100001000100
9 100001000100
0 100001000100
0 100001000100
0 100001000100
0 100001000100

7 000100010010
5 000100010010
7 000100010010
7 000100010010
5 000100010010
5 000100010010
5 000100010010
5 000100010010
5 000100010010
5 000100010010
5 000100010010
5 000100010010
5 000100010010
5 000100010010
5 000100010010
5 000100010010

7 001001000010
5 001001000010
7 001001000010
7 001001000010
5 001001000010
5 001001000010
5 001001000010
5 001001000010
5 001001000010
5 001001000010
5 001001000010
5 001001000010
3 001001000010
2 001001000010
2 001001000010
0 001001000010

12 100001000100
12 100001000100
12 100001000100
12 100001000100
12 100001000100
12 100001000100
12 100001000100
12 100001000100
12 100001000100
12 100001000100
12 100001000100
12 100001000100
12 100001000100
12 100001000100
12 100001000100
12 100001000100

5 100001000100
5 100001000100
5 100001000100
5 100001000100
5 100001000100
5 100001000100
5 100001000100
5 100001000100
9 100001000100
9 100001000100
9 100001000100
9 100001000100
0 100001000100
0 100001000100
0 100001000100
0 100001000100

7 000100010010
5 000100010010
7 000100010010
7 000100010010
5 000100010010
5 000100010010
5 000100010010
5 000100010010
5 000100010010
5 000100010010
5 000100010010
5 000100010010
5 000100010010
5 000100010010
5 000100010010
5 000100010010

7 001001000010
5 001001000010
7 001001000010
7 001001000010
5 001001000010
5 001001000010
5 001001000010
5 001001000010
5 001001000010
5 001001000010
5 001001000010
5 001001000010
3 001001000010
2 001001000010
2 001001000010
0 001001000010

12 100001000100
12 100001000100
12 100001000100
12 100001000100
12 100001000100
12 100001000100
12 100001000100
12 100001000100
12 100001000100
12 100001000100
12 100001000100
12 100001000100
12 100001000100
12 100001000100
12 100001000100
12 100001000100

5 100001000100
5 100001000100
5 100001000100
5 100001000100
5 100001000100
5 100001000100
5 100001000100
5 100001000100
9 100001000100
9 100001000100
9 100001000100
9 100001000100
0 100001000100
0 100001000100
0 100001000100
0 100001000100

7 000100010010
5 000100010010
7 000100010010
7 000100010010
5 000100010010
5 000100010010
5 000100010010
5 000100010010
5 000100010010
5 000100010010
5 000100010010
5 000100010010
5 000100010010
5 000100010010
5 000100010010
5 000100010010

7 001001000010
5 001001000010
7 001001000010
7 001001000010
5 001001000010
5 001001000010
5 001001000010
5 001001000010
5 001001000010
5 001001000010
5 001001000010
5 001001000010
3 001001000010
2 001001000010
2 001001000010
0 001001000010

12 100001000100
12 100001000100
12 100001000100
12 100001000100
12 100001000100
12 100001000100
12 100001000100
12 100001000100
12 100001000100
12 100001000100
12 100001000100
12 100001000100
12 100001000100
12 100001000100
12 100001000100
12 100001000100

5 100001000100
5 100001000100
5 100001000100
5 100001000100
5 100001000100
5 100001000100
5 100001000100
5 100001000100
9 100001000100
9 100001000100
9 100001000100
9 100001000100
0 100001000100
0 100001000100
0 100001000100
0 100001000100

7 000100010010
5 000100010010
7 000100010010
7 000100010010
5 000100010010
5 000100010010
5 000100010010
5 000100010010
5 000100010010
5 000100010010
5 000100010010
5 000100010010
5 000100010010
5 000100010010
5 000100010010
5 000100010010

7 001001000010
5 001001000010
7 001001000010
7 001001000010
5 001001000010
5 001001000010
5 001001000010
5 001001000010
5 001001000010
5 001001000010
5 001001000010
5 001001000010
3 001001000010
2 001001000010
2 001001000010
0 001001000010

12 100001000100
12 100001000100
12 100001000100
12 100001000100
12 100001000100
12 100001000100
12 100001000100
12 100001000100
12 100001000100
12 100001000100
12 100001000100
12 100001000100
12 100001000100
12 100001000100
12 100001000100
12 100001000100

5 100001000100
5 100001000100
5 100001000100
5 100001000100
5 100001000100
5 100001000100
5 100001000100
5 100001000100
9 100001000100
9 100001000100
9 100001000100
9 100001000100
0 100001000100
0 100001000100
0 100001000100
0 100001000100

7 000100010010
5 000100010010
7 000100010010
7 000100010010
5 000100010010
5 000100010010
5 000100010010
5 000100010010
5 000100010010
5 000100010010
5 000100010010
5 000100010010
5 000100010010
5 000100010010
5 000100010010
5 000100010010

7 001001000010
5 001001000010
7 001001000010
7 001001000010
5 001001000010
5 001001000010
5 001001000010
5 001001000010
5 001001000010
5 001001000010
5 001001000010
5 001001000010
3 001001000010
2 001001000010
2 001001000010
0 001001000010

12 100001000100
12 100001000100
12 100001000100
12 100001000100
12 100001000100
12 100001000100
12 100001000100
12 100001000100
12 100001000100
12 100001000100
12 100001000100
12 100001000100
12 100001000100
12 100001000100
12 100001000100
12 100001000100

5 100001000100
5 100001000100
5 100001000100
5 100001000100
5 100001000100
5 100001000100
5 100001000100
5 100001000100
9 100001000100
9 100001000100
9 100001000100
9 100001000100
0 100001000100
0 100001000100
0 100001000100
0 100001000100

7 000100010010
5 000100010010
7 000100010010
7 000100010010
5 000100010010
5 000100010010
5 000100010010
5 000100010010
5 000100010010
5 000100010010
5 000100010010
5 000100010010
5 000100010010
5 000100010010
5 000100010010
5 000100010010

7 001001000010
5 001001000010
7 001001000010
7 001001000010
5 001001000010
5 001001000010
5 001001000010
5 001001000010
5 001001000010
5 001001000010
5 001001000010
5 001001000010
3 001001000010
2 001001000010
2 001001000010
0 001001000010

12 100001000100
12 100001000100
12 100001000100
12 100001000100
12 100001000100
12 100001000100
12 100001000100
12 100001000100
12 100001000100
12 100001000100
12 100001000100
12 100001000100
12 100001000100
12 100001000100
12 100001000100
12 100001000100

5 100001000100
5 100001000100
5 100001000100
5 100001000100
5 100001000100
5 100001000100
5 100001000100
5 100001000100
9 100001000100
9 100001000100
9 100001000100
9 100001000100
0 100001000100
0 100001000100
0 100001000100
0 100001000100

7 000100010010
5 000100010010
7 000100010010
7 000100010010
5 000100010010
5 000100010010
5 000100010010
5 000100010010
5 000100010010
5 000100010010
5 000100010010
5 000100010010
5 000100010010
5 000100010010
5 000100010010
5 000100010010

7 001001000010
5 001001000010
7 001001000010
7 001001000010
5 001001000010
5 001001000010
5 001001000010
5 001001000010
5 001001000010
5 001001000010
5 001001000010
5 001001000010
3 001001000010
2 001001000010
2 001001000010
0 001001000010

12 100001000100
12 100001000100
12 100001000100
12 100001000100
12 100001000100
12 100001000100
12 100001000100
12 100001000100
12 100001000100
12 100001000100
12 100001000100
12 100001000100
12 100001000100
12 100001000100
12 100001000100
12 100001000100

5 100001000100
5 100001000100
5 100001000100
5 100001000100
5 100001000100
5 100001000100
5 100001000100
5 100001000100
9 100001000100
9 100001000100
9 100001000100
9 100001000100
0 100001000100
0 100001000100
0 100001000100
0 100001000100

7 000100010010
5 000100010010
7 000100010010
7 000100010010
5 000100010010
5 000100010010
5 000100010010
5 000100010010
5 000100010010
5 000100010010
5 000100010010
5 000100010010
5 000100010010
5 000100010010
5 000100010010
5 000100010010

7 001001000010
5 001001000010
7 001001000010
7 001001000010
5 001001000010
5 001001000010
5 001001000010
5 001001000010
5 001001000010
5 001001000010
5 001001000010
5 001001000010
3 001001000010
2 001001000010
2 001001000010
0 001001000010

12 100001000100
12 100001000100
12 100001000100
12 100001000100
12 100001000100
12 100001000100
12 100001000100
12 100001000100
12 100001000100
12 100001000100
12 100001000100
12 100001000100
12 100001000100
12 100001000100
12 100001000100
12 100001000100

5 100001000100
5 100001000100
5 100001000100
5 100001000100
5 100001000100
5 100001000100
5 100001000100
5 100001000100
9 100001000100
9 100001000100
9 100001000100
9 100001000100
0 100001000100
0 100001000100
0 100001000100
0 100001000100

7 000100010010
5 000100010010
7 000100010010
7 000100010010
5 000100010010
5 000100010010
5 000100010010
5 000100010010
5 000100010010
5 000100010010
5 000100010010
5 000100010010
5 000100010010
5 000100010010
5 000100010010
5 000100010010

7 001001000010
5 001001000010
7 001001000010
7 001001000010
5 001001000010
5 001001000010
5 001001000010
5 001001000010
5 001001000010
5 001001000010
5 001001000010
5 001001000010
3 001001000010
2 001001000010
2 001001000010
0 001001000010

12 100001000100
12 100001000100
12 100001000100
12 100001000100
12 100001000100
12 100001000100
12 100001000100
12 100001000100
12 100001000100
12 100001000100
12 100001000100
12 100001000100
12 100001000100
12 100001000100
12 100001000100
12 100001000100

5 100001000100
5 100001000100
5 100001000100
5 100001000100
5 100001000100
5 100001000100
5 100001000100
5 100001000100
9 100001000100
9 100001000100
9 100001000100
9 100001000100
0 100001000100
0 100001000100
0 100001000100
0 100001000100

7 000100010010
5 000100010010
7 000100010010
7 000100010010
5 000100010010
5 000100010010
5 000100010010
5 000100010010
5 000100010010
5 000100010010
5 000100010010
5 000100010010
5 000100010010
5 000100010010
5 000100010010
5 000100010010

7 001001000010
5 001001000010
7 001001000010
7 001001000010
5 001001000010
5 001001000010
5 001001000010
5 001001000010
5 001001000010
5 001001000010
5 001001000010
5 001001000010
3 001001000010
2 001001000010
2 001001000010
0 001001000010

12 100001000100
12 100001000100
12 100001000100
12 100001000100
12 100001000100
12 100001000100
12 100001000100
12 100001000100
12 100001000100
12 100001000100
12 100001000100
12 100001000100
12 100001000100
12 100001000100
12 100001000100
12 100001000100

5 100001000100
5 100001000100
5 100001000100
5 100001000100
5 100001000100
5 100001000100
5 100001000100
5 100001000100
9 100001000100
9 100001000100
9 100001000100
9 100001000100
0 100001000100
0 100001000100
0 100001000100
0 100001000100

7 000100010010
5 000100010010
7 000100010010
7 000100010010
5 000100010010
5 000100010010
5 000100010010
5 000100010010
5 000100010010
5 000100010010
5 000100010010
5 000100010010
5 000100010010
5 000100010010
5 000100010010
5 000100010010

7 001001000010
5 001001000010
7 001001000010
7 001001000010
5 001001000010
5 001001000010
5 001001000010
5 001001000010
5 001001000010
5 001001000010
5 001001000010
5 001001000010
3 001001000010
2 001001000010
2 001001000010
0 001001000010

12 100001000100
12 100001000100
12 100001000100
12 100001000100
12 100001000100
12 100001000100
12 100001000100
12 100001000100
12 100001000100
12 100001000100
12 100001000100
12 100001000100
12 100001000100
12 100001000100
12 100001000100
12 100001000100

5 100001000100
5 100001000100
5 100001000100
5 100001000100
5 100001000100
5 100001000100
5 100001000100
5 100001000100
9 100001000100
9 100001000100
9 100001000100
9 100001000100
0 100001000100
0 100001000100
0 100001000100
0 100001000100

7 000100010010
5 000100010010
7 000100010010
7 000100010010
5 000100010010
5 000100010010
5 000100010010
5 000100010010
5 000100010010
5 000100010010
5 000100010010
5 000100010010
5 000100010010
5 000100010010
5 000100010010
5 000100010010

7 001001000010
5 001001000010
7 001001000010
7 001001000010
5 001001000010
5 001001000010
5 001001000010
5 001001000010
5 001001000010
5 001001000010
5 001001000010
5 001001000010
3 001001000010
2 001001000010
2 001001000010
0 001001000010

12 100001000100
12 100001000100
12 100001000100
12 100001000100
12 100001000100
12 100001000100
12 100001000100
12 100001000100
12 100001000100
12 100001000100
12 100001000100
12 100001000100
12 100001000100
12 100001000100
12 100001000100
12 100001000100

5 100001000100
5 100001000100
5 100001000100
5 100001000100
5 100001000100
5 100001000100
5 100001000100
5 100001000100
9 100001000100
9 100001000100
9 100001000100
9 100001000100
0 100001000100
0 100001000100
0 100001000100
0 100001000100

7 000100010010
5 000100010010
7 000100010010
7 000100010010
5 000100010010
5 000100010010
5 000100010010
5 000100010010
5 000100010010
5 000100010010
5 000100010010
5 000100010010
5 000100010010
5 000100010010
5 000100010010
5 000100010010

7 001001000010
5 001001000010
7 001001000010
7 001001000010
5 001001000010
5 001001000010
5 001001000010
5 001001000010
5 001001000010
5 001001000010
5 001001000010
5 001001000010
3 001001000010
2 001001000010
2 001001000010
0 001001000010

12 100001000100
12 100001000100
12 100001000100
12 100001000100
12 100001000100
12 100001000100
12 100001000100
12 100001000100
12 100001000100
12 100001000100
12 100001000100
12 100001000100
12 100001000100
12 100001000100
12 100001000100
12 100001000100

5 100001000100
5 100001000100
5 100001000100
5 100001000100
5 100001000100
5 100001000100
5 100001000100
5 100001000100
9 100001000100
9 100001000100
9 100001000100
9 100001000100
0 100001000100
0 100001000100
0 100001000100
0 100001000100

7 000100010010
5 000100010010
7 000100010010
7 000100010010
5 000100010010
5 000100010010
5 000100010010
5 000100010010
5 000100010010
5 000100010010
5 000100010010
5 000100010010
5 000100010010
5 000100010010
5 000100010010
5 000100010010

7 001001000010
5 001001000010
7 001001000010
7 001001000010
5 001001000010
5 001001000010
5 001001000010
5 001001000010
5 001001000010
5 001001000010
5 001001000010
5 001001000010
3 001001000010
2 001001000010
2 001001000010
0 001001000010

12 100001000100
12 100001000100
12 100001000100
12 100001000100
12 100001000100
12 100001000100
12 100001000100
12 100001000100
12 100001000100
12 100001000100
12 100001000100
12 100001000100
12 100001000100
12 100001000100
12 100001000100
12 100001000100

5 100001000100
5 100001000100
5 100001000100
5 100001000100
5 100001000100
5 100001000100
5 100001000100
5 100001000100
9 100001000100
9 100001000100
9 100001000100
9 100001000100
0 100001000100
0 100001000100
0 100001000100
0 100001000100

7 000100010010
5 000100010010
7 000100010010
7 000100010010
5 000100010010
5 000100010010
5 000100010010
5 000100010010
5 000100010010
5 000100010010
5 000100010010
5 000100010010
5 000100010010
5 000100010010
5 000100010010
5 000100010010

7 001001000010
5 001001000010
7 001001000010
7 001001000010
5 001001000010
5 001001000010
5 001001000010
5 001001000010
5 001001000010
5 001001000010
5 001001000010
5 001001000010
3 001001000010
2 001001000010
2 001001000010
0 001001000010

12 100001000100
12 100001000100
12 100001000100
12 100001000100
12 100001000100
12 100001000100
12 100001000100
12 100001000100
12 100001000100
12 100001000100
12 100001000100
12 100001000100
12 100001000100
12 100001000100
12 100001000100
12 100001000100

