12 000100010010
12 000100010010
12 000100010010
12 000100010010
12 000100010010
12 000100010010
12 000100010010
12 000100010010
12 001001010010
12 001001010010
12 001001010010
12 001001010010
12 001001010010
12 001001010010
12 001001010010
12 001001010010

12 001001010010
12 001001010010
12 001001010010
12 001001010010
12 001001010010
12 001001010010
12 001001010010
12 001001010010
12 000100010010
12 000100010010
12 000100010010
12 000100010010
12 000100010010
12 000100010010
12 000100010010
12 000100010010

12 000100010010
12 000100010010
12 000100010010
12 000100010010
12 000100010010
12 000100010010
12 000100010010
12 000100010010
12 001001000010
12 001001000010
12 001001000010
12 001001000010
12 001001000010
12 001001000010
12 001001000010
12 001001000010

12 001000010010
12 001000010010
12 001000010010
12 001000010010
12 001000010010
12 001000010010
12 001000010010
12 001000010010
12 100100010000
12 100100010000
12 100100010000
12 100100010000
12 100100010000
12 100100010000
12 100100010000
12 100100010000

12 000100010010
12 000100010010
12 000100010010
12 000100010010
12 000100010010
12 000100010010
12 000100010010
12 000100010010
12 001001010010
12 001001010010
12 001001010010
12 001001010010
12 001001010010
12 001001010010
12 001001010010
12 001001010010

12 001001010010
12 001001010010
12 001001010010
12 001001010010
12 001001010010
12 001001010010
12 001001010010
12 001001010010
12 000100010010
12 000100010010
12 000100010010
12 000100010010
12 000100010010
12 000100010010
12 000100010010
12 000100010010

12 000100010010
12 000100010010
12 000100010010
12 000100010010
12 000100010010
12 000100010010
12 000100010010
12 000100010010
12 001001000010
12 001001000010
12 001001000010
12 001001000010
12 001001000010
12 001001000010
12 001001000010
12 001001000010

12 100100010000
12 100100010000
12 100100010000
12 100100010000
12 100100010000
12 100100010000
12 100100010000
12 100100010000
12 100100010000
12 100100010000
12 100100010000
12 100100010000
12 100100010000
12 100100010000
12 100100010000
12 100100010000

7 000100010010
7 000100010010
5 000100010010
5 000100010010
2 000100010010
0 000100010010
2 000100010010
0 000100010010
0 001001010010
0 001001010010
0 001001010010
0 001001010010
0 001001010010
0 001001010010
0 001001010010
0 001001010010

0 001001010010
0 001001010010
2 001001010010
2 001001010010
2 001001010010
2 001001010010
2 001001010010
10 001001010010
7 000100010010
7 000100010010
7 000100010010
7 000100010010
7 000100010010
7 000100010010
7 000100010010
7 000100010010

7 000100010010
7 000100010010
10 000100010010
10 000100010010
5 000100010010
5 000100010010
5 000100010010
5 000100010010
5 001001000010
5 001001000010
5 001001000010
7 001001000010
7 001001000010
7 001001000010
7 001001000010
7 001001000010

2 001000010010
1 001000010010
1 001000010010
0 001000010010
10 001000010010
0 001000010010
0 001000010010
0 001000010010
0 100100010000
0 100100010000
0 100100010000
0 100100010000
0 100100010000
0 100100010000
0 100100010000
0 100100010000

7 000100010010
7 000100010010
5 000100010010
5 000100010010
2 000100010010
2 000100010010
2 000100010010
0 000100010010
0 001001010010
0 001001010010
0 001001010010
0 001001010010
0 001001010010
0 001001010010
0 001001010010
0 001001010010

0 001001010010
0 001001010010
2 001001010010
10 001001010010
10 001001010010
10 001001010010
7 001001010010
7 001001010010
7 000100010010
7 000100010010
7 000100010010
7 000100010010
7 000100010010
7 000100010010
7 000100010010
7 000100010010

7 000100010010
7 000100010010
10 000100010010
10 000100010010
5 000100010010
5 000100010010
5 000100010010
5 000100010010
5 001001000010
5 001001000010
7 001001000010
7 001001000010
7 001001000010
7 001001000010
7 001001000010
7 001001000010

2 001000010010
2 001000010010
1 001000010010
0 001000010010
0 001000010010
10 001000010010
0 001000010010
0 001000010010
0 100100010000
0 100100010000
0 100100010000
2 100100010000
2 100100010000
2 100100010000
2 100100010000
2 100100010000

12 100100010000
12 100100010000
12 100100010000
12 100100010000
2 100100010000
2 100100010000
2 100100010000
2 100100010000
2 100100010000
2 100100010000
0 100100010000
0 100100010000
0 100100010000
0 100100010000
10 100100010000
10 100100010000

2 001001000010
2 001001000010
2 001001000010
2 001001000010
2 001001000010
2 001001000010
2 001001000010
2 001001000010
2 001001000010
0 001001000010
10 001001000010
7 001001000010
5 001001000010
5 001001000010
5 001001000010
5 001001000010

5 100001000100
5 100001000100
5 100001000100
5 100001000100
5 100001000100
5 100001000100
5 100001000100
5 100001000100
5 100001000100
5 100001000100
5 100001000100
5 100001000100
10 001001000010
9 001001000010
9 001001000010
9 001001000010

7 000100010010
7 000100010010
7 000100010010
7 000100010010
5 000100010010
2 000100010010
5 000100010010
2 000100010010
2 001001000010
2 001001000010
2 001001000010
2 001001000010
2 001001000010
0 001001000010
10 001001000010
0 001001000010

10 000100010010
10 000100010010
10 000100010010
10 000100010010
10 000100010010
10 000100010010
10 000100010010
10 000100010010
10 000100010010
10 000100010010
10 000100010010
10 000100010010
10 000100010010
9 000100010010
9 000100010010
9 000100010010

7 000100010010
7 000100010010
7 000100010010
2 000100010010
5 000100010010
5 000100010010
5 000100010010
5 000100010010
5 001001000010
5 001001000010
2 001001000010
2 001001000010
0 001001000010
10 001001000010
10 001001000010
10 001001000010

2 001001000010
5 001001000010
5 001001000010
5 001001000010
5 001001000010
2 001001000010
7 001001000010
7 001001000010
7 000100010010
7 000100010010
7 000100010010
7 000100010010
7 000100010010
7 000100010010
7 000100010010
7 000100010010

10 001000010010
10 001000010010
9 001000010010
5 001000010010
5 001000010010
5 001000010010
2 001000010010
2 001000010010
2 000100010010
0 000100010010
10 000100010010
10 000100010010
10 000100010010
10 000100010010
10 000100010010
10 000100010010

7 100001000100
7 100001000100
5 100001000100
5 100001000100
5 100001000100
5 100001000100
2 100001000100
2 100001000100
0 001000010010
10 001000010010
10 001000010010
10 001000010010
10 001000010010
10 001000010010
7 001000010010
9 001000010010

10 001000010010
10 001000010010
9 001000010010
5 001000010010
5 001000010010
5 001000010010
2 001000010010
2 001000010010
0 000100010010
10 000100010010
10 000100010010
10 000100010010
10 000100010010
10 000100010010
10 000100010010
10 000100010010

7 100001000100
7 100001000100
5 100001000100
5 100001000100
5 100001000100
5 100001000100
2 100001000100
2 100001000100
2 001000010010
0 001000010010
10 001000010010
10 001000010010
10 001000010010
10 001000010010
10 001000010010
7 001000010010

2 100100010010
2 100100010010
0 100100010010
0 100100010010
0 100100010010
0 100100010010
0 100100010010
0 100100010010
0 100100010010
0 100100010010
0 100100010010
0 100100010010
7 100100010010
7 100100010010
7 100100010010
2 100100010010

2 100001000100
0 100001000100
0 100001000100
0 100001000100
0 100001000100
0 100001000100
0 100001000100
0 100001000100
0 100001000100
0 100001000100
0 100001000100
5 100001000100
7 100001000100
9 100001000100
9 100001000100
9 100001000100

10 000100010010
10 000100010010
10 000100010010
10 000100010010
9 000100010010
5 000100010010
5 000100010010
5 000100010010
2 001001000010
2 001001000010
2 001001000010
2 001001000010
2 001001000010
2 001001000010
2 001001000010
2 001001000010

12 000100010010
12 000100010010
12 000100010010
12 000100010010
12 000100010010
12 000100010010
12 000100010010
12 000100010010
12 000100010010
12 000100010010
12 000100010010
12 000100010010
7 000100010010
2 000100010010
2 000100010010
2 000100010010

2 000100010010
2 000100010010
2 000100010010
2 000100010010
2 000100010010
2 000100010010
2 000100010010
2 000100010010
2 001001010010
2 001001010010
2 001001010010
2 001001010010
2 001001010010
2 001001010010
2 001001010010
2 001001010010

12 001001010010
12 001001010010
12 001001010010
12 001001010010
12 001001010010
12 001001010010
0 001001010010
10 001001010010
7 000100010010
7 000100010010
7 000100010010
7 000100010010
7 000100010010
7 000100010010
7 000100010010
7 000100010010

12 000100010010
12 000100010010
12 000100010010
12 000100010010
12 000100010010
12 000100010010
12 000100010010
12 000100010010
12 001001000010
12 001001000010
12 001001000010
12 001001000010
12 001001000010
12 001001000010
12 001001000010
12 001001000010

12 100100010000
12 100100010000
12 100100010000
12 100100010000
12 100100010000
12 100100010000
12 100100010000
12 100100010000
12 100100010000
12 100100010000
12 100100010000
12 100100010000
12 100100010000
12 100100010000
12 100100010000
12 100100010000

7 000100010010
7 000100010010
5 000100010010
5 000100010010
2 000100010010
0 000100010010
2 000100010010
0 000100010010
0 001001010010
0 001001010010
0 001001010010
0 001001010010
0 001001010010
0 001001010010
0 001001010010
0 001001010010

0 001001010010
0 001001010010
2 001001010010
2 001001010010
10 001001010010
10 001001010010
10 001001010010
7 001001010010
7 000100010010
7 000100010010
7 000100010010
7 000100010010
7 000100010010
7 000100010010
7 000100010010
5 000100010010

7 000100010010
7 000100010010
10 000100010010
10 000100010010
5 000100010010
5 000100010010
5 000100010010
5 000100010010
5 001001000010
5 001001000010
5 001001000010
7 001001000010
7 001001000010
7 001001000010
7 001001000010
7 001001000010

2 001000010010
2 001000010010
1 001000010010
0 001000010010
0 001000010010
10 001000010010
0 001000010010
0 001000010010
0 100100010000
0 100100010000
0 100100010000
0 100100010000
0 100100010000
0 100100010000
0 100100010000
0 100100010000

7 000100010010
7 000100010010
5 000100010010
5 000100010010
2 000100010010
2 000100010010
2 000100010010
0 000100010010
0 001001010010
0 001001010010
0 001001010010
0 001001010010
0 001001010010
0 001001010010
0 001001010010
10 001001010010

0 001001010010
0 001001010010
2 001001010010
2 001001010010
10 001001010010
10 001001010010
7 001001010010
7 001001010010
7 000100010010
7 000100010010
7 000100010010
7 000100010010
7 000100010010
7 000100010010
7 000100010010
5 000100010010

7 000100010010
7 000100010010
10 000100010010
10 000100010010
5 000100010010
5 000100010010
5 000100010010
5 000100010010
5 001001000010
5 001001000010
7 001001000010
7 001001000010
7 001001000010
7 001001000010
7 001001000010
10 001001000010

1 001000010010
1 001000010010
0 001000010010
0 001000010010
10 001000010010
10 001000010010
0 001000010010
0 001000010010
0 100100010000
0 100100010000
0 100100010000
0 100100010000
0 100100010000
0 100100010000
0 100100010000
0 100100010000

12 100100010000
12 100100010000
12 100100010000
5 100100010000
7 100100010000
9 100100010000
9 100100010000
9 100100010000
10 100100010000
10 100100010000
10 100100010000
10 100100010000
10 100100010000
10 100100010000
7 100100010000
5 100100010000

12 001001000010
12 001001000010
12 001001000010
12 001001000010
12 001001000010
12 001001000010
12 001001000010
12 001001000010
12 001001000010
12 001001000010
12 001001000010
12 001001000010
12 001001000010
12 001001000010
12 001001000010
12 001001000010

12 100001000100
12 100001000100
12 100001000100
12 100001000100
12 100001000100
12 100001000100
12 100001000100
12 100001000100
12 001001000010
12 001001000010
12 001001000010
10 001001000010
10 001001000010
9 001001000010
9 001001000010
9 001001000010

7 000100010010
7 000100010010
7 000100010010
2 000100010010
5 000100010010
2 000100010010
5 000100010010
5 000100010010
2 001001000010
2 001001000010
2 001001000010
2 001001000010
2 001001000010
0 001001000010
0 001001000010
0 001001000010

10 000100010010
10 000100010010
10 000100010010
10 000100010010
10 000100010010
10 000100010010
10 000100010010
10 000100010010
10 000100010010
10 000100010010
10 000100010010
10 000100010010
10 000100010010
9 000100010010
9 000100010010
9 000100010010

7 000100010010
7 000100010010
7 000100010010
2 000100010010
5 000100010010
5 000100010010
5 000100010010
5 000100010010
5 001001000010
5 001001000010
2 001001000010
2 001001000010
0 001001000010
10 001001000010
10 001001000010
10 001001000010

2 001001000010
5 001001000010
5 001001000010
5 001001000010
5 001001000010
2 001001000010
7 001001000010
7 001001000010
7 000100010010
7 000100010010
7 000100010010
7 000100010010
9 000100010010
9 000100010010
9 000100010010
9 000100010010

10 001000010010
10 001000010010
9 001000010010
5 001000010010
5 001000010010
5 001000010010
2 001000010010
2 001000010010
2 000100010010
0 000100010010
10 000100010010
10 000100010010
10 000100010010
10 000100010010
10 000100010010
10 000100010010

7 100001000100
7 100001000100
5 100001000100
5 100001000100
5 100001000100
5 100001000100
2 100001000100
2 100001000100
0 001000010010
10 001000010010
10 001000010010
10 001000010010
10 001000010010
10 001000010010
7 001000010010
9 001000010010

10 001000010010
10 001000010010
9 001000010010
5 001000010010
5 001000010010
5 001000010010
2 001000010010
2 001000010010
0 000100010010
10 000100010010
10 000100010010
10 000100010010
10 000100010010
10 000100010010
10 000100010010
10 000100010010

7 100001000100
7 100001000100
5 100001000100
5 100001000100
5 100001000100
5 100001000100
2 100001000100
2 100001000100
2 001000010010
0 001000010010
10 001000010010
10 001000010010
10 001000010010
10 001000010010
10 001000010010
7 001000010010

2 100100010010
2 100100010010
0 100100010010
0 100100010010
0 100100010010
0 100100010010
0 100100010010
0 100100010010
0 100100010010
0 100100010010
0 100100010010
0 100100010010
7 100100010010
7 100100010010
7 100100010010
2 100100010010

2 100001000100
0 100001000100
0 100001000100
0 100001000100
0 100001000100
0 100001000100
0 100001000100
0 100001000100
0 100001000100
0 100001000100
0 100001000100
5 100001000100
7 100001000100
9 100001000100
9 100001000100
9 100001000100

10 000100010010
10 000100010010
10 000100010010
10 000100010010
9 000100010010
5 000100010010
5 000100010010
5 000100010010
2 001001000010
2 001001000010
2 001001000010
2 001001000010
2 001001000010
2 001001000010
2 001001000010
2 001001000010

12 000100010010
12 000100010010
12 000100010010
12 000100010010
12 000100010010
12 000100010010
12 000100010010
12 000100010010
12 000100010010
12 000100010010
12 000100010010
12 000100010010
12 000100010010
7 000100010010
2 000100010010
2 000100010010

2 000100010010
2 000100010010
2 000100010010
2 000100010010
2 000100010010
2 000100010010
2 000100010010
2 000100010010
2 001001010010
2 001001010010
2 001001010010
2 001001010010
2 001001010010
2 001001010010
2 001001010010
2 001001010010

12 001001010010
12 001001010010
12 001001010010
12 001001010010
12 001001010010
12 001001010010
12 001001010010
12 001001010010
12 000100010010
12 000100010010
12 000100010010
12 000100010010
0 000100010010
10 000100010010
7 000100010010
10 000100010010

12 000100010010
12 000100010010
12 000100010010
12 000100010010
12 000100010010
12 000100010010
12 000100010010
12 000100010010
12 001001000010
12 001001000010
12 001001000010
12 001001000010
12 001001000010
12 001001000010
12 001001000010
12 001001000010

12 001000010010
12 001000010010
12 001000010010
12 001000010010
12 001000010010
12 001000010010
12 001000010010
12 001000010010
12 100100010000
12 100100010000
12 100100010000
12 100100010000
12 100100010000
12 100100010000
12 100100010000
12 100100010000

12 000100010010
12 000100010010
12 000100010010
12 000100010010
12 000100010010
12 000100010010
12 000100010010
12 000100010010
12 001001010010
12 001001010010
12 001001010010
12 001001010010
12 001001010010
12 001001010010
12 001001010010
12 001001010010

12 001001010010
12 001001010010
12 001001010010
12 001001010010
12 001001010010
12 001001010010
12 001001010010
12 001001010010
12 000100010010
12 000100010010
12 000100010010
12 000100010010
12 000100010010
12 000100010010
12 000100010010
12 000100010010

12 000100010010
12 000100010010
12 000100010010
12 000100010010
12 000100010010
12 000100010010
12 000100010010
12 000100010010
12 001001000010
12 001001000010
12 001001000010
12 001001000010
12 001001000010
12 001001000010
12 001001000010
12 001001000010

12 100100010000
12 100100010000
12 100100010000
12 100100010000
12 100100010000
12 100100010000
12 100100010000
12 100100010000
12 100100010000
12 100100010000
12 100100010000
12 100100010000
12 100100010000
12 100100010000
12 100100010000
12 100100010000

12 000100010010
12 000100010010
12 000100010010
12 000100010010
12 000100010010
12 000100010010
12 000100010010
12 000100010010
12 001001010010
12 001001010010
12 001001010010
12 001001010010
12 001001010010
12 001001010010
12 001001010010
12 001001010010

12 001001010010
12 001001010010
12 001001010010
12 001001010010
12 001001010010
12 001001010010
12 001001010010
12 001001010010
12 000100010010
12 000100010010
12 000100010010
12 000100010010
12 000100010010
12 000100010010
12 000100010010
12 000100010010

12 000100010010
12 000100010010
12 000100010010
12 000100010010
12 000100010010
12 000100010010
12 000100010010
12 000100010010
12 001001000010
12 001001000010
12 001001000010
12 001001000010
12 001001000010
12 001001000010
12 001001000010
12 001001000010

12 001000010010
12 001000010010
12 001000010010
12 001000010010
12 001000010010
12 001000010010
12 001000010010
12 001000010010
12 100100010000
12 100100010000
12 100100010000
12 100100010000
12 100100010000
12 100100010000
12 100100010000
12 100100010000

12 000100010010
12 000100010010
12 000100010010
12 000100010010
12 000100010010
12 000100010010
12 000100010010
12 000100010010
12 001001010010
12 001001010010
12 001001010010
12 001001010010
12 001001010010
12 001001010010
12 001001010010
12 001001010010

12 001001010010
12 001001010010
12 001001010010
12 001001010010
12 001001010010
12 001001010010
12 001001010010
12 001001010010
12 000100010010
12 000100010010
12 000100010010
12 000100010010
12 000100010010
12 000100010010
12 000100010010
12 000100010010

12 000100010010
12 000100010010
12 000100010010
12 000100010010
12 000100010010
12 000100010010
12 000100010010
12 000100010010
12 001001000010
12 001001000010
12 001001000010
12 001001000010
12 001001000010
12 001001000010
12 001001000010
12 001001000010

12 100100010000
12 100100010000
12 100100010000
12 100100010000
12 100100010000
12 100100010000
12 100100010000
12 100100010000
12 100100010000
12 100100010000
12 100100010000
12 100100010000
12 100100010000
12 100100010000
12 100100010000
12 100100010000

12 000100010010
12 000100010010
12 000100010010
12 000100010010
12 000100010010
12 000100010010
12 000100010010
12 000100010010
12 001001010010
12 001001010010
12 001001010010
12 001001010010
12 001001010010
12 001001010010
12 001001010010
12 001001010010

12 001001010010
12 001001010010
12 001001010010
12 001001010010
12 001001010010
12 001001010010
12 001001010010
12 001001010010
12 000100010010
12 000100010010
12 000100010010
12 000100010010
12 000100010010
12 000100010010
12 000100010010
12 000100010010

12 000100010010
12 000100010010
12 000100010010
12 000100010010
12 000100010010
12 000100010010
12 000100010010
12 000100010010
12 001001000010
12 001001000010
12 001001000010
12 001001000010
12 001001000010
12 001001000010
12 001001000010
12 001001000010

12 001000010010
12 001000010010
12 001000010010
12 001000010010
12 001000010010
12 001000010010
12 001000010010
12 001000010010
12 100100010000
12 100100010000
12 100100010000
12 100100010000
12 100100010000
12 100100010000
12 100100010000
12 100100010000

12 000100010010
12 000100010010
12 000100010010
12 000100010010
12 000100010010
12 000100010010
12 000100010010
12 000100010010
12 001001010010
12 001001010010
12 001001010010
12 001001010010
12 001001010010
12 001001010010
12 001001010010
12 001001010010

12 001001010010
12 001001010010
12 001001010010
12 001001010010
12 001001010010
12 001001010010
12 001001010010
12 001001010010
12 000100010010
12 000100010010
12 000100010010
12 000100010010
12 000100010010
12 000100010010
12 000100010010
12 000100010010

12 000100010010
12 000100010010
12 000100010010
12 000100010010
12 000100010010
12 000100010010
12 000100010010
12 000100010010
12 001001000010
12 001001000010
12 001001000010
12 001001000010
12 001001000010
12 001001000010
12 001001000010
12 001001000010

12 000100010010
12 000100010010
12 000100010010
12 000100010010
12 000100010010
12 000100010010
12 000100010010
12 000100010010
12 000100010010
12 000100010010
12 000100010010
12 000100010010
12 000100010010
12 000100010010
12 000100010010
12 000100010010

12 000100010010
12 000100010010
12 000100010010
12 000100010010
12 000100010010
12 000100010010
12 000100010010
12 000100010010
12 000100010010
12 000100010010
12 000100010010
12 000100010010
12 000100010010
12 000100010010
12 000100010010
12 000100010010

12 100100001000
12 100100001000
12 100100001000
12 100100001000
12 100100001000
12 100100001000
12 100100001000
12 100100001000
12 100100001000
12 100100001000
12 100100001000
12 100100001000
12 100100001000
12 100100001000
12 100100001000
12 100100001000

