12 100101000100
12 100101000100
12 100101000100
12 100101000100
9 100101000100
9 100101000100
9 100101000100
9 100101000100
9 100101000100
9 100101000100
9 100101000100
9 100101000100
7 100101000100
7 100101000100
7 100101000100
7 100101000100

5 001001000010
5 001001000010
5 001001000010
5 001001000010
5 001001000010
5 001001000010
5 001001000010
2 001001000010
2 001001000010
2 001001000010
2 001001000010
2 001001000010
2 001001000010
2 001001000010
2 001001000010
2 001001000010

12 001001000010
12 001001000010
12 001001000010
12 001001000010
12 001001000010
12 001001000010
12 001001000010
10 001001000010
10 001001000010
10 001001000010
10 001001000010
0 001001000010
2 001001000010
2 001001000010
2 001001000010
0 001001000010

12 100001000100
12 100001000100
12 100001000100
12 100001000100
12 100001000100
12 100001000100
12 100001000100
12 100001000100
12 100001000100
12 100001000100
12 100001000100
12 100001000100
12 100001000100
12 100001000100
12 100001000100
12 100001000100

12 100001000100
12 100001000100
12 100001000100
12 100001000100
12 100001000100
12 100001000100
12 100001000100
5 100001000100
5 100001000100
5 100001000100
9 100001000100
9 100001000100
2 100001000100
2 100001000100
2 100001000100
0 100001000100

12 100010010010
12 100010010010
12 100010010010
12 100010010010
12 100010010010
12 100010010010
10 100010010010
7 100010010010
4 100010010010
2 100010010010
0 100010010010
0 100010010010
0 100010010010
0 100010010010
0 100010010010
0 100010010010

12 100010010010
12 100010010010
12 100010010010
12 100010010010
12 100010010010
12 100010010010
12 100010010010
7 100010010010
7 100010010010
9 100010010010
5 100010010010
5 100010010010
5 100010010010
5 100010010010
7 100010010010
9 100010010010

7 100001000100
7 100001000100
9 100001000100
9 100001000100
9 100001000100
9 100001000100
9 100001000100
9 100001000100
9 100001000100
9 100001000100
9 100001000100
9 100001000100
9 100001000100
9 100001000100
9 100001000100
9 100001000100

12 100101000100
12 100101000100
12 100101000100
12 100101000100
9 100101000100
9 100101000100
9 100101000100
9 100101000100
9 100101000100
9 100101000100
9 100101000100
9 100101000100
7 100101000100
7 100101000100
7 100101000100
7 100101000100

5 001001000010
5 001001000010
5 001001000010
5 001001000010
5 001001000010
5 001001000010
5 001001000010
2 001001000010
2 001001000010
2 001001000010
2 001001000010
2 001001000010
2 001001000010
2 001001000010
2 001001000010
2 001001000010

12 001001000010
12 001001000010
12 001001000010
12 001001000010
12 001001000010
12 001001000010
12 001001000010
10 001001000010
10 001001000010
10 001001000010
10 001001000010
10 001001000010
0 001001000010
0 001001000010
2 001001000010
0 001001000010

12 100001000100
12 100001000100
12 100001000100
12 100001000100
12 100001000100
12 100001000100
12 100001000100
2 100001000100
2 100001000100
2 100001000100
2 100001000100
2 100001000100
2 100001000100
2 100001000100
2 100001000100
2 100001000100

12 100001000100
12 100001000100
12 100001000100
12 100001000100
12 100001000100
12 100001000100
12 100001000100
5 100001000100
5 100001000100
5 100001000100
9 100001000100
9 100001000100
9 100001000100
2 100001000100
2 100001000100
2 100001000100

0 100010010010
0 100010010010
0 100010010010
0 100010010010
10 100010010010
10 100010010010
10 100010010010
7 100010010010
4 100010010010
2 100010010010
0 100010010010
0 100010010010
0 100010010010
0 100010010010
0 100010010010
0 100010010010

12 100010010010
12 100010010010
12 100010010010
12 100010010010
0 100010010010
0 100010010010
4 100010010010
4 100010010010
10 100010010010
10 100010010010
0 100010010010
9 100010010010
9 100010010010
9 100010010010
7 100010010010
7 100010010010

12 100001000100
12 100001000100
5 100001000100
5 100001000100
5 100001000100
5 100001000100
5 100001000100
5 100001000100
5 001001000010
5 001001000010
5 001001000010
5 001001000010
5 001001000010
5 001001000010
5 001001000010
5 001001000010

12 100001000100
12 100001000100
12 100001000100
12 100001000100
12 100001000100
12 100001000100
12 100001000100
12 100001000100
10 100001000100
0 100001000100
0 100001000100
0 100001000100
9 100001000100
7 100001000100
7 100001000100
5 100001000100

12 100001000100
12 100001000100
12 100001000100
12 100001000100
12 100001000100
12 100001000100
12 100001000100
12 100001000100
12 100001000100
12 100001000100
12 100001000100
12 100001000100
12 100001000100
12 100001000100
12 100001000100
12 100001000100

12 100101000100
12 100101000100
12 100101000100
12 100101000100
12 100101000100
12 100101000100
12 100101000100
12 100101000100
5 100101000100
5 100101000100
5 100101000100
2 100101000100
2 100101000100
0 100101000100
10 100101000100
10 100101000100

12 001001000010
12 001001000010
2 001001000010
2 001001000010
2 001001000010
2 001001000010
2 001001000010
2 001001000010
2 001001000010
2 001001000010
2 001001000010
2 001001000010
2 001001000010
2 001001000010
2 001001000010
2 001001000010

12 001001000010
12 001001000010
12 001001000010
12 001001000010
12 001001000010
12 001001000010
12 001001000010
12 001001000010
5 001001000010
5 001001000010
2 001001000010
2 001001000010
5 001001000010
5 001001000010
2 001001000010
5 001001000010

2 100001000100
2 100001000100
0 100001000100
0 100001000100
0 100001000100
0 100001000100
0 100001000100
2 100001000100
2 100001000100
2 100001000100
2 100001000100
2 100001000100
2 100001000100
2 100001000100
2 100001000100
2 100001000100

12 100001000100
12 100001000100
12 100001000100
12 100001000100
9 100001000100
9 100001000100
9 100001000100
2 100001000100
2 100001000100
2 100001000100
0 100001000100
0 100001000100
9 100001000100
9 100001000100
9 100001000100
9 100001000100

7 100010010010
7 100010010010
7 100010010010
7 100010010010
7 100010010010
7 100010010010
7 100010010010
7 100010010010
7 100010010010
7 100010010010
7 100010010010
7 100010010010
7 100010010010
7 100010010010
7 100010010010
7 100010010010

12 100010010010
12 100010010010
12 100010010010
12 100010010010
12 100010010010
12 100010010010
12 100010010010
0 100010010010
0 100010010010
0 100010010010
0 100010010010
9 100010010010
7 100010010010
5 100010010010
5 100010010010
9 100010010010

7 100001000100
7 100001000100
9 100001000100
9 100001000100
9 100001000100
9 100001000100
9 100001000100
9 100001000100
9 100001000100
9 100001000100
9 100001000100
9 100001000100
9 100001000100
9 100001000100
9 100001000100
9 100001000100

12 100101000100
12 100101000100
12 100101000100
12 100101000100
12 100101000100
12 100101000100
5 100101000100
5 100101000100
7 100101000100
7 100101000100
7 100101000100
5 100101000100
5 100101000100
5 100101000100
10 100101000100
0 100101000100

2 001001000010
2 001001000010
2 001001000010
2 001001000010
2 001001000010
2 001001000010
2 001001000010
2 001001000010
2 001001000010
2 001001000010
2 001001000010
2 001001000010
2 001001000010
2 001001000010
2 001001000010
2 001001000010

12 001001000010
12 001001000010
12 001001000010
12 001001000010
12 001001000010
12 001001000010
12 001001000010
5 001001000010
5 001001000010
5 001001000010
5 001001000010
5 001001000010
7 001001000010
7 001001000010
5 001001000010
5 001001000010

9 100001000100
9 100001000100
7 100001000100
5 100001000100
5 100001000100
5 100001000100
2 100001000100
2 100001000100
0 100001000100
0 100001000100
0 100001000100
0 100001000100
0 100001000100
0 100001000100
0 100001000100
0 100001000100

12 100010010010
12 100010010010
12 100010010010
12 100010010010
12 100010010010
12 100010010010
12 100010010010
0 100010010010
0 100010010010
0 100010010010
0 100010010010
0 100010010010
4 100010010010
4 100010010010
7 100010010010
7 100010010010

5 100001000100
5 100001000100
5 100001000100
5 100001000100
5 100001000100
5 100001000100
5 100001000100
5 100001000100
5 101011010010
5 101011010010
5 101011010010
5 101011010010
5 101011010010
5 101011010010
7 101011010010
9 101011010010

12 100101000100
12 100101000100
12 100101000100
12 100101000100
9 100101000100
9 100101000100
9 100101000100
9 100101000100
9 100101000100
9 100101000100
9 100101000100
9 100101000100
7 100101000100
7 100101000100
7 100101000100
7 100101000100

5 001001000010
5 001001000010
5 001001000010
5 001001000010
5 001001000010
5 001001000010
5 001001000010
2 001001000010
2 001001000010
2 001001000010
2 001001000010
2 001001000010
2 001001000010
2 001001000010
2 001001000010
2 001001000010

12 001001000010
12 001001000010
12 001001000010
12 001001000010
12 001001000010
12 001001000010
12 001001000010
10 001001000010
10 001001000010
10 001001000010
10 001001000010
0 001001000010
2 001001000010
2 001001000010
2 001001000010
0 001001000010

12 100001000100
12 100001000100
12 100001000100
12 100001000100
12 100001000100
12 100001000100
12 100001000100
2 100001000100
2 100001000100
2 100001000100
2 100001000100
2 100001000100
2 100001000100
2 100001000100
2 100001000100
2 100001000100

12 100001000100
12 100001000100
12 100001000100
12 100001000100
12 100001000100
12 100001000100
12 100001000100
5 100001000100
5 100001000100
5 100001000100
9 100001000100
9 100001000100
2 100001000100
2 100001000100
2 100001000100
0 100001000100

12 100010010010
12 100010010010
12 100010010010
12 100010010010
12 100010010010
12 100010010010
10 100010010010
7 100010010010
4 100010010010
2 100010010010
0 100010010010
0 100010010010
0 100010010010
0 100010010010
0 100010010010
0 100010010010

12 100010010010
12 100010010010
12 100010010010
12 100010010010
12 100010010010
12 100010010010
12 100010010010
7 100010010010
7 100010010010
9 100010010010
5 100010010010
5 100010010010
5 100010010010
5 100010010010
7 100010010010
9 100010010010

7 100001000100
7 100001000100
9 100001000100
9 100001000100
9 100001000100
9 100001000100
9 100001000100
9 100001000100
9 100001000100
9 100001000100
9 100001000100
9 100001000100
9 100001000100
9 100001000100
9 100001000100
9 100001000100

12 100101000100
12 100101000100
12 100101000100
12 100101000100
9 100101000100
9 100101000100
9 100101000100
9 100101000100
9 100101000100
9 100101000100
9 100101000100
9 100101000100
7 100101000100
7 100101000100
7 100101000100
7 100101000100

5 001001000010
5 001001000010
5 001001000010
5 001001000010
5 001001000010
5 001001000010
5 001001000010
2 001001000010
2 001001000010
2 001001000010
2 001001000010
2 001001000010
2 001001000010
2 001001000010
2 001001000010
2 001001000010

12 001001000010
12 001001000010
12 001001000010
12 001001000010
12 001001000010
12 001001000010
12 001001000010
10 001001000010
10 001001000010
10 001001000010
10 001001000010
10 001001000010
0 001001000010
0 001001000010
2 001001000010
0 001001000010

12 100001000100
12 100001000100
12 100001000100
12 100001000100
12 100001000100
12 100001000100
12 100001000100
2 100001000100
2 100001000100
2 100001000100
2 100001000100
2 100001000100
2 100001000100
2 100001000100
2 100001000100
2 100001000100

12 100001000100
12 100001000100
12 100001000100
12 100001000100
12 100001000100
12 100001000100
12 100001000100
5 100001000100
5 100001000100
5 100001000100
9 100001000100
9 100001000100
9 100001000100
2 100001000100
2 100001000100
2 100001000100

0 100010010010
0 100010010010
0 100010010010
10 100010010010
10 100010010010
10 100010010010
7 100010010010
7 100010010010
4 100010010010
2 100010010010
0 100010010010
0 100010010010
0 100010010010
0 100010010010
0 100010010010
0 100010010010

12 100010010010
12 100010010010
12 100010010010
12 100010010010
0 100010010010
0 100010010010
0 100010010010
4 100010010010
4 100010010010
4 100010010010
10 100010010010
0 100010010010
9 100010010010
9 100010010010
7 100010010010
7 100010010010

12 100001000100
12 100001000100
5 100001000100
5 100001000100
5 100001000100
5 100001000100
5 100001000100
5 100001000100
5 001001000010
5 001001000010
5 001001000010
5 001001000010
5 001001000010
5 001001000010
5 001001000010
5 001001000010

12 100001000100
12 100001000100
12 100001000100
12 100001000100
0 100001000100
0 100001000100
0 100001000100
0 100001000100
9 100001000100
9 100001000100
9 100001000100
7 100001000100
5 100001000100
5 100001000100
5 100001000100
5 100001000100

9 100001000100
9 100001000100
9 100001000100
9 100001000100
9 100001000100
9 100001000100
9 100001000100
0 100001000100
0 100001000100
0 100001000100
0 100001000100
0 100001000100
9 100001000100
7 100001000100
7 100001000100
5 100001000100

9 100101000100
9 100101000100
9 100101000100
9 100101000100
5 100101000100
5 100101000100
5 100101000100
5 100101000100
5 100101000100
5 100101000100
5 100101000100
2 100101000100
0 100101000100
0 100101000100
0 100101000100
0 100101000100

5 001001000010
5 001001000010
5 001001000010
5 001001000010
5 001001000010
5 001001000010
5 001001000010
5 001001000010
7 001001000010
7 001001000010
7 001001000010
5 001001000010
5 001001000010
5 001001000010
10 001001000010
10 001001000010

2 001001000010
2 001001000010
2 001001000010
2 001001000010
5 001001000010
5 001001000010
5 001001000010
5 001001000010
5 001001000010
5 001001000010
5 001001000010
5 001001000010
5 001001000010
5 001001000010
5 001001000010
5 001001000010

5 100001000100
5 100001000100
5 100001000100
2 100001000100
0 100001000100
0 100001000100
0 100001000100
0 100001000100
5 100001000100
2 100001000100
5 100001000100
5 100001000100
5 100001000100
5 100001000100
2 100001000100
5 100001000100

2 100001000100
2 100001000100
0 100001000100
0 100001000100
2 100001000100
2 100001000100
2 100001000100
2 100001000100
0 100001000100
0 100001000100
0 100001000100
0 100001000100
9 100001000100
9 100001000100
9 100001000100
9 100001000100

7 100010010010
7 100010010010
7 100010010010
7 100010010010
7 100010010010
7 100010010010
7 100010010010
2 100010010010
0 100010010010
0 100010010010
3 100010010010
4 100010010010
4 100010010010
4 100010010010
4 100010010010
4 100010010010

12 100010010010
12 100010010010
2 100010010010
0 100010010010
0 100010010010
0 100010010010
0 100010010010
0 100010010010
9 100010010010
9 100010010010
9 100010010010
7 100010010010
5 100010010010
5 100010010010
5 100010010010
5 100010010010

9 100001000100
9 100001000100
9 100001000100
9 100001000100
9 100001000100
9 100001000100
9 100001000100
0 100001000100
2 100001000100
2 100001000100
0 100001000100
0 100001000100
9 100001000100
7 100001000100
5 100001000100
5 100001000100

9 100101000100
9 100101000100
7 100101000100
9 100101000100
5 100101000100
5 100101000100
5 100101000100
7 100101000100
5 100101000100
5 100101000100
5 100101000100
5 100101000100
5 100101000100
5 100101000100
5 100101000100
0 100101000100

2 001001000010
2 001001000010
2 001001000010
2 001001000010
5 001001000010
5 001001000010
5 001001000010
7 001001000010
7 001001000010
7 001001000010
5 001001000010
5 001001000010
10 001001000010
10 001001000010
2 001001000010
2 001001000010

12 001001000010
12 001001000010
12 001001000010
12 001001000010
5 001001000010
5 001001000010
5 001001000010
5 001001000010
5 001001000010
5 001001000010
5 001001000010
5 001001000010
5 001001000010
5 001001000010
5 001001000010
5 001001000010

9 100001000100
9 100001000100
9 100001000100
9 100001000100
9 100001000100
9 100001000100
9 100001000100
9 100001000100
5 100001000100
5 100001000100
5 100001000100
5 100001000100
5 100001000100
5 100001000100
5 100001000100
2 100001000100

2 100010010010
2 100010010010
0 100010010010
0 100010010010
0 100010010010
0 100010010010
0 100010010010
0 100010010010
4 100010010010
4 100010010010
4 100010010010
4 100010010010
7 100010010010
7 100010010010
7 100010010010
7 100010010010

7 100001000100
7 100001000100
5 100001000100
5 100001000100
5 100001000100
5 100001000100
5 100001000100
5 100001000100
5 101011010010
5 101011010010
5 101011010010
5 101011010010
5 101011010010
5 101011010010
5 101011010010
7 101011010010

12 100101000100
12 100101000100
12 100101000100
12 100101000100
9 100101000100
9 100101000100
9 100101000100
9 100101000100
9 100101000100
9 100101000100
9 100101000100
9 100101000100
7 100101000100
7 100101000100
7 100101000100
7 100101000100

5 001001000010
5 001001000010
5 001001000010
5 001001000010
5 001001000010
5 001001000010
5 001001000010
2 001001000010
2 001001000010
2 001001000010
2 001001000010
2 001001000010
2 001001000010
2 001001000010
2 001001000010
2 001001000010

12 001001000010
12 001001000010
12 001001000010
12 001001000010
12 001001000010
12 001001000010
2 001001000010
2 001001000010
2 001001000010
2 001001000010
2 001001000010
2 001001000010
2 001001000010
2 001001000010
2 001001000010
2 001001000010

12 100001000100
12 100001000100
12 100001000100
12 100001000100
12 100001000100
12 100001000100
12 100001000100
2 100001000100
2 100001000100
2 100001000100
2 100001000100
2 100001000100
2 100001000100
2 100001000100
2 100001000100
2 100001000100

12 100001000100
12 100001000100
12 100001000100
12 100001000100
12 100001000100
12 100001000100
12 100001000100
12 100001000100
5 100001000100
5 100001000100
5 100001000100
9 100001000100
9 100001000100
9 100001000100
2 100001000100
2 100001000100

0 100010010010
0 100010010010
0 100010010010
0 100010010010
0 100010010010
0 100010010010
10 100010010010
7 100010010010
7 100010010010
7 100010010010
4 100010010010
2 100010010010
0 100010010010
0 100010010010
0 100010010010
0 100010010010

12 100010010010
12 100010010010
12 100010010010
12 100010010010
12 100010010010
12 100010010010
12 100010010010
7 100010010010
7 100010010010
9 100010010010
5 100010010010
5 100010010010
5 100010010010
5 100010010010
7 100010010010
9 100010010010

7 100001000100
7 100001000100
9 100001000100
9 100001000100
9 100001000100
9 100001000100
9 100001000100
9 100001000100
9 100001000100
9 100001000100
9 100001000100
9 100001000100
9 100001000100
9 100001000100
9 100001000100
9 100001000100

12 100101000100
12 100101000100
12 100101000100
12 100101000100
9 100101000100
9 100101000100
9 100101000100
9 100101000100
9 100101000100
9 100101000100
9 100101000100
9 100101000100
7 100101000100
7 100101000100
7 100101000100
7 100101000100

5 001001000010
5 001001000010
5 001001000010
5 001001000010
5 001001000010
5 001001000010
5 001001000010
2 001001000010
2 001001000010
2 001001000010
2 001001000010
2 001001000010
2 001001000010
2 001001000010
2 001001000010
2 001001000010

12 001001000010
12 001001000010
12 001001000010
12 001001000010
12 001001000010
12 001001000010
12 001001000010
10 001001000010
10 001001000010
10 001001000010
10 001001000010
10 001001000010
0 001001000010
0 001001000010
2 001001000010
0 001001000010

12 100001000100
12 100001000100
12 100001000100
12 100001000100
12 100001000100
12 100001000100
12 100001000100
2 100001000100
2 100001000100
2 100001000100
2 100001000100
2 100001000100
2 100001000100
2 100001000100
2 100001000100
2 100001000100

12 100001000100
12 100001000100
12 100001000100
12 100001000100
12 100001000100
12 100001000100
12 100001000100
5 100001000100
5 100001000100
5 100001000100
9 100001000100
9 100001000100
9 100001000100
2 100001000100
2 100001000100
2 100001000100

12 100010010010
12 100010010010
10 100010010010
10 100010010010
10 100010010010
10 100010010010
7 100010010010
4 100010010010
2 100010010010
0 100010010010
0 100010010010
0 100010010010
0 100010010010
0 100010010010
0 100010010010
0 100010010010

12 100010010010
12 100010010010
12 100010010010
12 100010010010
0 100010010010
0 100010010010
4 100010010010
4 100010010010
10 100010010010
10 100010010010
0 100010010010
9 100010010010
9 100010010010
9 100010010010
7 100010010010
7 100010010010

12 100001000100
5 100001000100
5 100001000100
5 100001000100
5 100001000100
0 100001000100
0 100001000100
0 100001000100
2 001001000010
2 001001000010
2 001001000010
2 001001000010
5 001001000010
5 001001000010
5 001001000010
5 001001000010

12 100001000100
12 100001000100
12 100001000100
12 100001000100
12 100001000100
12 100001000100
12 100001000100
12 100001000100
12 100001000100
12 100001000100
12 100001000100
12 100001000100
12 100001000100
12 100001000100
12 100001000100
12 100001000100

