12 001001001010
12 001001001010
12 001001001010
12 001001001010
12 001001001010
12 001001001010
12 001001001010
12 001001001010
12 001001001010
12 001001001010
12 001001001010
12 001001001010
12 001001001010
12 001001001010
12 001001001010
12 001001001010

12 001001010001
12 001001010001
12 001001010001
12 001001010001
12 001001010001
12 001001010001
12 001001010001
12 001001010001
12 101000100100
12 101000100100
12 101000100100
12 101000100100
12 101000100100
12 101000100100
12 101000100100
12 101000100100

12 100010010000
12 100010010000
12 100010010000
12 100010010000
12 100010010000
12 100010010000
12 100010010000
12 100010010000
12 100010010000
12 100010010000
12 100010010000
0 100010010000
0 100010010000
0 100010010000
0 100010010000
0 100010010000

0 001001000010
0 001001000010
0 001001000010
0 001001000010
7 001001000010
7 001001000010
0 001001000010
0 001001000010
0 001001000010
0 001001000010
0 001001000010
0 001001000010
0 001001000010
0 001001000010
0 001001000010
0 001001000010

0 100010010000
0 100010010000
10 100010010000
10 100010010000
0 100010010000
0 100010010000
0 100010010000
0 100010010000
0 100010010000
0 100010010000
0 100010010000
0 100010010000
0 100010010000
0 100010010000
0 100010010000
0 100010010000

12 001001000010
12 001001000010
12 001001000010
12 001001000010
12 001001000010
12 001001000010
12 001001000010
12 001001000010
12 001001000010
12 001001000010
12 001001000010
12 001001000010
12 001001000010
12 001001000010
12 001001000010
12 001001000010

12 100010010000
12 100010010000
12 100010010000
12 100010010000
12 100010010000
12 100010010000
12 100010010000
12 100010010000
12 100010010000
12 100010010000
12 100010010000
12 100010010000
4 100010010000
4 100010010000
4 100010010000
4 100010010000

12 001001000010
12 001001000010
12 001001000010
0 001001000010
0 001001000010
0 001001000010
0 001001000010
0 001001000010
7 001001000010
7 001001000010
7 001001000010
7 001001000010
7 001001000010
7 001001000010
2 001001000010
2 001001000010

0 100010010000
0 100010010000
0 100010010000
0 100010010000
0 100010010000
0 100010010000
0 100010010000
0 100010010000
0 100010010000
0 100010010000
0 100010010000
0 100010010000
0 100010010000
0 100010010000
0 100010010000
0 100010010000

12 001001000010
12 001001000010
12 001001000010
12 001001000010
12 001001000010
12 001001000010
12 001001000010
12 001001000010
12 001001000010
12 001001000010
12 001001000010
12 001001000010
12 001001000010
12 001001000010
12 001001000010
12 001001000010

12 100010010000
12 100010010000
12 100010010000
12 100010010000
12 100010010000
12 100010010000
12 100010010000
12 100010010000
12 100010010000
12 100010010000
12 100010010000
12 100010010000
12 100010010000
12 100010010000
12 100010010000
12 100010010000

12 001001000010
12 001001000010
12 001001000010
12 001001000010
12 001001000010
12 001001000010
12 001001000010
12 001001000010
12 001001000010
12 001001000010
12 001001000010
12 001001000010
12 001001000010
12 001001000010
12 001001000010
12 001001000010

12 100010010000
12 100010010000
12 100010010000
12 100010010000
12 100010010000
12 100010010000
12 100010010000
12 100010010000
12 100010010000
12 100010010000
12 100010010000
12 100010010000
12 100010010000
12 100010010000
12 100010010000
12 100010010000

12 001001000010
12 001001000010
12 001001000010
12 001001000010
12 001001000010
12 001001000010
12 001001000010
12 001001000010
12 001001000010
12 001001000010
12 001001000010
12 001001000010
12 001001000010
12 001001000010
12 001001000010
12 001001000010

12 100010010000
12 100010010000
12 100010010000
12 100010010000
12 100010010000
12 100010010000
12 100010010000
12 100010010000
12 100010010000
12 100010010000
12 100010010000
12 100010010000
12 100010010000
12 100010010000
12 100010010000
12 100010010000

12 001001000010
12 001001000010
12 001001000010
12 001001000010
12 001001000010
12 001001000010
12 001001000010
12 001001000010
12 001001000010
12 001001000010
12 001001000010
12 001001000010
12 001001000010
12 001001000010
12 001001000010
12 001001000010

12 100010010000
12 100010010000
12 100010010000
12 100010010000
12 100010010000
12 100010010000
12 100010010000
12 100010010000
12 100010010000
12 100010010000
12 100010010000
12 100010010000
12 100010010000
12 100010010000
12 100010010000
12 100010010000

12 001001000010
12 001001000010
12 001001000010
12 001001000010
12 001001000010
12 001001000010
12 001001000010
12 001001000010
12 001001000010
12 001001000010
12 001001000010
12 001001000010
12 001001000010
12 001001000010
12 001001000010
12 001001000010

12 100010010000
12 100010010000
12 100010010000
12 100010010000
12 100010010000
12 100010010000
0 100010010000
0 100010010000
7 100010010000
7 100010010000
7 100010010000
0 100010010000
0 100010010000
0 100010010000
0 100010010000
0 100010010000

12 001001000010
12 001001000010
12 001001000010
12 001001000010
12 001001000010
12 001001000010
12 001001000010
12 001001000010
12 001001000010
12 001001000010
12 001001000010
10 001001000010
10 001001000010
10 001001000010
10 001001000010
10 001001000010

12 100010010000
12 100010010000
9 100010010000
9 100010010000
7 100010010000
7 100010010000
7 100010010000
7 100010010000
7 100010010000
7 100010010000
7 100010010000
7 100010010000
7 100010010000
7 100010010000
7 100010010000
7 100010010000

12 001001000010
12 001001000010
12 001001000010
12 001001000010
12 001001000010
12 001001000010
12 001001000010
12 001001000010
12 001001000010
12 001001000010
12 001001000010
12 001001000010
12 001001000010
12 001001000010
12 001001000010
12 001001000010

12 100010010000
12 100010010000
12 100010010000
12 100010010000
12 100010010000
12 100010010000
12 100010010000
12 100010010000
12 100010010000
12 100010010000
12 100010010000
0 100010010000
0 100010010000
0 100010010000
0 100010010000
0 100010010000

4 001001000010
4 001001000010
4 001001000010
0 001001000010
0 001001000010
0 001001000010
0 001001000010
0 001001000010
10 001001000010
10 001001000010
7 001001000010
7 001001000010
7 001001000010
7 001001000010
7 001001000010
7 001001000010

2 100010010000
2 100010010000
2 100010010000
2 100010010000
0 100010010000
0 100010010000
2 100010010000
0 100010010000
0 100010010000
0 100010010000
0 100010010000
0 100010010000
0 100010010000
0 100010010000
0 100010010000
0 100010010000

12 100010010010
12 100010010010
12 100010010010
12 100010010010
12 100010010010
12 100010010010
12 100010010010
12 100010010010
0 100010010010
0 100010010010
0 100010010010
0 100010010010
0 100010010010
0 100010010010
0 100010010010
0 100010010010

4 100001000100
4 100001000100
4 100001000100
4 100001000100
4 100001000100
4 100001000100
7 100001000100
7 100001000100
7 100001000100
7 100001000100
7 100001000100
5 100001000100
5 100001000100
5 100001000100
5 100001000100
5 100001000100

4 100001000100
4 100001000100
4 100001000100
4 100001000100
4 100001000100
4 100001000100
4 100001000100
4 100001000100
4 100001000100
4 100001000100
4 100001000100
4 100001000100
4 100001000100
4 100001000100
4 100001000100
4 100001000100

12 100001000100
12 100001000100
12 100001000100
12 100001000100
12 100001000100
12 100001000100
12 100001000100
12 100001000100
12 100001000100
12 100001000100
12 100001000100
12 100001000100
12 100001000100
12 100001000100
12 100001000100
12 100001000100

5 100001000100
5 100001000100
5 100001000100
5 100001000100
5 100001000100
5 100001000100
5 100001000100
5 100001000100
5 100001000100
5 100001000100
5 100001000100
5 100001000100
5 100001000100
5 100001000100
5 100001000100
5 100001000100

4 100010010100
4 100010010100
4 100010010100
4 100010010100
4 100010010100
4 100010010100
4 100010010100
4 100010010100
4 100010010100
4 100010010100
4 100010010100
4 100010010100
4 100010010100
4 100010010100
4 100010010100
4 100010010100

12 100010010100
12 100010010100
12 100010010100
12 100010010100
12 100010010100
12 100010010100
12 100010010100
12 100010010100
12 100010010100
12 100010010100
12 100010010100
12 100010010100
12 100010010100
12 100010010100
12 100010010100
12 100010010100

3 000100101001
3 000100101001
3 000100101001
3 000100101001
3 000100101001
3 000100101001
3 000100101001
3 000100101001
3 000100101001
3 000100101001
3 000100101001
3 000100101001
3 000100101001
3 000100101001
3 000100101001
3 000100101001

12 000100101001
12 000100101001
12 000100101001
12 000100101001
12 000100101001
12 000100101001
12 000100101001
12 000100101001
12 000100101001
12 000100101001
12 000100101001
12 000100101001
12 000100101001
12 000100101001
12 000100101001
12 000100101001

12 100010010000
12 100010010000
12 100010010000
12 100010010000
12 100010010000
12 100010010000
12 100010010000
12 100010010000
12 100010010000
12 100010010000
12 100010010000
0 100010010000
0 100010010000
0 100010010000
0 100010010000
0 100010010000

12 001001000010
12 001001000010
12 001001000010
12 001001000010
12 001001000010
12 001001000010
12 001001000010
10 001001000010
10 001001000010
10 001001000010
10 001001000010
10 001001000010
10 001001000010
10 001001000010
10 001001000010
10 001001000010

12 100010010000
12 100010010000
12 100010010000
12 100010010000
12 100010010000
12 100010010000
12 100010010000
10 100010010000
7 100010010000
7 100010010000
7 100010010000
7 100010010000
7 100010010000
7 100010010000
7 100010010000
7 100010010000

12 001001000010
12 001001000010
12 001001000010
12 001001000010
12 001001000010
12 001001000010
12 001001000010
12 001001000010
12 001001000010
12 001001000010
12 001001000010
12 001001000010
12 001001000010
12 001001000010
12 001001000010
12 001001000010

12 100010010000
12 100010010000
12 100010010000
12 100010010000
12 100010010000
12 100010010000
12 100010010000
12 100010010000
12 100010010000
12 100010010000
12 100010010000
7 100010010000
9 100010010000
9 100010010000
0 100010010000
0 100010010000

2 001001000010
2 001001000010
0 001001000010
0 001001000010
10 001001000010
10 001001000010
10 001001000010
10 001001000010
10 001001000010
10 001001000010
10 001001000010
10 001001000010
10 001001000010
10 001001000010
10 001001000010
10 001001000010

12 100010010000
12 100010010000
12 100010010000
2 100010010000
2 100010010000
2 100010010000
2 100010010000
2 100010010000
0 100010010000
0 100010010000
2 100010010000
0 100010010000
0 100010010000
0 100010010000
0 100010010000
0 100010010000

12 100010010010
12 100010010010
12 100010010010
12 100010010010
12 100010010010
12 100010010010
12 100010010010
12 100010010010
0 100010010010
0 100010010010
0 100010010010
0 100010010010
0 100010010010
0 100010010010
0 100010010010
0 100010010010

4 100001000100
4 100001000100
4 100001000100
4 100001000100
4 100001000100
4 100001000100
7 100001000100
7 100001000100
7 100001000100
7 100001000100
7 100001000100
5 100001000100
5 100001000100
5 100001000100
5 100001000100
5 100001000100

4 100001000100
4 100001000100
4 100001000100
4 100001000100
4 100001000100
4 100001000100
4 100001000100
4 100001000100
4 100001000100
4 100001000100
4 100001000100
4 100001000100
4 100001000100
4 100001000100
4 100001000100
4 100001000100

12 100001000100
12 100001000100
12 100001000100
12 100001000100
12 100001000100
12 100001000100
12 100001000100
12 100001000100
12 100001000100
12 100001000100
12 100001000100
12 100001000100
12 100001000100
12 100001000100
12 100001000100
12 100001000100

5 100001000100
5 100001000100
5 100001000100
5 100001000100
5 100001000100
5 100001000100
5 100001000100
5 100001000100
5 100001000100
5 100001000100
5 100001000100
5 100001000100
5 100001000100
5 100001000100
5 100001000100
5 100001000100

4 101000100100
4 101000100100
4 101000100100
4 101000100100
4 101000100100
4 101000100100
4 101000100100
4 101000100100
4 101000100100
4 101000100100
4 101000100100
4 101000100100
4 101000100100
4 101000100100
4 101000100100
4 101000100100

12 101000100100
12 101000100100
12 101000100100
12 101000100100
12 101000100100
12 101000100100
12 101000100100
12 101000100100
12 101000100100
12 101000100100
12 101000100100
12 101000100100
12 101000100100
12 101000100100
12 101000100100
12 101000100100

12 101000100100
12 101000100100
12 101000100100
12 101000100100
12 101000100100
12 101000100100
12 101000100100
12 101000100100
12 101000100100
12 101000100100
12 101000100100
12 101000100100
12 101000100100
12 101000100100
12 101000100100
12 101000100100

12 101000100100
12 101000100100
12 101000100100
12 101000100100
12 101000100100
12 101000100100
12 101000100100
12 101000100100
12 101000100100
12 101000100100
12 101000100100
12 101000100100
12 101000100100
12 101000100100
12 101000100100
12 101000100100

12 001001010010
12 001001010010
12 001001010010
12 001001010010
12 001001010010
12 001001010010
12 001001010010
12 001001010010
12 001001010010
12 001001010010
12 001001010010
12 001001010010
5 001001010010
5 001001010010
7 001001010010
7 001001010010

5 001001010010
5 001001010010
5 001001010010
5 001001010010
5 001001010010
5 001001010010
5 001001010010
5 001001010010
5 001001010010
5 001001010010
5 001001010010
5 001001010010
5 001001010010
5 001001010010
2 001001010010
0 001001010010

0 100010010010
0 100010010010
0 100010010010
0 100010010010
0 100010010010
0 100010010010
0 100010010010
0 100010010010
0 100010010010
0 100010010010
0 100010010010
0 100010010010
0 100010010010
0 100010010010
0 100010010010
0 100010010010

12 100010010010
12 100010010010
12 100010010010
10 100010010010
10 100010010010
10 100010010010
10 100010010010
9 100010010010
9 100010010010
9 100010010010
9 100010010010
9 100010010010
9 100010010010
9 100010010010
9 100010010010
9 100010010010

7 100001000100
7 100001000100
7 100001000100
0 100001000100
0 100001000100
0 100001000100
0 100001000100
0 100001000100
0 100001000100
0 100001000100
0 100001000100
0 100001000100
0 100001000100
0 100001000100
0 100001000100
0 100001000100

12 100001000100
12 100001000100
12 100001000100
12 100001000100
12 100001000100
12 100001000100
12 100001000100
12 100001000100
12 100001000100
12 100001000100
12 100001000100
12 100001000100
12 100001000100
12 100001000100
12 100001000100
12 100001000100

12 001100010010
12 001100010010
12 001100010010
12 001100010010
12 001100010010
12 001100010010
12 001100010010
12 001100010010
12 001100010010
12 001100010010
12 001100010010
12 001100010010
12 001100010010
12 001100010010
12 001100010010
12 001100010010

12 001100010010
12 001100010010
12 001100010010
12 001100010010
12 001100010010
12 001100010010
12 001100010010
12 001100010010
12 001100010010
12 001100010010
12 001100010010
12 001100010010
12 001100010010
12 001100010010
12 001100010010
12 001100010010

12 001001000010
12 001001000010
12 001001000010
12 001001000010
12 001001000010
12 001001000010
12 001001000010
12 001001000010
12 001001000010
12 001001000010
12 001001000010
12 001001000010
12 001001000010
12 001001000010
7 001001000010
7 001001000010

12 001001000010
12 001001000010
12 001001000010
12 001001000010
5 001001000010
5 001001000010
5 001001000010
5 001001000010
5 001001000010
5 001001000010
5 001001000010
5 001001000010
5 001001000010
5 001001000010
5 001001000010
5 001001000010

2 001001000010
2 001001000010
2 001001000010
0 001001000010
0 001001000010
0 001001000010
0 001001000010
10 001001000010
10 001001000010
10 001001000010
10 001001000010
10 001001000010
10 001001000010
10 001001000010
10 001001000010
10 001001000010

12 010001000010
12 010001000010
12 010001000010
12 010001000010
12 010001000010
12 010001000010
12 010001000010
12 010001000010
12 010001000010
12 010001000010
12 010001000010
12 010001000010
10 010001000010
10 010001000010
7 010001000010
7 010001000010

12 100001000100
12 100001000100
12 100001000100
7 100001000100
0 100001000100
0 100001000100
0 100001000100
0 100001000100
0 100001000100
0 100001000100
0 100001000100
0 100001000100
0 100001000100
0 100001000100
0 100001000100
0 100001000100

0 100001000100
0 100001000100
0 100001000100
0 100001000100
0 100001000100
0 100001000100
0 100001000100
0 100001000100
0 100001000100
0 100001000100
0 100001000100
0 100001000100
0 100001000100
0 100001000100
0 100001000100
0 100001000100

3 010001001001
3 010001001001
3 010001001001
3 010001001001
3 010001001001
3 010001001001
3 010001001001
3 010001001001
3 010001001001
3 010001001001
3 010001001001
3 010001001001
3 010001001001
3 010001001001
3 010001001001
3 010001001001

12 010001001001
12 010001001001
12 010001001001
12 010001001001
12 010001001001
12 010001001001
12 010001001001
12 010001001001
12 010001001001
12 010001001001
12 010001001001
12 010001001001
12 010001001001
12 010001001001
12 010001001001
12 010001001001

12 100010010000
12 100010010000
12 100010010000
12 100010010000
12 100010010000
12 100010010000
12 100010010000
12 100010010000
0 100010010000
0 100010010000
0 100010010000
0 100010010000
0 100010010000
0 100010010000
0 100010010000
0 100010010000

12 001001000010
12 001001000010
12 001001000010
12 001001000010
12 001001000010
12 001001000010
12 001001000010
12 001001000010
12 001001000010
12 001001000010
12 001001000010
12 001001000010
12 001001000010
12 001001000010
12 001001000010
12 001001000010

12 100010010000
12 100010010000
12 100010010000
12 100010010000
12 100010010000
12 100010010000
3 100010010000
3 100010010000
3 100010010000
3 100010010000
10 100010010000
9 100010010000
7 100010010000
7 100010010000
7 100010010000
7 100010010000

12 001001000010
12 001001000010
12 001001000010
12 001001000010
12 001001000010
12 001001000010
12 001001000010
12 001001000010
12 001001000010
12 001001000010
12 001001000010
12 001001000010
12 001001000010
12 001001000010
12 001001000010
12 001001000010

12 100010010000
12 100010010000
12 100010010000
12 100010010000
12 100010010000
12 100010010000
12 100010010000
12 100010010000
12 100010010000
12 100010010000
7 100010010000
9 100010010000
9 100010010000
9 100010010000
0 100010010000
0 100010010000

2 001001000010
2 001001000010
0 001001000010
0 001001000010
10 001001000010
10 001001000010
10 001001000010
7 001001000010
7 001001000010
7 001001000010
7 001001000010
7 001001000010
7 001001000010
7 001001000010
7 001001000010
7 001001000010

12 100010010000
12 100010010000
12 100010010000
12 100010010000
0 100010010000
0 100010010000
2 100010010000
2 100010010000
0 100010010000
0 100010010000
2 100010010000
0 100010010000
0 100010010000
0 100010010000
0 100010010000
0 100010010000

12 100010010010
12 100010010010
12 100010010010
12 100010010010
12 100010010010
12 100010010010
12 100010010010
12 100010010010
0 100010010010
0 100010010010
0 100010010010
0 100010010010
2 100010010010
2 100010010010
2 100010010010
2 100010010010

4 100001000100
4 100001000100
4 100001000100
4 100001000100
4 100001000100
4 100001000100
7 100001000100
7 100001000100
7 100001000100
7 100001000100
7 100001000100
5 100001000100
5 100001000100
5 100001000100
5 100001000100
5 100001000100

4 100001000100
4 100001000100
4 100001000100
4 100001000100
4 100001000100
4 100001000100
4 100001000100
4 100001000100
4 100001000100
4 100001000100
4 100001000100
4 100001000100
4 100001000100
4 100001000100
4 100001000100
4 100001000100

12 100001000100
12 100001000100
12 100001000100
12 100001000100
12 100001000100
12 100001000100
12 100001000100
12 100001000100
12 100001000100
12 100001000100
12 100001000100
12 100001000100
12 100001000100
12 100001000100
12 100001000100
12 100001000100

5 100001000100
5 100001000100
5 100001000100
5 100001000100
5 100001000100
5 100001000100
5 100001000100
5 100001000100
5 100001000100
5 100001000100
5 100001000100
5 100001000100
5 100001000100
5 100001000100
5 100001000100
5 100001000100

4 101000100100
4 101000100100
4 101000100100
4 101000100100
4 101000100100
4 101000100100
4 101000100100
4 101000100100
4 101000100100
4 101000100100
4 101000100100
4 101000100100
4 101000100100
4 101000100100
4 101000100100
4 101000100100

12 101000100100
12 101000100100
12 101000100100
12 101000100100
12 101000100100
12 101000100100
12 101000100100
12 101000100100
12 101000100100
12 101000100100
12 101000100100
12 101000100100
12 101000100100
12 101000100100
12 101000100100
12 101000100100

12 101000100100
12 101000100100
12 101000100100
12 101000100100
12 101000100100
12 101000100100
12 101000100100
12 101000100100
12 101000100100
12 101000100100
12 101000100100
12 101000100100
12 101000100100
12 101000100100
12 101000100100
12 101000100100

12 101000100100
12 101000100100
12 101000100100
12 101000100100
2 101000100100
2 101000100100
2 101000100100
2 101000100100
2 101000100100
2 101000100100
2 101000100100
2 101000100100
2 101000100100
2 101000100100
2 101000100100
2 101000100100

5 001001010010
5 001001010010
5 001001010010
5 001001010010
5 001001010010
5 001001010010
7 001001010010
7 001001010010
7 001001010010
7 001001010010
7 001001010010
7 001001010010
7 001001010010
7 001001010010
7 001001010010
7 001001010010

5 001001010010
5 001001010010
5 001001010010
5 001001010010
5 001001010010
5 001001010010
5 001001010010
5 001001010010
5 001001010010
5 001001010010
5 001001010010
5 001001010010
5 001001010010
5 001001010010
5 001001010010
5 001001010010

4 100010010010
4 100010010010
4 100010010010
4 100010010010
4 100010010010
4 100010010010
4 100010010010
4 100010010010
4 100010010010
4 100010010010
4 100010010010
4 100010010010
4 100010010010
4 100010010010
4 100010010010
4 100010010010

4 100010010010
4 100010010010
4 100010010010
4 100010010010
4 100010010010
4 100010010010
4 100010010010
4 100010010010
0 100010010010
0 100010010010
0 100010010010
0 100010010010
0 100010010010
0 100010010010
0 100010010010
4 100010010010

12 100010010000
12 100010010000
12 100010010000
12 100010010000
12 100010010000
12 100010010000
12 100010010000
12 100010010000
12 100010010000
12 100010010000
12 100010010000
12 100010010000
12 100010010000
12 100010010000
12 100010010000
12 100010010000

12 001001000010
12 001001000010
12 001001000010
12 001001000010
12 001001000010
12 001001000010
12 001001000010
12 001001000010
12 001001000010
12 001001000010
12 001001000010
12 001001000010
12 001001000010
12 001001000010
12 001001000010
12 001001000010

12 100010010000
12 100010010000
12 100010010000
12 100010010000
12 100010010000
12 100010010000
12 100010010000
12 100010010000
12 100010010000
12 100010010000
12 100010010000
12 100010010000
12 100010010000
12 100010010000
12 100010010000
12 100010010000

12 001001000010
12 001001000010
12 001001000010
12 001001000010
12 001001000010
12 001001000010
12 001001000010
12 001001000010
12 001001000010
12 001001000010
12 001001000010
12 001001000010
12 001001000010
12 001001000010
12 001001000010
12 001001000010

12 100010010000
12 100010010000
12 100010010000
12 100010010000
12 100010010000
12 100010010000
12 100010010000
12 100010010000
12 100010010000
12 100010010000
12 100010010000
12 100010010000
12 100010010000
12 100010010000
12 100010010000
12 100010010000

12 001001000010
12 001001000010
12 001001000010
12 001001000010
12 001001000010
12 001001000010
12 001001000010
12 001001000010
12 001001000010
12 001001000010
12 001001000010
12 001001000010
12 001001000010
12 001001000010
12 001001000010
12 001001000010

12 100010010000
12 100010010000
12 100010010000
12 100010010000
12 100010010000
12 100010010000
12 100010010000
12 100010010000
12 100010010000
12 100010010000
12 100010010000
12 100010010000
12 100010010000
12 100010010000
12 100010010000
12 100010010000

12 001001000010
12 001001000010
12 001001000010
12 001001000010
12 001001000010
12 001001000010
12 001001000010
12 001001000010
12 001001000010
12 001001000010
12 001001000010
12 001001000010
12 001001000010
12 001001000010
12 001001000010
12 001001000010

12 100010010000
12 100010010000
12 100010010000
12 100010010000
12 100010010000
12 100010010000
12 100010010000
12 100010010000
12 100010010000
12 100010010000
12 100010010000
12 100010010000
12 100010010000
12 100010010000
12 100010010000
12 100010010000

12 001001000010
12 001001000010
12 001001000010
12 001001000010
12 001001000010
12 001001000010
12 001001000010
12 001001000010
12 001001000010
12 001001000010
12 001001000010
12 001001000010
12 001001000010
12 001001000010
12 001001000010
12 001001000010

12 100010010000
12 100010010000
12 100010010000
12 100010010000
12 100010010000
12 100010010000
12 100010010000
12 100010010000
12 100010010000
12 100010010000
12 100010010000
12 100010010000
12 100010010000
12 100010010000
12 100010010000
12 100010010000

12 001001000010
12 001001000010
12 001001000010
12 001001000010
12 001001000010
12 001001000010
12 001001000010
12 001001000010
12 001001000010
12 001001000010
12 001001000010
12 001001000010
12 001001000010
12 001001000010
12 001001000010
12 001001000010

