12 000000000000
12 000000000000
12 000000000000
12 000000000000
12 000000000000
12 000000000000
12 000000000000
12 000000000000
12 000000000000
12 000000000000
12 000000000000
12 000000000000
12 100010010000
12 100010010000
12 100010010000
12 100010010000

12 001000100100
12 001000100100
12 001000100100
12 001000100100
12 001000100100
12 001000100100
12 001000100100
12 001000100100
12 001000100100
12 001000100100
12 001000100100
12 001000100100
12 100010010000
12 100010010000
12 100010010000
12 100010010000

12 001000100100
12 001000100100
12 001000100100
12 001000100100
12 001000100100
12 001000100100
12 001000100100
12 001000100100
12 001000100100
12 001000100100
12 001000100100
12 001000100100
12 100010010000
12 100010010000
12 100010010000
12 100010010000

12 001000100100
12 001000100100
12 001000100100
12 001000100100
12 001000100100
12 001000100100
12 001000100100
12 001000100100
12 001000100100
12 001000100100
12 001000100100
12 001000100100
12 001000100100
12 001000100100
12 001000100100
12 001000100100

12 001000100100
12 001000100100
12 001000100100
12 001000100100
12 001000100100
12 001000100100
12 001000100100
12 001000100100
4 001000100100
4 001000100100
4 001000100100
4 001000100100
4 001000100100
4 001000100100
4 001000100100
4 001000100100

2 001000010001
2 001000010001
2 001000010001
0 001000010001
11 001000010001
11 001000010001
11 001000010001
11 001000010001
11 001000010001
11 001000010001
11 001000010001
11 001000010001
11 001000010001
11 001000010001
2 001000010001
2 001000010001

0 001000100100
11 001000100100
11 001000100100
9 001000100100
9 001000100100
9 001000100100
9 001000100100
9 001000100100
9 001000100100
9 001000100100
9 001000100100
9 001000100100
9 001000100100
9 001000100100
9 001000100100
9 001000100100

12 000010010001
12 000010010001
11 000010010001
11 000010010001
11 000010010001
11 000010010001
11 000010010001
11 000010010001
11 000010010001
11 000010010001
11 000010010001
11 000010010001
11 000010010001
11 000010010001
11 000010010001
11 000010010001

6 001000100001
6 001000100001
6 001000100001
6 001000100001
6 001000100001
6 001000100001
6 001000100001
6 001000100001
6 001000100001
6 001000100001
6 001000100001
6 001000100001
4 001000100001
4 001000100001
4 001000100001
4 001000100001

2 001000010001
2 001000010001
2 001000010001
0 001000010001
11 001000010001
11 001000010001
11 001000010001
11 001000010001
11 001000010001
11 001000010001
11 001000010001
11 001000010001
11 001000010001
11 001000010001
2 001000010001
2 001000010001

0 001000100100
11 001000100100
11 001000100100
11 001000100100
9 001000100100
9 001000100100
9 001000100100
9 001000100100
9 001000100100
9 001000100100
9 001000100100
9 001000100100
9 001000100100
9 001000100100
9 001000100100
9 001000100100

12 000010010001
12 000010010001
11 000010010001
11 000010010001
11 000010010001
11 000010010001
11 000010010001
11 000010010001
11 000010010001
11 000010010001
11 000010010001
11 000010010001
11 000010010001
11 000010010001
6 000010010001
6 000010010001

12 001000100001
12 001000100001
12 001000100001
12 001000100001
12 001000100001
12 001000100001
12 001000100001
12 001000100001
12 001000100001
12 001000100001
12 001000100001
12 001000100001
12 001000100001
12 001000100001
12 001000100001
12 001000100001

12 100010010000
12 100010010000
7 100010010000
7 100010010000
6 100010010000
6 100010010000
4 100010010000
4 100010010000
2 001000100100
2 001000100100
2 001000100100
2 001000100100
0 001000100100
0 001000100100
0 001000100100
0 001000100100

2 001000010001
2 001000010001
2 001000010001
0 001000010001
11 001000010001
11 001000010001
11 001000010001
9 001000010001
11 000010010001
9 000010010001
7 000010010001
7 000010010001
7 000010010001
7 000010010001
7 000010010001
7 000010010001

12 100010010000
12 100010010000
7 100010010000
7 100010010000
6 100010010000
6 100010010000
4 100010010000
4 100010010000
2 001000100100
2 001000100100
2 001000100100
2 001000100100
11 001000100100
9 001000100100
9 001000100100
9 001000100100

7 001000010001
7 001000010001
7 001000010001
7 001000010001
7 001000010001
7 001000010001
7 001000010001
7 001000010001
7 001000010001
7 001000010001
7 001000010001
7 001000010001
4 001000010001
4 001000010001
4 001000010001
4 001000010001

2 001000010001
2 001000010001
2 001000010001
0 001000010001
11 001000010001
11 001000010001
11 001000010001
11 001000010001
11 001000010001
11 001000010001
11 001000010001
11 001000010001
11 001000010001
11 001000010001
2 001000010001
2 001000010001

0 001000100100
0 001000100100
0 001000100100
11 001000100100
9 001000100100
9 001000100100
9 001000100100
9 001000100100
9 001000100100
9 001000100100
9 001000100100
9 001000100100
9 001000100100
9 001000100100
9 001000100100
9 001000100100

12 000010010001
12 000010010001
11 000010010001
11 000010010001
11 000010010001
11 000010010001
11 000010010001
11 000010010001
11 000010010001
11 000010010001
11 000010010001
11 000010010001
11 000010010001
11 000010010001
11 000010010001
11 000010010001

6 001000100001
6 001000100001
6 001000100001
6 001000100001
6 001000100001
6 001000100001
6 001000100001
6 001000100001
6 001000100001
6 001000100001
6 001000100001
6 001000100001
4 001000100001
4 001000100001
4 001000100001
4 001000100001

2 001000010001
2 001000010001
2 001000010001
0 001000010001
11 001000010001
11 001000010001
11 001000010001
11 001000010001
11 001000010001
11 001000010001
11 001000010001
11 001000010001
11 001000010001
11 001000010001
2 001000010001
2 001000010001

0 001000100100
0 001000100100
0 001000100100
11 001000100100
9 001000100100
9 001000100100
9 001000100100
9 001000100100
9 001000100100
9 001000100100
9 001000100100
9 001000100100
9 001000100100
9 001000100100
9 001000100100
9 001000100100

12 000010010001
12 000010010001
11 000010010001
11 000010010001
11 000010010001
11 000010010001
11 000010010001
11 000010010001
11 000010010001
11 000010010001
11 000010010001
11 000010010001
11 000010010001
11 000010010001
6 000010010001
6 000010010001

12 001000100001
12 001000100001
12 001000100001
12 001000100001
12 001000100001
12 001000100001
12 001000100001
12 001000100001
12 001000100001
12 001000100001
12 001000100001
12 001000100001
12 001000100001
12 001000100001
12 001000100001
12 001000100001

12 100010010000
12 100010010000
7 100010010000
7 100010010000
6 100010010000
6 100010010000
4 100010010000
4 100010010000
2 001000100100
2 001000100100
2 001000100100
2 001000100100
0 001000100100
0 001000100100
0 001000100100
0 001000100100

2 001000010001
2 001000010001
2 001000010001
0 001000010001
11 001000010001
11 001000010001
11 001000010001
9 001000010001
11 000010010001
9 000010010001
7 000010010001
7 000010010001
7 000010010001
7 000010010001
7 000010010001
7 000010010001

12 100010010000
12 100010010000
7 100010010000
7 100010010000
6 100010010000
6 100010010000
4 100010010000
4 100010010000
2 001000100100
2 001000100100
2 001000100100
2 001000100100
9 001000100100
9 001000100100
9 001000100100
9 001000100100

7 001000010001
7 001000010001
7 001000010001
7 001000010001
7 001000010001
7 001000010001
7 001000010001
7 001000010001
7 001000010001
7 001000010001
7 001000010001
7 001000010001
7 001000010001
7 001000010001
7 001000010001
7 001000010001

12 101001000100
12 101001000100
12 101001000100
12 101001000100
9 101001000100
9 101001000100
9 101001000100
9 101001000100
0 101001000100
0 101001000100
0 101001000100
0 101001000100
4 101001000100
4 101001000100
4 101001000100
4 101001000100

2 001000010001
2 001000010001
2 001000010001
2 001000010001
0 001000010001
0 001000010001
0 001000010001
0 001000010001
11 001000010001
11 001000010001
11 001000010001
11 001000010001
9 001000010001
9 001000010001
9 001000010001
9 001000010001

7 100010010000
7 100010010000
7 100010010000
7 100010010000
7 100010010000
7 100010010000
7 100010010000
7 100010010000
7 100010010000
7 100010010000
7 100010010000
7 100010010000
7 100010010000
7 100010010000
7 100010010000
7 100010010000

9 100010000100
9 100010000100
9 100010000100
9 100010000100
9 100010000100
9 100010000100
9 100010000100
9 100010000100
9 100010000100
9 100010000100
9 100010000100
9 100010000100
9 100010000100
9 100010000100
9 100010000100
9 100010000100

12 101001000100
12 101001000100
12 101001000100
12 101001000100
9 101001000100
9 101001000100
9 101001000100
9 101001000100
0 101001000100
0 101001000100
0 101001000100
0 101001000100
4 101001000100
4 101001000100
4 101001000100
4 101001000100

2 001000010001
2 001000010001
2 001000010001
2 001000010001
0 001000010001
0 001000010001
0 001000010001
0 001000010001
11 001000010001
11 001000010001
11 001000010001
11 001000010001
9 001000010001
9 001000010001
9 001000010001
9 001000010001

7 100010010000
7 100010010000
7 100010010000
7 100010010000
7 100010010000
7 100010010000
7 100010010000
7 100010010000
7 100010010000
7 100010010000
0 100010010000
0 100010010000
0 100010010000
0 100010010000
2 100010010000
2 100010010000

12 001000100100
12 001000100100
12 001000100100
12 001000100100
12 001000100100
12 001000100100
12 001000100100
12 001000100100
12 001000100100
12 001000100100
0 001000100100
0 001000100100
0 100010010000
0 100010010000
2 100010010000
2 100010010000

12 001000100100
12 001000100100
12 001000100100
12 001000100100
12 001000100100
12 001000100100
12 001000100100
12 001000100100
12 001000100100
12 001000100100
0 001000100100
0 001000100100
0 100010010000
0 100010010000
2 100010010000
2 100010010000

12 001000100100
12 001000100100
12 001000100100
12 001000100100
12 001000100100
12 001000100100
12 001000100100
12 001000100100
12 001000100100
12 001000100100
12 001000100100
12 001000100100
12 001000100100
12 001000100100
12 001000100100
12 001000100100

12 001000100100
12 001000100100
12 001000100100
12 001000100100
12 001000100100
12 001000100100
12 001000100100
12 001000100100
12 001000100100
12 001000100100
12 001000100100
12 001000100100
4 001000100100
4 001000100100
4 001000100100
4 001000100100

2 001000010001
2 001000010001
2 001000010001
0 001000010001
11 001000010001
11 001000010001
11 001000010001
11 001000010001
11 001000010001
11 001000010001
11 001000010001
11 001000010001
11 001000010001
11 001000010001
2 001000010001
2 001000010001

0 001000100100
11 001000100100
11 001000100100
9 001000100100
9 001000100100
9 001000100100
9 001000100100
9 001000100100
9 001000100100
9 001000100100
9 001000100100
9 001000100100
9 001000100100
9 001000100100
9 001000100100
9 001000100100

12 000010010001
12 000010010001
11 000010010001
11 000010010001
11 000010010001
11 000010010001
11 000010010001
11 000010010001
11 000010010001
11 000010010001
11 000010010001
11 000010010001
11 000010010001
11 000010010001
11 000010010001
11 000010010001

6 001000100001
6 001000100001
6 001000100001
6 001000100001
6 001000100001
6 001000100001
6 001000100001
6 001000100001
6 001000100001
6 001000100001
6 001000100001
6 001000100001
4 001000100001
4 001000100001
4 001000100001
4 001000100001

2 001000010001
2 001000010001
2 001000010001
0 001000010001
11 001000010001
11 001000010001
11 001000010001
11 001000010001
11 001000010001
11 001000010001
11 001000010001
11 001000010001
11 001000010001
11 001000010001
2 001000010001
2 001000010001

0 001000100100
11 001000100100
11 001000100100
9 001000100100
9 001000100100
9 001000100100
9 001000100100
9 001000100100
9 001000100100
9 001000100100
9 001000100100
9 001000100100
9 001000100100
9 001000100100
9 001000100100
9 001000100100

12 000010010001
12 000010010001
11 000010010001
11 000010010001
11 000010010001
11 000010010001
11 000010010001
11 000010010001
11 000010010001
11 000010010001
11 000010010001
11 000010010001
11 000010010001
11 000010010001
6 000010010001
6 000010010001

12 001000100001
12 001000100001
12 001000100001
12 001000100001
12 001000100001
12 001000100001
12 001000100001
12 001000100001
12 001000100001
12 001000100001
12 001000100001
12 001000100001
12 001000100001
12 001000100001
12 001000100001
12 001000100001

12 100010010000
12 100010010000
7 100010010000
7 100010010000
6 100010010000
6 100010010000
4 100010010000
4 100010010000
2 001000100100
2 001000100100
2 001000100100
2 001000100100
0 001000100100
0 001000100100
0 001000100100
0 001000100100

2 001000010001
2 001000010001
2 001000010001
0 001000010001
11 001000010001
11 001000010001
11 001000010001
9 001000010001
11 000010010001
9 000010010001
7 000010010001
7 000010010001
7 000010010001
7 000010010001
7 000010010001
7 000010010001

12 100010010000
12 100010010000
7 100010010000
7 100010010000
6 100010010000
6 100010010000
4 100010010000
4 100010010000
2 001000100100
2 001000100100
2 001000100100
2 001000100100
9 001000100100
9 001000100100
9 001000100100
9 001000100100

7 001000010001
7 001000010001
7 001000010001
7 001000010001
7 001000010001
7 001000010001
7 001000010001
7 001000010001
7 001000010001
7 001000010001
7 001000010001
7 001000010001
7 001000010001
7 001000010001
7 001000010001
7 001000010001

12 101001000100
12 101001000100
12 101001000100
12 101001000100
9 101001000100
9 101001000100
9 101001000100
9 101001000100
0 101001000100
0 101001000100
0 101001000100
0 101001000100
4 101001000100
4 101001000100
4 101001000100
4 101001000100

2 001000010001
2 001000010001
2 001000010001
2 001000010001
0 001000010001
0 001000010001
0 001000010001
0 001000010001
11 001000010001
11 001000010001
11 001000010001
11 001000010001
9 001000010001
9 001000010001
9 001000010001
9 001000010001

7 100010010000
7 100010010000
7 100010010000
7 100010010000
7 100010010000
7 100010010000
7 100010010000
7 100010010000
7 100010010000
7 100010010000
7 100010010000
7 100010010000
7 100010010000
7 100010010000
7 100010010000
7 100010010000

9 100010000100
9 100010000100
9 100010000100
9 100010000100
9 100010000100
9 100010000100
9 100010000100
9 100010000100
9 100010000100
9 100010000100
9 100010000100
9 100010000100
9 100010000100
9 100010000100
9 100010000100
9 100010000100

12 101001000100
12 101001000100
12 101001000100
12 101001000100
9 101001000100
9 101001000100
9 101001000100
9 101001000100
0 101001000100
0 101001000100
0 101001000100
0 101001000100
4 101001000100
4 101001000100
4 101001000100
4 101001000100

2 001000010001
2 001000010001
2 001000010001
2 001000010001
0 001000010001
0 001000010001
0 001000010001
0 001000010001
11 001000010001
11 001000010001
11 001000010001
11 001000010001
9 001000010001
9 001000010001
9 001000010001
9 001000010001

7 100010010000
7 100010010000
7 100010010000
7 100010010000
7 100010010000
7 100010010000
7 100010010000
7 100010010000
7 100010010000
7 100010010000
0 100010010000
0 100010010000
0 100010010000
0 100010010000
2 100010010000
2 100010010000

12 001000100100
12 001000100100
12 001000100100
12 001000100100
12 001000100100
12 001000100100
12 001000100100
12 001000100100
12 001000100100
12 001000100100
0 001000100100
0 001000100100
0 100010010000
0 100010010000
2 100010010000
2 100010010000

12 001000100100
12 001000100100
12 001000100100
12 001000100100
12 001000100100
12 001000100100
12 001000100100
12 001000100100
12 001000100100
12 001000100100
0 001000100100
0 001000100100
0 100010010000
0 100010010000
2 100010010000
2 100010010000

12 001000100100
12 001000100100
12 001000100100
12 001000100100
12 001000100100
12 001000100100
12 001000100100
12 001000100100
12 001000100100
12 001000100100
12 001000100100
12 001000100100
12 001000100100
12 001000100100
12 001000100100
12 001000100100

12 001000100100
12 001000100100
12 001000100100
12 001000100100
12 001000100100
12 001000100100
12 001000100100
12 001000100100
12 001000100100
12 001000100100
12 001000100100
12 001000100100
4 001000100100
4 001000100100
4 001000100100
4 001000100100

2 001000010001
2 001000010001
2 001000010001
0 001000010001
11 001000010001
11 001000010001
11 001000010001
11 001000010001
11 001000010001
11 001000010001
11 001000010001
11 001000010001
11 001000010001
11 001000010001
2 001000010001
2 001000010001

0 001000100100
11 001000100100
11 001000100100
11 001000100100
9 001000100100
9 001000100100
9 001000100100
9 001000100100
9 001000100100
9 001000100100
9 001000100100
9 001000100100
9 001000100100
9 001000100100
9 001000100100
9 001000100100

12 000010010001
12 000010010001
11 000010010001
11 000010010001
11 000010010001
11 000010010001
11 000010010001
11 000010010001
11 000010010001
11 000010010001
11 000010010001
11 000010010001
11 000010010001
11 000010010001
11 000010010001
11 000010010001

6 001000100001
6 001000100001
6 001000100001
6 001000100001
6 001000100001
6 001000100001
6 001000100001
6 001000100001
6 001000100001
6 001000100001
6 001000100001
6 001000100001
4 001000100001
4 001000100001
4 001000100001
4 001000100001

2 001000010001
2 001000010001
2 001000010001
0 001000010001
11 001000010001
11 001000010001
11 001000010001
11 001000010001
11 001000010001
11 001000010001
11 001000010001
11 001000010001
11 001000010001
11 001000010001
2 001000010001
2 001000010001

0 001000100100
11 001000100100
11 001000100100
11 001000100100
9 001000100100
9 001000100100
9 001000100100
9 001000100100
9 001000100100
9 001000100100
9 001000100100
9 001000100100
9 001000100100
9 001000100100
9 001000100100
9 001000100100

12 000010010001
12 000010010001
11 000010010001
11 000010010001
11 000010010001
11 000010010001
11 000010010001
11 000010010001
11 000010010001
11 000010010001
11 000010010001
11 000010010001
11 000010010001
11 000010010001
6 000010010001
6 000010010001

12 001000100001
12 001000100001
12 001000100001
12 001000100001
12 001000100001
12 001000100001
12 001000100001
12 001000100001
12 001000100001
12 001000100001
12 001000100001
12 001000100001
12 001000100001
12 001000100001
12 001000100001
12 001000100001

12 100010010000
12 100010010000
7 100010010000
7 100010010000
6 100010010000
6 100010010000
4 100010010000
4 100010010000
2 001000100100
2 001000100100
2 001000100100
2 001000100100
0 001000100100
0 001000100100
0 001000100100
0 001000100100

2 001000010001
2 001000010001
2 001000010001
0 001000010001
11 001000010001
11 001000010001
11 001000010001
9 001000010001
11 000010010001
9 000010010001
7 000010010001
7 000010010001
7 000010010001
7 000010010001
7 000010010001
7 000010010001

12 100010010000
12 100010010000
7 100010010000
7 100010010000
6 100010010000
6 100010010000
4 100010010000
4 100010010000
2 001000100100
2 001000100100
2 001000100100
2 001000100100
0 001000100100
0 001000100100
0 001000100100
0 001000100100

11 001000100001
11 001000100001
11 001000100001
11 001000100001
11 001000100001
11 001000100001
11 001000100001
11 001000100001
11 001000100001
11 001000100001
11 001000100001
11 001000100001
11 001000100001
11 001000100001
11 001000100001
11 001000100001

12 100010010000
12 100010010000
7 100010010000
7 100010010000
6 100010010000
6 100010010000
4 100010010000
4 100010010000
2 001000100100
2 001000100100
2 001000100100
2 001000100100
11 001000100100
9 001000100100
9 001000100100
9 001000100100

7 100010010000
7 100010010000
7 100010010000
7 100010010000
7 100010010000
7 100010010000
7 100010010000
7 100010010000
7 100010010000
7 100010010000
7 100010010000
7 100010010000
7 100010010000
7 100010010000
7 100010010000
7 100010010000

12 001000010001
12 001000010001
12 001000010001
12 001000010001
12 001000010001
12 001000010001
12 001000010001
12 001000010001
12 001000010001
12 001000010001
12 001000010001
12 001000010001
12 001000010001
12 001000010001
12 001000010001
12 001000010001

