12 100100001000
12 100100001000
12 100100001000
12 100100001000
12 100100001000
12 100100001000
12 100100001000
12 100100001000
12 100100001000
12 100100001000
12 100100001000
12 100100001000
12 100100001000
12 100100001000
12 100100001000
12 100100001000

12 010001001000
12 010001001000
12 010001001000
12 010001001000
12 010001001000
12 010001001000
12 010001001000
12 010001001000
12 010001001000
12 010001001000
12 010001001000
12 010001001000
12 010001001000
12 010001001000
12 010001001000
12 010001001000

12 100001001000
12 100001001000
12 100001001000
12 100001001000
12 100100001000
12 100100001000
12 100100001000
12 100100001000
12 010001001000
12 010001001000
12 010001001000
12 010001001000
12 100100001000
12 100100001000
12 100100001000
12 100100001000

12 010001000010
12 010001000010
12 010001000010
12 010001000010
12 000100010010
12 000100010010
12 000100010010
12 000100010010
12 100100001000
12 100100001000
12 100100001000
12 100100001000
12 100100001000
12 100100001000
12 100100001000
12 100100001000

12 100100001000
12 100100001000
12 100100001000
12 100100001000
12 100100001000
12 100100001000
12 100100001000
12 100100001000
12 100100001000
12 100100001000
12 100100001000
12 100100001000
12 100100001000
12 100100001000
12 100100001000
12 100100001000

12 010001001000
12 010001001000
12 010001001000
12 010001001000
12 010001001000
12 010001001000
12 010001001000
12 010001001000
12 010001001000
12 010001001000
12 010001001000
12 010001001000
12 010001001000
12 010001001000
12 010001001000
12 010001001000

12 100001001000
12 100001001000
12 100001001000
12 100001001000
12 100100001000
12 100100001000
12 100100001000
12 100100001000
12 010001001000
12 010001001000
12 010001001000
12 010001001000
12 100100001000
12 100100001000
12 100100001000
12 100100001000

12 010001000010
12 010001000010
12 010001000010
12 010001000010
12 000100010010
12 000100010010
12 000100010010
12 000100010010
12 100100001000
12 100100001000
12 100100001000
12 100100001000
12 100100001000
3 100100001000
3 100100001000
3 100100001000

0 100100001000
0 100100001000
0 100100001000
0 100100001000
0 100100001000
0 100100001000
10 100100001000
10 100100001000
10 100100001000
10 100100001000
10 100100001000
10 100100001000
0 100100001000
0 100100001000
10 100100001000
8 100100001000

10 010001001000
10 010001001000
8 010001001000
8 010001001000
8 010001001000
8 010001001000
8 010001001000
8 010001001000
8 010001000010
8 010001000010
8 010001000010
5 010001000010
10 000100010010
5 000100010010
5 000100010010
5 000100010010

12 100001001000
12 100001001000
12 100001001000
12 100001001000
12 100100001000
10 100100001000
10 100100001000
10 100100001000
8 010001001000
8 010001001000
8 010001001000
8 010001001000
8 100100001000
8 100100001000
8 100100001000
8 100100001000

12 010001000010
12 010001000010
12 010001000010
12 010001000010
12 000100010010
12 000100010010
12 000100010010
12 000100010010
12 100100001000
12 100100001000
12 100100001000
12 100100001000
12 100100001000
12 100100001000
12 100100001000
12 100100001000

3 100100001000
5 100100001000
5 100100001000
8 100100001000
8 100100001000
10 100100001000
10 100100001000
10 100100001000
10 100100001000
5 100100001000
5 100100001000
5 100100001000
5 100100001000
5 100100001000
5 100100001000
5 100100001000

3 010001001000
3 010001001000
5 010001001000
5 010001001000
8 010001001000
10 010001001000
10 010001001000
0 010001001000
0 010001001000
0 010001001000
0 010001001000
0 010001001000
0 010001001000
0 010001001000
0 010001001000
0 010001001000

3 100001001000
0 100001001000
0 100001001000
0 100001001000
0 100100001000
10 100100001000
10 100100001000
0 100100001000
0 010001001000
8 010001001000
8 010001001000
8 010001001000
8 100100001000
5 100100001000
5 100100001000
5 100100001000

8 010001000010
8 010001000010
5 010001000010
5 010001000010
8 000100010010
8 000100010010
8 000100010010
5 000100010010
5 100100001000
3 100100001000
3 100100001000
3 100100001000
3 100100001000
3 100100001000
3 100100001000
3 100100001000

3 100100001000
3 100100001000
5 100100001000
5 100100001000
8 100100001000
8 100100001000
10 100100001000
10 100100001000
10 100100001000
5 100100001000
5 100100001000
5 100100001000
5 100100001000
5 100100001000
3 100100001000
3 100100001000

3 010001001000
3 010001001000
5 010001001000
5 010001001000
8 010001001000
10 010001001000
10 010001001000
0 010001001000
0 010001001000
0 010001001000
0 010001001000
0 010001001000
0 010001001000
0 010001001000
0 010001001000
0 010001001000

3 100001001000
3 100001001000
0 100001001000
0 100001001000
0 100100001000
0 100100001000
10 100100001000
0 100100001000
0 010001001000
8 010001001000
8 010001001000
10 010001001000
10 100100001000
10 100100001000
10 100100001000
3 100100001000

5 010001000010
5 010001000010
5 010001000010
5 010001000010
5 000100010010
5 000100010010
5 000100010010
3 000100010010
3 100100001000
3 100100001000
3 100100001000
3 100100001000
3 100100001000
3 100100001000
3 100100001000
3 100100001000

3 100100001000
3 100100001000
3 100100001000
3 100100001000
0 100100001000
10 100100001000
10 100100001000
8 100100001000
8 100100001000
10 100100001000
10 100100001000
0 100100001000
0 100100001000
8 100100001000
8 100100001000
10 100100001000

12 010001001000
12 010001001000
12 010001001000
12 010001001000
12 010001001000
12 010001001000
12 010001001000
12 010001001000
12 010001000010
12 010001000010
12 010001000010
12 010001000010
12 000100010010
12 000100010010
12 000100010010
12 000100010010

0 100001001000
0 100001001000
0 100001001000
0 100001001000
0 100100001000
0 100100001000
0 100100001000
0 100100001000
0 010001001000
0 010001001000
0 010001001000
0 010001001000
0 100100001000
0 100100001000
0 100100001000
0 100100001000

0 010001000010
0 010001000010
0 010001000010
10 010001000010
8 000100010010
8 000100010010
8 000100010010
0 000100010010
0 100100001000
8 100100001000
10 100100001000
10 100100001000
8 100100001000
8 100100001000
8 100100001000
8 100100001000

3 100100001000
3 100100001000
3 100100001000
3 100100001000
0 100100001000
10 100100001000
10 100100001000
8 100100001000
8 100100001000
10 100100001000
10 100100001000
0 100100001000
0 100100001000
0 100100001000
0 100100001000
8 100100001000

10 010001001000
10 010001001000
8 010001001000
5 010001001000
5 010001001000
5 010001001000
5 010001001000
5 010001001000
5 010001000010
5 010001000010
5 010001000010
5 010001000010
5 000100010010
5 000100010010
8 000100010010
8 000100010010

0 100001001000
0 100001001000
0 100001001000
0 100001001000
0 100100001000
0 100100001000
0 100100001000
0 100100001000
0 010001001000
0 010001001000
0 010001001000
0 010001001000
0 100100001000
0 100100001000
0 100100001000
0 100100001000

0 010001000010
0 010001000010
0 010001000010
0 010001000010
0 010001000010
0 010001000010
0 010001000010
0 010001000010
8 000100010010
8 000100010010
10 000100010010
10 000100010010
10 000100010010
10 000100010010
8 000100010010
8 000100010010

12 100100001000
12 100100001000
12 100100001000
12 100100001000
12 100100001000
12 100100001000
12 100100001000
5 100100001000
5 010001001000
8 010001001000
8 010001001000
10 010001001000
10 010001001000
5 010001001000
5 010001001000
5 010001001000

12 100100001000
12 100100001000
12 100100001000
12 100100001000
12 100100001000
12 100100001000
12 100100001000
1 100100001000
1 010001001000
0 010001001000
0 010001001000
10 010001001000
10 010001001000
8 010001001000
8 010001001000
8 010001001000

12 100100001000
12 100100001000
12 100100001000
12 100100001000
12 100100001000
12 100100001000
12 100100001000
5 100100001000
5 010001001000
8 010001001000
8 010001001000
10 010001001000
10 010001001000
5 010001001000
5 010001001000
5 010001001000

12 100100001000
12 100100001000
12 100100001000
12 100100001000
12 100100001000
12 100100001000
12 100100001000
1 100100001000
1 010001001000
0 010001001000
0 010001001000
10 010001001000
10 010001001000
8 010001001000
8 010001001000
8 010001001000

3 100100001000
3 100100001000
3 100100001000
0 100100001000
0 100100001000
0 100100001000
10 100100001000
0 100100001000
0 100100001000
8 100100001000
8 100100001000
10 100100001000
5 100100001000
5 100100001000
5 100100001000
5 100100001000

8 010001001000
8 010001001000
8 010001001000
8 010001001000
8 010001001000
8 010001001000
8 010001001000
0 010001001000
0 010001001000
0 010001001000
0 010001001000
0 010001001000
0 010001001000
0 010001001000
0 010001001000
0 010001001000

10 100001001000
10 100001001000
10 100001001000
0 100001001000
0 100100001000
8 100100001000
8 100100001000
8 100100001000
5 010001001000
5 010001001000
5 010001001000
5 010001001000
5 100100001000
5 100100001000
3 100100001000
3 100100001000

8 010001000010
8 010001000010
5 010001000010
5 010001000010
8 000100010010
8 000100010010
8 000100010010
5 000100010010
3 100100001000
3 100100001000
3 100100001000
3 100100001000
3 100100001000
3 100100001000
3 100100001000
3 100100001000

3 100100001000
3 100100001000
0 100100001000
0 100100001000
0 100100001000
0 100100001000
10 100100001000
10 100100001000
10 100100001000
8 100100001000
10 100100001000
10 100100001000
8 100100001000
8 100100001000
5 100100001000
5 100100001000

8 010001001000
8 010001001000
8 010001001000
8 010001001000
8 010001001000
8 010001001000
8 010001001000
0 010001001000
0 010001001000
0 010001001000
0 010001001000
0 010001001000
0 010001001000
0 010001001000
0 010001001000
0 010001001000

10 100001001000
10 100001001000
10 100001001000
10 100001001000
0 100100001000
0 100100001000
8 100100001000
8 100100001000
5 010001001000
5 010001001000
5 010001001000
5 010001001000
5 100100001000
3 100100001000
5 100100001000
5 100100001000

8 010001000010
8 010001000010
5 010001000010
5 010001000010
8 000100010010
8 000100010010
8 000100010010
3 000100010010
3 100100001000
3 100100001000
0 100100001000
0 100100001000
10 100100001000
8 100100001000
10 100100001000
10 100100001000

3 100100001000
3 100100001000
3 100100001000
3 100100001000
0 100100001000
10 100100001000
10 100100001000
8 100100001000
8 100100001000
10 100100001000
10 100100001000
0 100100001000
0 100100001000
0 100100001000
8 100100001000
0 100100001000

12 010001001000
8 010001001000
8 010001001000
10 010001001000
10 010001001000
8 010001001000
5 010001001000
5 010001001000
5 010001000010
5 010001000010
5 010001000010
5 010001000010
5 000100010010
5 000100010010
5 000100010010
5 000100010010

0 100001001000
0 100001001000
0 100001001000
0 100001001000
0 100100001000
0 100100001000
0 100100001000
0 100100001000
0 010001001000
0 010001001000
0 010001001000
0 010001001000
0 100100001000
0 100100001000
0 100100001000
0 100100001000

12 010001000010
8 010001000010
10 010001000010
5 010001000010
5 000100010010
5 000100010010
5 000100010010
0 000100010010
0 100100001000
8 100100001000
10 100100001000
10 100100001000
8 100100001000
8 100100001000
8 100100001000
8 100100001000

3 100100001000
3 100100001000
3 100100001000
3 100100001000
0 100100001000
10 100100001000
10 100100001000
8 100100001000
8 100100001000
10 100100001000
10 100100001000
0 100100001000
0 100100001000
0 100100001000
0 100100001000
8 100100001000

10 010001001000
10 010001001000
8 010001001000
5 010001001000
5 010001001000
5 010001001000
5 010001001000
5 010001001000
5 010001000010
5 010001000010
5 010001000010
5 010001000010
5 000100010010
5 000100010010
8 000100010010
8 000100010010

0 100001001000
0 100001001000
0 100001001000
0 100001001000
0 100100001000
0 100100001000
0 100100001000
0 100100001000
0 010001001000
0 010001001000
0 010001001000
0 010001001000
0 100100001000
0 100100001000
0 100100001000
0 100100001000

3 100100001000
0 100100001000
0 100100001000
8 100100001000
8 100100010000
8 100100010000
8 100100010000
8 100100010000
8 010001000010
10 010001000010
10 010001000010
10 010001000010
10 100100001000
8 100100001000
8 100100001000
8 100100001000

12 100100001000
12 100100001000
12 100100001000
12 100100001000
12 100100010000
12 100100010000
12 100100010000
12 100100010000
12 010001000010
12 010001000010
12 010001000010
12 010001000010
12 100100001000
12 100100001000
12 100100001000
12 100100001000

12 100100001000
12 100100001000
12 100100001000
12 100100001000
12 100100010000
12 100100010000
12 100100010000
12 100100010000
12 010001000010
12 010001000010
12 010001000010
12 010001000010
12 100100001000
12 100100001000
12 100100001000
12 100100001000

12 100100001000
12 100100001000
12 100100001000
12 100100001000
12 100100010000
12 100100010000
12 100100010000
12 100100010000
12 010001000010
12 010001000010
12 010001000010
12 010001000010
12 100100001000
12 100100001000
12 100100001000
12 100100001000

12 100100001000
12 100100001000
12 100100001000
12 100100001000
12 100100010000
12 100100010000
12 100100010000
12 100100010000
12 010001000010
12 010001000010
12 010001000010
12 010001000010
5 100100001000
5 100100001000
5 100100001000
3 100100001000

12 100100001000
0 100100001000
0 100100001000
0 100100001000
0 100100010000
0 100100010000
0 100100010000
0 100100010000
0 010001000010
0 010001000010
0 010001000010
0 010001000010
5 100100001000
5 100100001000
5 100100001000
3 100100001000

12 100100001000
0 100100001000
0 100100001000
0 100100001000
0 100100010000
0 100100010000
0 100100010000
0 100100010000
0 010001000010
0 010001000010
0 010001000010
0 010001000010
6 100100001000
6 100100001000
6 100100001000
6 100100001000

12 100100001000
12 100100001000
12 100100001000
12 100100001000
12 100100010000
12 100100010000
12 100100010000
12 100100010000
12 010001000010
12 010001000010
12 010001000010
12 010001000010
6 100100001000
6 100100001000
6 100100001000
8 100100001000

12 100100001000
12 100100001000
12 100100001000
12 100100001000
0 100100001000
0 100100001000
0 100100001000
0 100100001000
0 100100001000
0 100100001000
5 100100001000
5 100100001000
8 100100001000
8 100100001000
5 100100001000
5 100100001000

8 010001001000
8 010001001000
8 010001001000
8 010001001000
5 010001001000
5 010001001000
5 010001001000
11 010001001000
11 010001000010
11 010001000010
10 010001000010
8 010001000010
8 000100010010
8 000100010010
5 000100010010
5 000100010010

8 100001001000
8 100001001000
5 100001001000
5 100001001000
5 100100001000
5 100100001000
5 100100001000
5 100100001000
8 010001001000
8 010001001000
5 010001001000
5 010001001000
5 100100001000
5 100100001000
11 100100001000
11 100100001000

10 010001000010
10 010001000010
10 010001000010
10 010001000010
8 010001000010
8 010001000010
8 010001000010
8 010001000010
8 000100010010
8 000100010010
8 000100010010
8 000100010010
5 000100010010
5 000100010010
5 000100010010
5 000100010010

12 100100001000
12 100100001000
12 100100001000
12 100100001000
12 100100001000
12 100100001000
12 100100001000
3 100100001000
3 010001001000
3 010001001000
3 010001001000
3 010001001000
8 010001001000
10 010001001000
10 010001001000
0 010001001000

12 100100001000
12 100100001000
12 100100001000
12 100100001000
12 100100001000
12 100100001000
12 100100001000
12 100100001000
3 010001001000
3 010001001000
1 010001001000
1 010001001000
11 010001001000
8 010001001000
8 010001001000
8 010001001000

3 100100001000
3 100100001000
3 100100001000
3 100100001000
0 100100001000
10 100100001000
10 100100001000
0 100100001000
0 100100001000
8 100100001000
8 100100001000
10 100100001000
10 100100001000
10 100100001000
8 100100001000
11 100100001000

12 010001001000
10 010001001000
10 010001001000
10 010001001000
10 010001001000
0 010001001000
0 010001001000
0 010001001000
3 010001000010
3 010001000010
5 010001000010
5 010001000010
5 000100010010
5 000100010010
8 000100010010
8 000100010010

0 100001001000
0 100001001000
0 100001001000
0 100001001000
0 100100001000
0 100100001000
0 100100001000
0 100100001000
0 010001001000
0 010001001000
0 010001001000
0 010001001000
0 100100001000
0 100100001000
0 100100001000
0 100100001000

5 010001000010
5 010001000010
5 010001000010
5 010001000010
5 010001000010
5 010001000010
5 010001000010
5 010001000010
8 000100010010
8 000100010010
10 000100010010
10 000100010010
10 000100010010
10 000100010010
8 000100010010
8 000100010010

12 100100001000
12 100100001000
12 100100001000
12 100100001000
12 100100001000
12 100100001000
12 100100001000
12 100100001000
3 010001001000
3 010001001000
3 010001001000
3 010001001000
8 010001001000
10 010001001000
10 010001001000
0 010001001000

12 100100001000
12 100100001000
12 100100001000
12 100100001000
12 100100001000
12 100100001000
12 100100001000
12 100100001000
3 010001001000
3 010001001000
1 010001001000
1 010001001000
0 010001001000
8 010001001000
8 010001001000
8 010001001000

3 100100001000
3 100100001000
3 100100001000
3 100100001000
0 100100001000
10 100100001000
10 100100001000
0 100100001000
0 100100001000
8 100100001000
8 100100001000
8 100100001000
8 100100001000
8 100100001000
10 100100001000
10 100100001000

0 010001001000
0 010001001000
0 010001001000
0 010001001000
0 010001001000
0 010001001000
0 010001001000
8 010001001000
1 010001000010
1 010001000010
0 010001000010
0 010001000010
8 000100010010
8 000100010010
10 000100010010
10 000100010010

12 100001001000
12 100001001000
12 100001001000
12 100001001000
8 100100001000
8 100100001000
8 100100001000
8 100100001000
8 010001001000
8 010001001000
8 010001001000
8 010001001000
8 100100001000
8 100100001000
8 100100001000
8 100100001000

12 010001000010
12 010001000010
12 010001000010
12 010001000010
12 010001000010
12 010001000010
12 010001000010
12 010001000010
8 000100010010
8 000100010010
8 000100010010
8 000100010010
8 000100010010
8 000100010010
8 000100010010
8 000100010010

12 100100001000
3 100100001000
5 100100001000
5 100100001000
3 100100001000
6 100100001000
6 100100001000
6 100100001000
6 010001001000
6 010001001000
6 010001001000
6 010001001000
6 010001001000
6 010001001000
6 010001001000
6 010001001000

12 100100001000
12 100100001000
12 100100001000
12 100100001000
12 100100001000
12 100100001000
12 100100001000
12 100100001000
12 010001001000
12 010001001000
12 010001001000
12 010001001000
12 010001001000
12 010001001000
12 010001001000
12 010001001000

