12 100010010000
12 100010010000
12 100010010000
12 100010010000
12 100010010000
12 100010010000
12 100010010000
12 100010010000
12 100010010000
12 100010010000
12 100010010000
12 100010010000
12 100010010000
12 100010010000
12 100010010000
12 100010010000

12 100001000100
12 100001000100
12 100001000100
12 100001000100
12 100001000100
12 100001000100
12 100001000100
12 100001000100
12 100001000100
12 100001000100
12 100001000100
12 100001000100
12 100001000100
12 100001000100
12 100001000100
12 100001000100

12 100010010000
12 100010010000
12 100010010000
12 100010010000
12 100010010000
12 100010010000
12 100010010000
12 100010010000
12 100010010000
12 100010010000
12 100010010000
12 100010010000
12 100010010000
12 100010010000
12 100010010000
12 100010010000

12 100001000100
12 100001000100
12 100001000100
12 100001000100
12 100001000100
12 100001000100
12 100001000100
12 100001000100
12 100001000100
12 100001000100
12 100001000100
12 100001000100
12 100001000100
12 100001000100
12 100001000100
12 100001000100

12 100010010000
12 100010010000
12 100010010000
7 100010010000
7 100010010000
7 100010010000
7 100010010000
7 100010010000
7 100010010000
7 100010010000
7 100010010000
7 100010010000
11 100010010000
11 100010010000
11 100010010000
9 100010010000

12 100001000100
12 100001000100
12 100001000100
12 100001000100
12 100001000100
12 100001000100
12 100001000100
12 100001000100
12 100001000100
12 100001000100
12 100001000100
12 100001000100
12 100001000100
12 100001000100
12 100001000100
12 100001000100

12 100010010000
12 100010010000
12 100010010000
12 100010010000
7 100010010000
7 100010010000
7 100010010000
7 100010010000
7 100010010000
7 100010010000
11 100010010000
11 100010010000
11 100010010000
11 100010010000
11 100010010000
9 100010010000

12 100001000100
12 100001000100
12 100001000100
12 100001000100
12 100001000100
12 100001000100
12 100001000100
12 100001000100
12 100001000100
12 100001000100
12 100001000100
12 100001000100
12 100001000100
12 100001000100
12 100001000100
12 100001000100

12 100010010000
12 100010010000
12 100010010000
12 100010010000
7 100010010000
7 100010010000
7 100010010000
7 100010010000
7 100010010000
7 100010010000
7 100010010000
7 100010010000
11 100010010000
11 100010010000
11 100010010000
9 100010010000

12 100001000100
12 100001000100
12 100001000100
12 100001000100
12 100001000100
12 100001000100
12 100001000100
12 100001000100
12 100001000100
12 100001000100
12 100001000100
12 100001000100
12 100001000100
12 100001000100
12 100001000100
12 100001000100

12 100010010000
12 100010010000
12 100010010000
12 100010010000
12 100010010000
12 100010010000
12 100010010000
7 100010010000
7 100010010000
7 100010010000
7 100010010000
7 100010010000
11 100010010000
11 100010010000
11 100010010000
11 100010010000

9 100001000100
9 100001000100
9 100001000100
9 100001000100
9 100001000100
9 100001000100
9 100001000100
9 100001000100
9 100001000100
9 100001000100
9 100001000100
9 100001000100
9 100001000100
9 100001000100
9 100001000100
9 100001000100

12 100001000100
12 100001000100
12 100001000100
9 100001000100
0 100001000100
9 100001000100
9 100001000100
0 100001000100
0 100010000100
0 100010000100
0 100010000100
0 100010000100
4 100010000100
4 100010000100
4 100010000100
4 100010000100

2 001001000100
2 001001000100
9 001001000100
9 001001000100
9 001001000100
9 001001000100
9 001001000100
9 001001000100
9 100001000100
9 100001000100
9 100001000100
9 100001000100
9 100001000100
9 100001000100
9 100001000100
9 100001000100

11 001000010001
11 001000010001
11 001000010001
11 001000010001
11 001000010001
11 001000010001
11 001000010001
11 001000010001
11 001000010001
11 001000010001
11 001000010001
11 001000010001
0 001000010001
0 001000010001
2 001000010001
2 001000010001

12 001000010001
12 001000010001
12 001000010001
12 001000010001
12 001000010001
12 001000010001
12 001000010001
12 001000010001
4 001000010001
4 001000010001
7 001000010001
7 001000010001
7 001000010001
7 001000010001
4 001000010001
2 001000010001

0 100010010000
0 100010010000
0 100010010000
0 100010010000
0 100010010000
0 100010010000
7 100010010000
7 100010010000
7 100010010000
7 100010010000
7 100010010000
7 100010010000
11 100010010000
11 100010010000
11 100010010000
11 100010010000

9 100001000100
9 100001000100
9 100001000100
9 100001000100
9 100001000100
9 100001000100
9 100001000100
9 100001000100
9 100001000100
9 100001000100
9 100001000100
9 100001000100
9 100001000100
9 100001000100
9 100001000100
9 100001000100

12 100010010000
12 100010010000
12 100010010000
4 100010010000
7 100010010000
7 100010010000
7 100010010000
7 100010010000
7 100010010000
7 100010010000
7 100010010000
7 100010010000
11 100010010000
11 100010010000
11 100010010000
9 100010010000

12 100001000100
12 100001000100
12 100001000100
12 100001000100
12 100001000100
12 100001000100
12 100001000100
12 100001000100
12 100001000100
12 100001000100
12 100001000100
12 100001000100
12 100001000100
12 100001000100
12 100001000100
12 100001000100

12 100010010000
12 100010010000
12 100010010000
12 100010010000
7 100010010000
7 100010010000
7 100010010000
7 100010010000
7 100010010000
7 100010010000
7 100010010000
7 100010010000
11 100010010000
11 100010010000
11 100010010000
9 100010010000

12 100001000100
12 100001000100
9 100001000100
9 100001000100
9 100001000100
9 100001000100
9 100001000100
9 100001000100
9 100001000100
9 100001000100
9 100001000100
9 100001000100
9 100001000100
9 100001000100
9 100001000100
9 100001000100

12 100010010000
12 100010010000
12 100010010000
12 100010010000
7 100010010000
7 100010010000
7 100010010000
7 100010010000
7 100010010000
7 100010010000
11 100010010000
11 100010010000
11 100010010000
11 100010010000
11 100010010000
9 100010010000

12 100001000100
12 100001000100
12 100001000100
12 100001000100
12 100001000100
12 100001000100
12 100001000100
12 100001000100
12 100001000100
12 100001000100
12 100001000100
12 100001000100
12 100001000100
12 100001000100
12 100001000100
12 100001000100

12 100001000100
12 100001000100
9 100001000100
9 100001000100
0 100001000100
0 100001000100
9 100001000100
9 100001000100
0 100010000100
0 100010000100
0 100010000100
0 100010000100
4 100010000100
4 100010000100
4 100010000100
4 100010000100

2 001001000100
0 001001000100
9 001001000100
9 001001000100
9 001001000100
9 001001000100
9 001001000100
9 001001000100
9 100001000100
9 100001000100
9 100001000100
9 100001000100
9 100001000100
9 100001000100
9 100001000100
9 100001000100

11 001000010001
11 001000010001
11 001000010001
11 001000010001
11 001000010001
11 001000010001
11 001000010001
11 001000010001
11 001000010001
11 001000010001
11 001000010001
11 001000010001
0 001000010001
0 001000010001
2 001000010001
2 001000010001

12 001000010001
12 001000010001
12 001000010001
12 001000010001
12 001000010001
12 001000010001
12 001000010001
12 001000010001
4 001000010001
4 001000010001
7 001000010001
7 001000010001
7 001000010001
7 001000010001
4 001000010001
2 001000010001

0 100001000100
0 100001000100
0 100001000100
0 100001000100
0 100001000100
9 100001000100
9 100001000100
0 100001000100
11 001000010001
11 001000010001
0 001000010001
11 001000010001
9 001000010001
9 001000010001
9 001000010001
11 001000010001

0 100010010000
0 100010010000
0 100010010000
0 100010010000
0 100010010000
0 100010010000
0 100010010000
0 100010010000
0 000010001001
0 000010001001
0 000010001001
0 000010001001
0 000010001001
0 000010001001
0 000010001001
0 000010001001

12 100001000100
12 100001000100
12 100001000100
12 100001000100
12 100001000100
9 100001000100
0 100001000100
0 100001000100
11 001000010001
11 001000010001
11 001000010001
9 001000010001
9 001000010001
9 001000010001
4 001000010001
4 001000010001

12 100010010000
12 100010010000
12 100010010000
12 100010010000
12 100010010000
12 100010010000
12 100010010000
12 100010010000
12 000010001001
12 000010001001
12 000010001001
12 000010001001
12 000010001001
12 000010001001
12 000010001001
12 000010001001

12 100001000100
12 100001000100
12 100001000100
9 100001000100
9 100001000100
9 100001000100
0 100001000100
0 100001000100
11 001000010001
11 001000010001
0 001000010001
11 001000010001
9 001000010001
9 001000010001
9 001000010001
11 001000010001

0 100010010000
0 100010010000
0 100010010000
9 100010010000
7 100010010000
7 100010010000
7 100010010000
7 100010010000
7 000010001001
7 000010001001
7 000010001001
7 000010001001
7 000010001001
7 000010001001
7 000010001001
7 000010001001

12 100001000100
12 100001000100
12 100001000100
12 100001000100
12 100001000100
12 100001000100
0 100001000100
0 100001000100
2 001000010001
2 001000010001
4 001000010001
2 001000010001
0 001000010001
0 001000010001
2 001000010001
2 001000010001

2 100010010000
0 100010010000
0 100010010000
0 100010010000
0 100010010000
0 100010010000
0 100010010000
0 100010010000
0 100010010000
0 100010010000
0 100010010000
0 100010010000
0 100010010000
0 100010010000
0 100010010000
0 100010010000

12 100010010000
12 100010010000
12 100010010000
7 100010010000
7 100010010000
7 100010010000
7 100010010000
7 100010010000
7 100010010000
7 100010010000
7 100010010000
7 100010010000
11 100010010000
11 100010010000
11 100010010000
9 100010010000

12 100001000100
12 100001000100
12 100001000100
12 100001000100
12 100001000100
12 100001000100
12 100001000100
12 100001000100
12 100001000100
12 100001000100
12 100001000100
12 100001000100
12 100001000100
12 100001000100
12 100001000100
12 100001000100

12 100010010000
12 100010010000
12 100010010000
12 100010010000
7 100010010000
7 100010010000
7 100010010000
7 100010010000
7 100010010000
7 100010010000
11 100010010000
11 100010010000
11 100010010000
11 100010010000
11 100010010000
9 100010010000

12 100001000100
12 100001000100
12 100001000100
12 100001000100
12 100001000100
12 100001000100
12 100001000100
12 100001000100
12 100001000100
12 100001000100
12 100001000100
12 100001000100
12 100001000100
12 100001000100
12 100001000100
12 100001000100

12 100010010000
12 100010010000
7 100010010000
7 100010010000
7 100010010000
7 100010010000
7 100010010000
7 100010010000
7 100010010000
7 100010010000
7 100010010000
7 100010010000
11 100010010000
11 100010010000
11 100010010000
11 100010010000

9 100001000100
9 100001000100
9 100001000100
9 100001000100
9 100001000100
9 100001000100
9 100001000100
9 100001000100
9 100001000100
9 100001000100
9 100001000100
9 100001000100
9 100001000100
9 100001000100
9 100001000100
9 100001000100

12 100010010000
12 100010010000
12 100010010000
7 100010010000
7 100010010000
7 100010010000
7 100010010000
7 100010010000
7 100010010000
7 100010010000
7 100010010000
7 100010010000
11 100010010000
11 100010010000
11 100010010000
9 100010010000

12 100001000100
12 100001000100
12 100001000100
12 100001000100
12 100001000100
12 100001000100
12 100001000100
12 100001000100
12 100001000100
12 100001000100
12 100001000100
12 100001000100
12 100001000100
12 100001000100
12 100001000100
12 100001000100

12 100001000100
12 100001000100
9 100001000100
0 100001000100
0 100001000100
9 100001000100
9 100001000100
0 100001000100
0 100010000100
0 100010000100
0 100010000100
0 100010000100
4 100010000100
4 100010000100
4 100010000100
4 100010000100

2 001001000100
0 001001000100
9 001001000100
9 001001000100
9 001001000100
9 001001000100
9 001001000100
9 001001000100
9 100001000100
9 100001000100
9 100001000100
9 100001000100
9 100001000100
9 100001000100
9 100001000100
9 100001000100

11 001000010001
11 001000010001
11 001000010001
11 001000010001
11 001000010001
11 001000010001
11 001000010001
11 001000010001
11 001000010001
11 001000010001
11 001000010001
11 001000010001
0 001000010001
0 001000010001
2 001000010001
2 001000010001

12 001000010001
12 001000010001
12 001000010001
12 001000010001
12 001000010001
12 001000010001
12 001000010001
12 001000010001
4 001000010001
4 001000010001
7 001000010001
7 001000010001
7 001000010001
7 001000010001
4 001000010001
2 001000010001

0 100001000100
0 100001000100
0 100001000100
0 100001000100
0 100001000100
9 100001000100
0 100001000100
0 100001000100
11 001000010001
11 001000010001
0 001000010001
11 001000010001
9 001000010001
9 001000010001
9 001000010001
11 001000010001

0 100010010000
0 100010010000
0 100010010000
0 100010010000
0 100010010000
0 100010010000
0 100010010000
0 100010010000
0 000010001001
0 000010001001
0 000010001001
0 000010001001
0 000010001001
0 000010001001
0 000010001001
0 000010001001

12 100001000100
12 100001000100
12 100001000100
12 100001000100
12 100001000100
9 100001000100
0 100001000100
0 100001000100
11 001000010001
11 001000010001
11 001000010001
9 001000010001
9 001000010001
9 001000010001
4 001000010001
4 001000010001

12 100010010000
12 100010010000
12 100010010000
12 100010010000
12 100010010000
12 100010010000
12 100010010000
12 100010010000
12 000010001001
12 000010001001
12 000010001001
12 000010001001
12 000010001001
12 000010001001
12 000010001001
12 000010001001

12 100001000100
12 100001000100
12 100001000100
9 100001000100
9 100001000100
9 100001000100
0 100001000100
0 100001000100
11 001000010001
11 001000010001
0 001000010001
11 001000010001
9 001000010001
9 001000010001
9 001000010001
11 001000010001

0 100010010000
0 100010010000
0 100010010000
9 100010010000
7 100010010000
7 100010010000
7 100010010000
7 100010010000
7 000010001001
7 000010001001
7 000010001001
7 000010001001
7 000010001001
7 000010001001
7 000010001001
7 000010001001

12 100001000100
12 100001000100
12 100001000100
12 100001000100
12 100001000100
12 100001000100
0 100001000100
0 100001000100
2 001000010001
2 001000010001
4 001000010001
2 001000010001
0 001000010001
0 001000010001
2 001000010001
2 001000010001

12 100010010000
12 100010010000
12 100010010000
12 100010010000
12 100010010000
12 100010010000
12 100010010000
12 100010010000
12 100010010000
12 100010010000
12 100010010000
12 100010010000
12 100010010000
12 100010010000
12 100010010000
12 100010010000

