12 001001000010
12 001001000010
12 001001000010
12 001001000010
12 001001000010
12 001001000010
12 001001000010
12 001001000010
12 001000010010
12 001000010010
12 001000010010
12 001000010010
12 001000010010
12 001000010010
12 001000010010
12 001000010010

12 100001000100
12 100001000100
12 100001000100
12 100001000100
12 100001000100
12 100001000100
12 100001000100
12 100001000100
12 100100001000
12 100100001000
12 100100001000
12 100100001000
12 100100001000
12 100100001000
12 100100001000
12 100100001000

12 001001000010
12 001001000010
12 001001000010
12 001001000010
12 001001000010
12 001001000010
12 001001000010
12 001001000010
12 001000010010
12 001000010010
12 001000010010
12 001000010010
12 001000010010
12 001000010010
12 001000010010
12 001000010010

12 100001000100
12 100001000100
12 100001000100
12 100001000100
12 100001000100
12 100001000100
12 100001000100
12 100001000100
12 100100001000
12 100100001000
12 100100001000
12 100100001000
12 100100001000
12 100100001000
12 100100001000
12 100100001000

12 010001000010
12 010001000010
12 010001000010
12 010001000010
12 010001000010
12 010001000010
12 010001000010
12 010001000010
12 010000100010
12 010000100010
12 010000100010
12 010000100010
12 010000100010
12 010000100010
12 010000100010
12 010000100010

12 000100010010
12 000100010010
12 000100010010
12 000100010010
12 000100010010
12 000100010010
12 000100010010
12 000100010010
12 000100100001
12 000100100001
12 000100100001
12 000100100001
12 100010000100
12 100010000100
12 100010000100
12 100010000100

12 010001000010
12 010001000010
12 010001000010
12 010001000010
12 010001000010
12 010001000010
12 010001000010
12 010001000010
12 010000100010
12 010000100010
12 010000100010
12 010000100010
12 010000100010
12 010000100010
12 010000100010
12 010000100010

12 000100010010
12 000100010010
12 000100010010
12 000100010010
12 000100010010
12 000100010010
12 000100010010
12 000100010010
12 000100100001
12 000100100001
12 000100100001
12 000100100001
12 100010000100
12 100010000100
12 100010000100
12 100010000100

5 010001000010
5 010001000010
5 010001000010
5 010001000010
5 010001000010
5 010001000010
5 010001000010
1 010001000010
1 010000100010
1 010000100010
1 010000100010
1 010000100010
1 010000100010
1 010000100010
8 010000100010
10 010000100010

12 000100010010
12 000100010010
12 000100010010
12 000100010010
12 000100010010
12 000100010010
12 000100010010
12 000100010010
12 000100100001
12 000100100001
12 000100100001
12 000100100001
12 100010000100
12 100010000100
12 100010000100
12 100010000100

5 010001000010
5 010001000010
5 010001000010
5 010001000010
5 010001000010
5 010001000010
10 010001000010
1 010001000010
1 010000100010
1 010000100010
1 010000100010
1 010000100010
1 010000100010
1 010000100010
8 010000100010
10 010000100010

12 000100010010
12 000100010010
12 000100010010
12 000100010010
12 000100010010
12 000100010010
12 000100010010
12 000100010010
12 000100100001
12 000100100001
12 000100100001
12 000100100001
12 100010000100
12 100010000100
12 100010000100
12 100010000100

5 010001000010
5 010001000010
5 010001000010
5 010001000010
5 010001000010
5 010001000010
1 010001000010
6 010001000010
6 010000100010
6 010000100010
6 010000100010
6 010000100010
6 010000100010
6 010000100010
1 010000100010
7 010000100010

12 000100010010
12 000100010010
12 000100010010
12 000100010010
12 000100010010
12 000100010010
12 000100010010
12 000100010010
12 000100100001
12 000100100001
12 000100100001
12 000100100001
12 100010000100
12 100010000100
12 100010000100
12 100010000100

5 010001000010
5 010001000010
5 010001000010
5 010001000010
5 010001000010
5 010001000010
5 010001000010
6 010001000010
6 010000100010
6 010000100010
6 010000100010
6 010000100010
6 010000100010
6 010000100010
6 010000100010
7 010000100010

12 000100010010
12 000100010010
12 000100010010
12 000100010010
12 000100010010
12 000100010010
12 000100010010
12 000100010010
5 000100100001
5 000100100001
5 000100100001
5 000100100001
5 100010000100
5 100010000100
5 100010000100
5 100010000100

12 001001000010
12 001001000010
12 001001000010
12 001001000010
12 001001000010
12 001001000010
7 001001000010
2 001001000010
2 001000010010
2 001000010010
2 001000010010
2 001000010010
0 001000010010
10 001000010010
10 001000010010
10 001000010010

5 001001000010
5 001001000010
5 001001000010
5 001001000010
5 001001000010
7 001001000010
7 001001000010
2 001001000010
2 001000010010
2 001000010010
2 001000010010
2 001000010010
0 001000010010
10 001000010010
10 001000010010
10 001000010010

5 001001000010
5 001001000010
5 001001000010
5 001001000010
5 001001000010
5 001001000010
7 001001000010
2 001001000010
2 001000010010
2 001000010010
2 001000010010
2 001000010010
0 001000010010
10 001000010010
10 001000010010
10 001000010010

5 001001000010
5 001001000010
5 001001000010
5 001001000010
5 001001000010
7 001001000010
7 001001000010
2 001001000010
2 001000010010
2 001000010010
2 001000010010
2 001000010010
0 001000010010
10 001000010010
10 001000010010
10 001000010010

0 100010010000
0 100010010000
0 100010010000
0 100010010000
0 100010010000
10 100010010000
10 100010010000
1 100010010000
1 000100010010
1 000100010010
1 000100010010
1 000100010010
1 000100010010
1 000100010010
1 000100010010
1 000100010010

0 100010010000
0 100010010000
0 100010010000
0 100010010000
0 100010010000
10 100010010000
10 100010010000
1 100010010000
1 000100010010
1 000100010010
1 000100010010
0 000100010010
0 000100010010
10 000100010010
10 000100010010
10 000100010010

5 001001000010
5 001001000010
5 001001000010
5 001001000010
5 001001000010
5 001001000010
7 001001000010
2 001001000010
2 001000010010
2 001000010010
2 001000010010
2 001000010010
0 001000010010
10 001000010010
10 001000010010
10 001000010010

5 001001000010
5 001001000010
5 001001000010
5 001001000010
5 001001000010
7 001001000010
7 001001000010
2 001001000010
2 001000010010
2 001000010010
2 001000010010
2 001000010010
0 001000010010
10 001000010010
10 001000010010
10 001000010010

5 001001000010
5 001001000010
5 001001000010
5 001001000010
5 001001000010
5 001001000010
7 001001000010
2 001001000010
2 001000010010
2 001000010010
2 001000010010
2 001000010010
0 001000010010
10 001000010010
10 001000010010
10 001000010010

5 001001000010
5 001001000010
5 001001000010
5 001001000010
5 001001000010
7 001001000010
7 001001000010
2 001001000010
2 001000010010
2 001000010010
2 001000010010
2 001000010010
0 001000010010
10 001000010010
10 001000010010
10 001000010010

0 100010010000
0 100010010000
0 100010010000
0 100010010000
0 100010010000
10 100010010000
10 100010010000
1 100010010000
1 000100010010
1 000100010010
1 000100010010
1 000100010010
1 000100010010
1 000100010010
1 000100010010
1 000100010010

0 100010010000
0 100010010000
0 100010010000
0 100010010000
0 100010010000
10 100010010000
10 100010010000
1 100010010000
1 000100010010
1 000100010010
1 000100010010
0 000100010010
0 000100010010
0 000100010010
10 000100010010
10 000100010010

10 001001000010
10 001001000010
10 001001000010
10 001001000010
10 001001000010
10 001001000010
10 001001000010
10 001001000010
10 001000010010
10 001000010010
10 001000010010
10 001000010010
10 001000010010
10 001000010010
10 001000010010
10 001000010010

12 100001000100
12 100001000100
12 100001000100
12 100001000100
12 100001000100
12 100001000100
12 100001000100
12 100001000100
12 100100001000
12 100100001000
12 100100001000
12 100100001000
12 100100001000
12 100100001000
12 100100001000
12 100100001000

12 001001000010
12 001001000010
12 001001000010
12 001001000010
12 001001000010
12 001001000010
12 001001000010
12 001001000010
12 001000010010
12 001000010010
12 001000010010
12 001000010010
12 001000010010
12 001000010010
12 001000010010
12 001000010010

12 100001000100
12 100001000100
12 100001000100
12 100001000100
12 100001000100
12 100001000100
12 100001000100
12 100001000100
12 100100001000
12 100100001000
12 100100001000
12 100100001000
12 100100001000
12 100100001000
12 100100001000
12 100100001000

5 010001000010
5 010001000010
5 010001000010
5 010001000010
5 010001000010
5 010001000010
1 010001000010
1 010001000010
1 010000100010
1 010000100010
1 010000100010
1 010000100010
1 010000100010
1 010000100010
10 010000100010
10 010000100010

12 000100010010
12 000100010010
12 000100010010
12 000100010010
12 000100010010
12 000100010010
12 000100010010
12 000100010010
12 000100100001
12 000100100001
12 000100100001
12 000100100001
12 100010000100
12 100010000100
12 100010000100
12 100010000100

5 010001000010
5 010001000010
5 010001000010
5 010001000010
5 010001000010
5 010001000010
10 010001000010
1 010001000010
1 010000100010
1 010000100010
1 010000100010
1 010000100010
1 010000100010
1 010000100010
8 010000100010
10 010000100010

12 000100010010
12 000100010010
12 000100010010
12 000100010010
12 000100010010
12 000100010010
12 000100010010
12 000100010010
12 000100100001
12 000100100001
12 000100100001
12 000100100001
12 100010000100
12 100010000100
12 100010000100
12 100010000100

5 010001000010
5 010001000010
5 010001000010
5 010001000010
5 010001000010
5 010001000010
5 010001000010
6 010001000010
6 010000100010
6 010000100010
6 010000100010
6 010000100010
6 010000100010
6 010000100010
6 010000100010
7 010000100010

12 000100010010
12 000100010010
12 000100010010
12 000100010010
12 000100010010
12 000100010010
12 000100010010
12 000100010010
12 000100100001
12 000100100001
12 000100100001
12 000100100001
12 100010000100
12 100010000100
12 100010000100
12 100010000100

5 010001000010
5 010001000010
5 010001000010
5 010001000010
5 010001000010
5 010001000010
1 010001000010
6 010001000010
6 010000100010
6 010000100010
6 010000100010
6 010000100010
6 010000100010
6 010000100010
3 010000100010
7 010000100010

12 000100010010
12 000100010010
12 000100010010
12 000100010010
12 000100010010
12 000100010010
12 000100010010
12 000100010010
5 000100100001
5 000100100001
5 000100100001
5 000100100001
5 100010000100
5 100010000100
5 100010000100
5 100010000100

12 001001000010
12 001001000010
12 001001000010
12 001001000010
12 001001000010
12 001001000010
7 001001000010
2 001001000010
2 001000010010
2 001000010010
2 001000010010
2 001000010010
0 001000010010
10 001000010010
10 001000010010
10 001000010010

5 001001000010
5 001001000010
5 001001000010
5 001001000010
5 001001000010
7 001001000010
7 001001000010
2 001001000010
2 001000010010
2 001000010010
2 001000010010
2 001000010010
0 001000010010
10 001000010010
10 001000010010
10 001000010010

5 001001000010
5 001001000010
5 001001000010
5 001001000010
5 001001000010
5 001001000010
7 001001000010
2 001001000010
2 001000010010
2 001000010010
2 001000010010
2 001000010010
0 001000010010
10 001000010010
10 001000010010
10 001000010010

5 001001000010
5 001001000010
5 001001000010
5 001001000010
5 001001000010
7 001001000010
7 001001000010
2 001001000010
2 001000010010
2 001000010010
2 001000010010
2 001000010010
0 001000010010
10 001000010010
10 001000010010
10 001000010010

0 100010010000
0 100010010000
0 100010010000
0 100010010000
0 100010010000
10 100010010000
10 100010010000
1 100010010000
1 000100010010
1 000100010010
1 000100010010
1 000100010010
1 000100010010
1 000100010010
1 000100010010
1 000100010010

0 100010010000
0 100010010000
0 100010010000
0 100010010000
0 100010010000
10 100010010000
10 100010010000
1 100010010000
1 000100010010
1 000100010010
1 000100010010
0 000100010010
0 000100010010
10 000100010010
10 000100010010
10 000100010010

5 001001000010
5 001001000010
5 001001000010
5 001001000010
5 001001000010
5 001001000010
7 001001000010
2 001001000010
2 001000010010
2 001000010010
2 001000010010
2 001000010010
0 001000010010
10 001000010010
10 001000010010
10 001000010010

5 001001000010
5 001001000010
5 001001000010
5 001001000010
5 001001000010
7 001001000010
7 001001000010
2 001001000010
2 001000010010
2 001000010010
2 001000010010
2 001000010010
0 001000010010
10 001000010010
10 001000010010
10 001000010010

5 001001000010
5 001001000010
5 001001000010
5 001001000010
5 001001000010
5 001001000010
7 001001000010
2 001001000010
2 001000010010
2 001000010010
2 001000010010
2 001000010010
0 001000010010
10 001000010010
10 001000010010
10 001000010010

5 001001000010
5 001001000010
5 001001000010
5 001001000010
5 001001000010
7 001001000010
7 001001000010
2 001001000010
2 001000010010
2 001000010010
2 001000010010
2 001000010010
0 001000010010
10 001000010010
10 001000010010
10 001000010010

0 100010010000
0 100010010000
0 100010010000
0 100010010000
0 100010010000
10 100010010000
10 100010010000
1 100010010000
1 000100010010
1 000100010010
1 000100010010
1 000100010010
1 000100010010
1 000100010010
1 000100010010
1 000100010010

0 100010010000
0 100010010000
0 100010010000
0 100010010000
0 100010010000
10 100010010000
10 100010010000
1 100010010000
1 000100010010
1 000100010010
1 000100010010
0 000100010010
0 000100010010
10 000100010010
10 000100010010
10 000100010010

10 001001000010
10 001001000010
10 001001000010
10 001001000010
10 001001000010
10 001001000010
10 001001000010
10 001001000010
10 001000010010
10 001000010010
10 001000010010
10 001000010010
10 001000010010
10 001000010010
10 001000010010
10 001000010010

12 100001000100
12 100001000100
12 100001000100
12 100001000100
12 100001000100
12 100001000100
12 100001000100
12 100001000100
12 100100001000
12 100100001000
12 100100001000
12 100100001000
12 100100001000
12 100100001000
12 100100001000
12 100100001000

12 001001000010
12 001001000010
12 001001000010
12 001001000010
12 001001000010
12 001001000010
12 001001000010
12 001001000010
12 001000010010
12 001000010010
12 001000010010
12 001000010010
12 001000010010
12 001000010010
12 001000010010
12 001000010010

12 100001000100
12 100001000100
12 100001000100
12 100001000100
12 100001000100
12 100001000100
12 100001000100
12 100001000100
12 100100001000
12 100100001000
12 100100001000
12 100100001000
12 100100001000
12 100100001000
12 100100001000
12 100100001000

12 010001000010
12 010001000010
12 010001000010
12 010001000010
12 010001000010
12 010001000010
12 010001000010
12 010001000010
12 010000100010
12 010000100010
12 010000100010
12 010000100010
12 010000100010
12 010000100010
12 010000100010
12 010000100010

12 000100010010
12 000100010010
12 000100010010
12 000100010010
12 000100010010
12 000100010010
12 000100010010
12 000100010010
12 000100100001
12 000100100001
12 000100100001
12 000100100001
12 100010000100
12 100010000100
12 100010000100
12 100010000100

12 010001000010
12 010001000010
12 010001000010
12 010001000010
12 010001000010
12 010001000010
12 010001000010
12 010001000010
12 010000100010
12 010000100010
12 010000100010
12 010000100010
12 010000100010
12 010000100010
12 010000100010
12 010000100010

12 000100010010
12 000100010010
12 000100010010
12 000100010010
12 000100010010
12 000100010010
12 000100010010
12 000100010010
12 000100100001
12 000100100001
12 000100100001
12 000100100001
12 100010000100
12 100010000100
12 100010000100
12 100010000100

12 010001000010
12 010001000010
12 010001000010
12 010001000010
12 010001000010
12 010001000010
12 010001000010
12 010001000010
12 010000100010
12 010000100010
12 010000100010
12 010000100010
12 010000100010
12 010000100010
12 010000100010
12 010000100010

12 000100010010
12 000100010010
12 000100010010
12 000100010010
12 000100010010
12 000100010010
12 000100010010
12 000100010010
12 000100100001
12 000100100001
12 000100100001
12 000100100001
12 100010000100
12 100010000100
12 100010000100
12 100010000100

12 010001000010
12 010001000010
12 010001000010
12 010001000010
12 010001000010
12 010001000010
12 010001000010
12 010001000010
12 010000100010
12 010000100010
12 010000100010
12 010000100010
12 010000100010
12 010000100010
12 010000100010
12 010000100010

12 000100010010
12 000100010010
12 000100010010
12 000100010010
12 000100010010
12 000100010010
12 000100010010
12 000100010010
5 000100100001
5 000100100001
5 000100100001
5 000100100001
5 100010000100
5 100010000100
5 100010000100
5 100010000100

12 001001000010
12 001001000010
12 001001000010
12 001001000010
12 001001000010
12 001001000010
7 001001000010
2 001001000010
2 001000010010
2 001000010010
2 001000010010
2 001000010010
0 001000010010
10 001000010010
10 001000010010
10 001000010010

5 001001000010
5 001001000010
5 001001000010
5 001001000010
5 001001000010
7 001001000010
7 001001000010
2 001001000010
2 001000010010
2 001000010010
2 001000010010
2 001000010010
0 001000010010
10 001000010010
10 001000010010
10 001000010010

5 001001000010
5 001001000010
5 001001000010
5 001001000010
5 001001000010
5 001001000010
7 001001000010
2 001001000010
2 001000010010
2 001000010010
2 001000010010
2 001000010010
0 001000010010
10 001000010010
10 001000010010
10 001000010010

5 001001000010
5 001001000010
5 001001000010
5 001001000010
5 001001000010
7 001001000010
7 001001000010
2 001001000010
2 001000010010
2 001000010010
2 001000010010
2 001000010010
0 001000010010
10 001000010010
10 001000010010
10 001000010010

0 100010010000
0 100010010000
0 100010010000
0 100010010000
0 100010010000
10 100010010000
10 100010010000
1 100010010000
1 000100010010
1 000100010010
1 000100010010
1 000100010010
1 000100010010
1 000100010010
1 000100010010
1 000100010010

0 100010010000
0 100010010000
0 100010010000
0 100010010000
0 100010010000
10 100010010000
10 100010010000
1 100010010000
1 000100010010
1 000100010010
1 000100010010
0 000100010010
0 000100010010
10 000100010010
10 000100010010
10 000100010010

5 001001000010
5 001001000010
5 001001000010
5 001001000010
5 001001000010
5 001001000010
7 001001000010
2 001001000010
2 001000010010
2 001000010010
2 001000010010
2 001000010010
0 001000010010
10 001000010010
10 001000010010
10 001000010010

5 001001000010
5 001001000010
5 001001000010
5 001001000010
5 001001000010
7 001001000010
7 001001000010
2 001001000010
2 001000010010
2 001000010010
2 001000010010
2 001000010010
0 001000010010
10 001000010010
10 001000010010
10 001000010010

5 001001000010
5 001001000010
5 001001000010
5 001001000010
5 001001000010
5 001001000010
7 001001000010
2 001001000010
2 001000010010
2 001000010010
2 001000010010
2 001000010010
0 001000010010
10 001000010010
10 001000010010
10 001000010010

5 001001000010
5 001001000010
5 001001000010
5 001001000010
5 001001000010
7 001001000010
7 001001000010
2 001001000010
2 001000010010
2 001000010010
2 001000010010
2 001000010010
0 001000010010
10 001000010010
10 001000010010
10 001000010010

0 100010010000
0 100010010000
0 100010010000
0 100010010000
0 100010010000
10 100010010000
10 100010010000
1 100010010000
1 000100010010
1 000100010010
1 000100010010
1 000100010010
1 000100010010
1 000100010010
1 000100010010
1 000100010010

0 100010010000
0 100010010000
0 100010010000
0 100010010000
0 100010010000
10 100010010000
10 100010010000
1 100010010000
1 000100010010
1 000100010010
1 000100010010
1 000100010010
1 000100010010
1 000100010010
1 000100010010
1 000100010010

0 100010010000
0 100010010000
0 100010010000
0 100010010000
0 100010010000
10 100010010000
10 100010010000
1 100010010000
1 000100010010
1 000100010010
1 000100010010
1 000100010010
1 000100010010
1 000100010010
1 000100010010
1 000100010010

0 100010010000
0 100010010000
0 100010010000
0 100010010000
0 100010010000
10 100010010000
10 100010010000
1 100010010000
1 000100010010
1 000100010010
1 000100010010
0 000100010010
0 000100010010
10 000100010010
10 000100010010
10 000100010010

10 001001000010
10 001001000010
10 001001000010
10 001001000010
10 001001000010
10 001001000010
10 001001000010
10 001001000010
10 001000010010
10 001000010010
10 001000010010
10 001000010010
10 001000010010
10 001000010010
10 001000010010
10 001000010010

12 100001000100
12 100001000100
12 100001000100
12 100001000100
12 100001000100
12 100001000100
12 100001000100
12 100001000100
12 100100001000
12 100100001000
12 100100001000
12 100100001000
12 100100001000
12 100100001000
12 100100001000
12 100100001000

12 001001000010
12 001001000010
12 001001000010
12 001001000010
12 001001000010
12 001001000010
12 001001000010
12 001001000010
12 001000010010
12 001000010010
12 001000010010
12 001000010010
12 001000010010
12 001000010010
12 001000010010
12 001000010010

12 100001000100
12 100001000100
12 100001000100
12 100001000100
12 100001000100
12 100001000100
12 100001000100
12 100001000100
12 100100001000
12 100100001000
12 100100001000
12 100100001000
12 100100001000
12 100100001000
12 100100001000
12 100100001000

12 001001000010
12 001001000010
12 001001000010
12 001001000010
12 001001000010
12 001001000010
12 001001000010
12 001001000010
12 001001000010
12 001001000010
12 001001000010
12 001001000010
12 001001000010
12 001001000010
12 001001000010
12 001001000010

