12 010010000100
12 010010000100
12 010010000100
12 010010000100
12 010010000100
12 010010000100
12 010010000100
12 010010000100
12 010010000100
12 010010000100
12 010010000100
12 010010000100
12 010010000100
12 010010000100
12 010010000100
12 010010000100

12 000010001001
12 000010001001
12 000010001001
12 000010001001
12 000010001001
12 000010001001
12 000010001001
12 000010001001
12 000010001001
12 000010001001
12 000010001001
12 000010001001
12 000010001001
12 000010001001
12 000010001001
12 000010001001

12 010010000100
12 010010000100
12 010010000100
12 010010000100
12 010010000100
12 010010000100
12 010010000100
12 010010000100
12 010010000100
12 010010000100
12 010010000100
12 010010000100
12 010010000100
12 010010000100
12 010010000100
12 010010000100

12 000010001001
12 000010001001
12 000010001001
12 000010001001
12 000010001001
12 000010001001
12 000010001001
12 000010001001
12 000010001001
12 000010001001
12 000010001001
12 000010001001
4 000010001001
4 000010001001
6 000010001001
6 000010001001

11 010010000100
11 010010000100
11 010010000100
11 010010000100
9 010010000100
9 010010000100
9 010010000100
9 010010000100
11 000010001001
11 000010001001
11 000010001001
11 000010001001
1 000010001001
1 000010001001
1 000010001001
1 000010001001

4 010000100100
4 010000100100
1 010000100100
1 010000100100
1 010000100100
1 010000100100
1 010000100100
1 010000100100
1 010010010100
1 010010010100
1 010010010100
1 010010010100
11 010010010100
11 010010010100
1 010010010100
1 010010010100

11 001000100100
11 001000100100
11 001000100100
11 001000100100
11 001000100100
11 001000100100
1 001000100100
11 001000100100
9 001001000100
9 001001000100
9 001001000100
9 001001000100
9 001001000100
9 001001000100
6 001001000100
6 001001000100

4 010010000100
4 010010000100
4 010010000100
1 010010000100
1 010010000100
1 010010000100
1 010010000100
1 010010000100
1 010010000100
1 010010000100
1 010010000100
1 010010000100
4 010010000100
4 010010000100
6 010010000100
6 010010000100

11 010010000100
11 010010000100
11 010010000100
11 010010000100
9 010010000100
9 010010000100
9 010010000100
9 010010000100
11 000010001001
11 000010001001
11 000010001001
11 000010001001
1 000010001001
1 000010001001
1 000010001001
1 000010001001

4 010000100100
4 010000100100
1 010000100100
1 010000100100
1 010000100100
1 010000100100
1 010000100100
1 010000100100
1 010010010100
1 010010010100
1 010010010100
1 010010010100
11 010010010100
11 010010010100
1 010010010100
1 010010010100

11 001000100100
11 001000100100
11 001000100100
11 001000100100
11 001000100100
11 001000100100
1 001000100100
11 001000100100
9 001001000100
9 001001000100
9 001001000100
9 001001000100
9 001001000100
9 001001000100
6 001001000100
6 001001000100

4 010010000100
4 010010000100
4 010010000100
4 010010000100
1 010010000100
1 010010000100
1 010010000100
1 010010000100
1 010010000100
1 010010000100
1 010010000100
1 010010000100
9 010010000100
9 010010000100
11 010010000100
11 010010000100

1 010000100100
1 010000100100
11 010000100100
11 010000100100
11 010000100100
11 010000100100
9 010000100100
9 010000100100
9 010000100100
9 010000100100
6 010000100100
6 010000100100
6 010000100100
6 010000100100
9 010000100100
9 010000100100

1 001000100001
1 001000100001
1 001000100001
11 001000100001
11 001000100001
11 001000100001
11 001000100001
11 001000100001
11 001000100001
11 001000100001
11 001000100001
11 001000100001
1 001000100001
1 001000100001
1 001000100001
1 001000100001

2 001000010001
2 001000010001
1 001000010001
11 001000010001
11 001000010001
11 001000010001
9 001000010001
9 001000010001
9 001000010001
9 001000010001
9 001000010001
9 001000010001
9 001000010001
9 001000010001
6 001000010001
6 001000010001

4 010010000100
4 010010000100
1 010010000100
1 010010000100
1 010010000100
1 010010000100
1 010010000100
1 010010000100
1 010010000100
1 010010000100
1 010010000100
1 010010000100
9 010010000100
9 010010000100
11 010010000100
11 010010000100

1 010000100100
1 010000100100
11 010000100100
11 010000100100
11 010000100100
11 010000100100
9 010000100100
9 010000100100
9 010000100100
9 010000100100
6 010000100100
6 010000100100
6 010000100100
6 010000100100
9 010000100100
9 010000100100

1 000100100001
1 000100100001
11 000100100001
11 000100100001
11 000100100001
11 000100100001
11 000100100001
11 000100100001
11 000100100001
11 000100100001
11 000100100001
11 000100100001
11 000100100001
11 000100100001
4 000100100001
4 000100100001

11 011001000100
11 011001000100
11 011001000100
11 011001000100
11 011001000100
11 011001000100
9 011001000100
11 011001000100
9 011001000100
9 011001000100
9 011001000100
9 011001000100
9 011001000100
9 011001000100
6 011001000100
6 011001000100

4 010010000100
4 010010000100
4 010010000100
4 010010000100
1 010010000100
1 010010000100
1 010010000100
1 010010000100
1 010010000100
1 010010000100
1 010010000100
1 010010000100
1 010010000100
1 010010000100
1 010010000100
1 010010000100

12 010010000100
12 010010000100
12 010010000100
12 010010000100
12 010010000100
12 010010000100
12 010010000100
12 010010000100
12 010010000100
12 010010000100
12 010010000100
12 010010000100
12 010010000100
12 010010000100
12 010010000100
12 010010000100

12 000010001001
12 000010001001
12 000010001001
12 000010001001
12 000010001001
12 000010001001
12 000010001001
12 000010001001
12 000010001001
12 000010001001
12 000010001001
12 000010001001
4 000010001001
4 000010001001
6 000010001001
6 000010001001

11 010010000100
11 010010000100
11 010010000100
11 010010000100
9 010010000100
9 010010000100
9 010010000100
9 010010000100
11 000010001001
11 000010001001
11 000010001001
11 000010001001
1 000010001001
1 000010001001
1 000010001001
1 000010001001

4 010000100100
4 010000100100
1 010000100100
1 010000100100
1 010000100100
1 010000100100
1 010000100100
1 010000100100
1 010010010100
1 010010010100
1 010010010100
1 010010010100
11 010010010100
11 010010010100
1 010010010100
1 010010010100

11 001000100100
11 001000100100
11 001000100100
11 001000100100
11 001000100100
11 001000100100
1 001000100100
11 001000100100
9 001001000100
9 001001000100
9 001001000100
9 001001000100
9 001001000100
9 001001000100
6 001001000100
6 001001000100

4 010010000100
4 010010000100
4 010010000100
4 010010000100
1 010010000100
1 010010000100
1 010010000100
1 010010000100
1 010010000100
1 010010000100
1 010010000100
1 010010000100
4 010010000100
4 010010000100
6 010010000100
6 010010000100

11 010010000100
11 010010000100
11 010010000100
11 010010000100
9 010010000100
9 010010000100
9 010010000100
9 010010000100
11 000010001001
11 000010001001
11 000010001001
11 000010001001
1 000010001001
1 000010001001
1 000010001001
1 000010001001

4 010000100100
4 010000100100
1 010000100100
1 010000100100
1 010000100100
1 010000100100
1 010000100100
1 010000100100
1 010010010100
1 010010010100
1 010010010100
1 010010010100
11 010010010100
11 010010010100
1 010010010100
1 010010010100

11 001000100100
11 001000100100
11 001000100100
11 001000100100
11 001000100100
11 001000100100
1 001000100100
11 001000100100
9 001001000100
9 001001000100
9 001001000100
9 001001000100
9 001001000100
9 001001000100
6 001001000100
6 001001000100

4 010010000100
4 010010000100
4 010010000100
1 010010000100
1 010010000100
1 010010000100
1 010010000100
1 010010000100
1 010010000100
1 010010000100
1 010010000100
1 010010000100
9 010010000100
9 010010000100
11 010010000100
11 010010000100

1 010000100100
1 010000100100
11 010000100100
11 010000100100
11 010000100100
11 010000100100
9 010000100100
9 010000100100
9 010000100100
9 010000100100
6 010000100100
6 010000100100
6 010000100100
6 010000100100
9 010000100100
9 010000100100

1 001000100001
1 001000100001
1 001000100001
11 001000100001
11 001000100001
11 001000100001
11 001000100001
11 001000100001
11 001000100001
11 001000100001
11 001000100001
11 001000100001
11 001000100001
11 001000100001
1 001000100001
1 001000100001

2 001000010001
2 001000010001
1 001000010001
11 001000010001
11 001000010001
11 001000010001
9 001000010001
9 001000010001
9 001000010001
9 001000010001
9 001000010001
9 001000010001
9 001000010001
9 001000010001
6 001000010001
6 001000010001

4 010010000100
4 010010000100
4 010010000100
1 010010000100
1 010010000100
1 010010000100
1 010010000100
1 010010000100
1 010010000100
1 010010000100
1 010010000100
1 010010000100
1 010010000100
1 010010000100
4 010010000100
4 010010000100

1 010000100100
1 010000100100
11 010000100100
11 010000100100
11 010000100100
11 010000100100
9 010000100100
9 010000100100
9 010000100100
9 010000100100
6 010000100100
6 010000100100
6 010000100100
6 010000100100
9 010000100100
9 010000100100

1 000100100001
1 000100100001
1 000100100001
11 000100100001
11 000100100001
11 000100100001
11 000100100001
11 000100100001
11 000100100001
11 000100100001
11 000100100001
11 000100100001
11 000100100001
11 000100100001
4 000100100001
4 000100100001

11 011001000100
11 011001000100
11 011001000100
11 011001000100
11 011001000100
11 011001000100
9 011001000100
11 011001000100
9 011001000100
9 011001000100
9 011001000100
9 011001000100
9 011001000100
9 011001000100
6 011001000100
6 011001000100

4 010010000100
4 010010000100
4 010010000100
4 010010000100
1 010010000100
1 010010000100
1 010010000100
1 010010000100
1 010010000100
1 010010000100
1 010010000100
1 010010000100
1 010010000100
1 010010000100
1 010010000100
1 010010000100

12 010010000100
12 010010000100
12 010010000100
12 010010000100
12 010010000100
12 010010000100
12 010010000100
12 010010000100
12 000010001001
12 000010001001
12 000010001001
12 000010001001
12 000010001001
12 000010001001
12 000010001001
12 000010001001

12 010000100100
12 010000100100
12 010000100100
12 010000100100
12 010000100100
12 010000100100
12 010000100100
12 010000100100
12 010010010100
12 010010010100
12 010010010100
12 010010010100
12 010010010100
12 010010010100
12 010010010100
12 010010010100

12 001000100100
12 001000100100
12 001000100100
12 001000100100
12 001000100100
12 001000100100
12 001000100100
12 001000100100
12 001001000100
12 001001000100
12 001001000100
12 001001000100
12 001001000100
12 001001000100
12 001001000100
12 001001000100

12 010010000100
12 010010000100
12 010010000100
12 010010000100
12 010010000100
12 010010000100
12 010010000100
12 010010000100
12 010010000100
12 010010000100
12 010010000100
12 010010000100
12 010010000100
12 010010000100
12 010010000100
12 010010000100

12 010010000100
12 010010000100
12 010010000100
12 010010000100
12 010010000100
12 010010000100
12 010010000100
12 010010000100
12 000010001001
12 000010001001
12 000010001001
12 000010001001
12 000010001001
12 000010001001
12 000010001001
12 000010001001

12 010000100100
12 010000100100
12 010000100100
12 010000100100
12 010000100100
12 010000100100
12 010000100100
12 010000100100
12 010010010100
12 010010010100
12 010010010100
12 010010010100
12 010010010100
12 010010010100
12 010010010100
12 010010010100

12 001000100100
12 001000100100
12 001000100100
12 001000100100
12 001000100100
12 001000100100
12 001000100100
12 001000100100
12 001001000100
12 001001000100
12 001001000100
12 001001000100
12 001001000100
12 001001000100
12 001001000100
12 001001000100

12 010010000100
12 010010000100
12 010010000100
12 010010000100
12 010010000100
12 010010000100
12 010010000100
12 010010000100
12 010010000100
12 010010000100
12 010010000100
12 010010000100
6 010010000100
6 010010000100
9 010010000100
9 010010000100

1 010000100100
1 010000100100
11 010000100100
11 010000100100
11 010000100100
11 010000100100
9 010000100100
9 010000100100
9 010000100100
9 010000100100
6 010000100100
6 010000100100
6 010000100100
6 010000100100
9 010000100100
9 010000100100

1 001000100001
1 001000100001
1 001000100001
11 001000100001
11 001000100001
11 001000100001
11 001000100001
11 001000100001
11 001000100001
11 001000100001
11 001000100001
11 001000100001
11 001000100001
11 001000100001
1 001000100001
1 001000100001

2 001000010001
2 001000010001
1 001000010001
11 001000010001
11 001000010001
11 001000010001
9 001000010001
9 001000010001
9 001000010001
9 001000010001
9 001000010001
9 001000010001
9 001000010001
9 001000010001
6 001000010001
6 001000010001

4 010010000100
4 010010000100
4 010010000100
4 010010000100
1 010010000100
1 010010000100
1 010010000100
1 010010000100
1 010010000100
1 010010000100
1 010010000100
1 010010000100
1 010010000100
1 010010000100
4 010010000100
4 010010000100

1 010000100100
1 010000100100
11 010000100100
11 010000100100
11 010000100100
11 010000100100
9 010000100100
9 010000100100
9 010000100100
9 010000100100
6 010000100100
6 010000100100
6 010000100100
6 010000100100
9 010000100100
9 010000100100

1 000100100001
1 000100100001
1 000100100001
11 000100100001
11 000100100001
11 000100100001
11 000100100001
11 000100100001
11 000100100001
11 000100100001
11 000100100001
11 000100100001
11 000100100001
11 000100100001
4 000100100001
4 000100100001

11 011001000100
11 011001000100
11 011001000100
11 011001000100
11 011001000100
11 011001000100
9 011001000100
11 011001000100
9 011001000100
9 011001000100
9 011001000100
9 011001000100
9 011001000100
9 011001000100
6 011001000100
6 011001000100

4 010010000100
4 010010000100
4 010010000100
4 010010000100
1 010010000100
1 010010000100
1 010010000100
1 010010000100
1 010010000100
1 010010000100
1 010010000100
1 010010000100
1 010010000100
1 010010000100
1 010010000100
1 010010000100

12 010010000100
12 010010000100
12 010010000100
12 010010000100
12 010010000100
12 010010000100
12 010010000100
12 010010000100
12 010010000100
12 010010000100
12 010010000100
12 010010000100
12 010010000100
12 010010000100
12 010010000100
12 010010000100

12 000010001001
12 000010001001
12 000010001001
12 000010001001
12 000010001001
12 000010001001
12 000010001001
12 000010001001
12 000010001001
12 000010001001
12 000010001001
12 000010001001
12 000010001001
12 000010001001
4 000010001001
4 000010001001

11 011001000100
11 011001000100
11 011001000100
11 011001000100
11 011001000100
11 011001000100
9 011001000100
11 011001000100
9 011001000100
9 011001000100
9 011001000100
9 011001000100
9 011001000100
9 011001000100
6 011001000100
6 011001000100

4 011001000100
4 011001000100
4 011001000100
4 011001000100
4 011001000100
4 011001000100
4 011001000100
4 011001000100
1 011001000100
1 011001000100
1 011001000100
1 011001000100
1 011001000100
1 011001000100
1 011001000100
1 011001000100

1 010010000100
1 010010000100
1 010010000100
1 010010000100
1 010010000100
1 010010000100
1 010010000100
1 010010000100
1 010010000100
1 010010000100
1 010010000100
1 010010000100
1 010010000100
1 010010000100
1 010010000100
1 010010000100

12 000010001001
12 000010001001
12 000010001001
12 000010001001
12 000010001001
12 000010001001
12 000010001001
12 000010001001
12 000010001001
12 000010001001
12 000010001001
12 000010001001
12 000010001001
12 000010001001
12 000010001001
12 000010001001

12 010010000100
12 010010000100
12 010010000100
12 010010000100
12 010010000100
12 010010000100
12 010010000100
12 010010000100
12 010010000100
12 010010000100
12 010010000100
12 010010000100
12 010010000100
12 010010000100
12 010010000100
12 010010000100

