12 010000100010
12 010000100010
12 010000100010
12 010000100010
12 010000100010
12 010000100010
12 010000100010
12 010000100010
12 010000100010
12 010000100010
12 010000100010
12 010000100010
12 010000100010
12 010000100010
12 010000100010
12 010000100010

12 000100100010
12 000100100010
12 000100100010
12 000100100010
12 000100100010
12 000100100010
12 000100100010
12 000100100010
12 000100100010
12 000100100010
12 000100100010
12 000100100010
12 000100100010
12 000100100010
12 000100100010
12 000100100010

12 000100100001
12 000100100001
12 000100100001
12 000100100001
12 000100100001
12 000100100001
12 000100100001
12 000100100001
12 000100100001
12 000100100001
12 000100100001
12 000100100001
12 000100100001
12 000100100001
12 000100100001
12 000100100001

12 010001001001
12 010001001001
12 010001001001
12 010001001001
12 010001001001
12 010001001001
12 010001001001
12 010001001001
12 010001001001
12 010001001001
12 010001001001
12 010001001001
12 010001001001
12 010001001001
10 010001001001
11 010001001001

1 010000100010
1 010000100010
1 010000100010
1 010000100010
1 010000100010
1 010000100010
1 010000100010
1 010000100010
1 010000100010
1 010000100010
1 010000100010
1 010000100010
1 010000100010
1 010000100010
3 010000100010
5 010000100010

5 000100100010
5 000100100010
5 000100100010
5 000100100010
3 000100100010
3 000100100010
3 000100100010
3 000100100010
3 000100100010
3 000100100010
3 000100100010
3 000100100010
3 000100100010
3 000100100010
1 000100100010
3 000100100010

11 000100100001
11 000100100001
11 000100100001
11 000100100001
11 000100100001
11 000100100001
11 000100100001
11 000100100001
11 000100100001
11 000100100001
11 000100100001
11 000100100001
3 000100100001
3 000100100001
1 000100100001
3 000100100001

3 010001001001
3 010001001001
3 010001001001
3 010001001001
1 010001001001
1 010001001001
1 010001001001
1 010001001001
1 010001001001
1 010001001001
1 010001001001
1 010001001001
1 010001001001
1 010001001001
10 010001001001
11 010001001001

1 010000100010
1 010000100010
1 010000100010
1 010000100010
1 010000100010
1 010000100010
1 010000100010
1 010000100010
1 010000100010
1 010000100010
1 010000100010
1 010000100010
5 010000100010
5 010000100010
3 010000100010
5 010000100010

5 000100100010
5 000100100010
5 000100100010
5 000100100010
3 000100100010
3 000100100010
3 000100100010
3 000100100010
3 000100100010
3 000100100010
3 000100100010
3 000100100010
3 000100100010
3 000100100010
1 000100100010
3 000100100010

11 000100100001
11 000100100001
11 000100100001
11 000100100001
11 000100100001
11 000100100001
11 000100100001
11 000100100001
11 000100100001
11 000100100001
11 000100100001
11 000100100001
3 000100100001
3 000100100001
1 000100100001
3 000100100001

3 010001001001
3 010001001001
1 010001001001
1 010001001001
1 010001001001
1 010001001001
10 010001001001
11 010001001001
1 010001001001
1 010001001001
1 010001001001
1 010001001001
1 010001001001
1 010001001001
10 010001001001
8 010001001001

10 010000100010
8 010000100010
6 010000100010
6 010000100010
1 010000100010
1 010000100010
1 010000100010
1 010000100010
3 000100100001
3 000100100001
3 000100100001
3 000100100001
5 000100100001
5 000100100001
5 000100100001
3 000100100001

3 010000100010
3 010000100010
3 010000100010
1 010000100010
1 010000100010
1 010000100010
1 010000100010
1 010000100010
1 010000100010
1 010000100010
1 010000100010
1 010000100010
1 010000100010
1 010000100010
1 010000100010
3 010000100010

6 000100100001
6 000100100001
6 000100100001
6 000100100001
3 000100100001
3 000100100001
3 000100100001
3 000100100001
3 000100100001
3 000100100001
3 000100100001
3 000100100001
3 000100100001
3 000100100001
3 000100100001
3 000100100001

6 000100100001
6 000100100001
6 000100100001
6 000100100001
3 000100100001
3 000100100001
3 000100100001
3 000100100001
3 000100100001
3 000100100001
3 000100100001
3 000100100001
3 000100100001
3 000100100001
3 000100100001
3 000100100001

1 010000100010
1 010000100010
1 010000100010
1 010000100010
1 010000100010
1 010000100010
3 010000100010
3 010000100010
1 010000100010
1 010000100010
1 010000100010
1 010000100010
1 010000100010
1 010000100010
3 010000100010
1 010000100010

6 010000100010
6 010000100010
1 010000100010
3 010000100010
1 010000100010
1 010000100010
1 010000100010
1 010000100010
1 010000100010
1 010000100010
1 010000100010
1 010000100010
1 010000100010
1 010000100010
3 010000100010
3 010000100010

6 000100100001
6 000100100001
6 000100100001
6 000100100001
3 000100100001
3 000100100001
3 000100100001
3 000100100001
3 000100100001
3 000100100001
3 000100100001
3 000100100001
3 000100100001
3 000100100001
3 000100100001
3 000100100001

6 000100100001
6 000100100001
6 000100100001
6 000100100001
3 000100100001
3 000100100001
3 000100100001
3 000100100001
3 000100100001
3 000100100001
3 000100100001
3 000100100001
3 000100100001
3 000100100001
3 000100100001
10 000100100001

8 010001001001
8 010001001001
8 010001001001
8 010001001001
8 010001001001
8 010001001001
8 010001001001
10 010001001001
8 010001001001
8 010001001001
8 010001001001
8 010001001001
8 010001001001
8 010001001001
8 010001001001
8 010001001001

1 010001001001
1 010001001001
1 010001001001
3 010001001001
5 010001001001
5 010001001001
1 010001001001
3 010001001001
1 010001001001
1 010001001001
3 010001001001
1 010001001001
6 010001001001
6 010001001001
1 010001001001
3 010001001001

3 010000100010
3 010000100010
1 010000100010
1 010000100010
1 010000100010
1 010000100010
1 010000100010
1 010000100010
1 010000100010
1 010000100010
1 010000100010
1 010000100010
1 010000100010
1 010000100010
3 010000100010
5 010000100010

5 000100100010
5 000100100010
5 000100100010
5 000100100010
3 000100100010
3 000100100010
3 000100100010
3 000100100010
3 000100100010
3 000100100010
3 000100100010
3 000100100010
3 000100100010
3 000100100010
1 000100100010
3 000100100010

3 000100100001
3 000100100001
11 000100100001
11 000100100001
11 000100100001
11 000100100001
11 000100100001
11 000100100001
11 000100100001
11 000100100001
11 000100100001
11 000100100001
3 000100100001
3 000100100001
1 000100100001
3 000100100001

3 010001001001
3 010001001001
1 010001001001
1 010001001001
1 010001001001
1 010001001001
10 010001001001
11 010001001001
1 010001001001
1 010001001001
1 010001001001
1 010001001001
1 010001001001
1 010001001001
10 010001001001
8 010001001001

10 010000100010
8 010000100010
6 010000100010
6 010000100010
1 010000100010
1 010000100010
1 010000100010
1 010000100010
3 000100100001
3 000100100001
3 000100100001
3 000100100001
5 000100100001
5 000100100001
5 000100100001
3 000100100001

3 010000100010
3 010000100010
3 010000100010
1 010000100010
1 010000100010
1 010000100010
1 010000100010
1 010000100010
1 010001001001
1 010001001001
1 010001001001
1 010001001001
1 010001001001
1 010001001001
1 010001001001
1 010001001001

12 010000100010
12 010000100010
12 010000100010
12 010000100010
12 010000100010
12 010000100010
12 010000100010
12 010000100010
12 010000100010
12 010000100010
12 010000100010
12 010000100010
12 010000100010
12 010000100010
12 010000100010
12 010000100010

12 000100100010
12 000100100010
12 000100100010
12 000100100010
12 000100100010
12 000100100010
12 000100100010
12 000100100010
12 000100100010
12 000100100010
12 000100100010
12 000100100010
12 000100100010
12 000100100010
12 000100100010
12 000100100010

12 000100100001
12 000100100001
12 000100100001
12 000100100001
12 000100100001
12 000100100001
12 000100100001
12 000100100001
12 000100100001
12 000100100001
12 000100100001
12 000100100001
12 000100100001
12 000100100001
12 000100100001
12 000100100001

12 010001001001
12 010001001001
12 010001001001
12 010001001001
12 010001001001
12 010001001001
12 010001001001
12 010001001001
12 010001001001
12 010001001001
12 010001001001
12 010001001001
12 010001001001
12 010001001001
12 010001001001
12 010001001001

12 010000100010
12 010000100010
12 010000100010
12 010000100010
12 010000100010
12 010000100010
12 010000100010
12 010000100010
12 010000100010
12 010000100010
12 010000100010
12 010000100010
12 010000100010
12 010000100010
12 010000100010
12 010000100010

12 000100100010
12 000100100010
12 000100100010
12 000100100010
12 000100100010
12 000100100010
12 000100100010
12 000100100010
12 000100100010
12 000100100010
12 000100100010
12 000100100010
12 000100100010
12 000100100010
12 000100100010
12 000100100010

12 000100100001
12 000100100001
12 000100100001
12 000100100001
12 000100100001
12 000100100001
12 000100100001
12 000100100001
12 000100100001
12 000100100001
12 000100100001
12 000100100001
12 000100100001
12 000100100001
12 000100100001
12 000100100001

12 010001001001
12 010001001001
12 010001001001
12 010001001001
12 010001001001
12 010001001001
12 010001001001
12 010001001001
12 010001001001
12 010001001001
12 010001001001
12 010001001001
12 010001001001
12 010001001001
12 010001001001
12 010001001001

12 010000100010
12 010000100010
12 010000100010
12 010000100010
12 010000100010
12 010000100010
12 010000100010
12 010000100010
12 000100100001
12 000100100001
12 000100100001
12 000100100001
12 000100100001
12 000100100001
12 000100100001
12 000100100001

12 010000100010
12 010000100010
12 010000100010
12 010000100010
12 010000100010
12 010000100010
12 010000100010
12 010000100010
12 010001001001
12 010001001001
12 010001001001
12 010001001001
12 010001001001
12 010001001001
10 010001001001
11 010001001001

1 010000100010
1 010000100010
1 010000100010
1 010000100010
1 010000100010
1 010000100010
1 010000100010
1 010000100010
1 010000100010
1 010000100010
1 010000100010
1 010000100010
5 010000100010
5 010000100010
3 010000100010
5 010000100010

5 000100100010
5 000100100010
5 000100100010
5 000100100010
3 000100100010
3 000100100010
3 000100100010
3 000100100010
3 000100100010
3 000100100010
3 000100100010
3 000100100010
3 000100100010
3 000100100010
1 000100100010
3 000100100010

3 000100100001
3 000100100001
11 000100100001
11 000100100001
11 000100100001
11 000100100001
11 000100100001
11 000100100001
11 000100100001
11 000100100001
11 000100100001
11 000100100001
3 000100100001
3 000100100001
1 000100100001
3 000100100001

3 010001001001
3 010001001001
1 010001001001
1 010001001001
1 010001001001
1 010001001001
10 010001001001
11 010001001001
1 010001001001
1 010001001001
1 010001001001
1 010001001001
1 010001001001
1 010001001001
10 010001001001
8 010001001001

10 010000100010
8 010000100010
6 010000100010
6 010000100010
1 010000100010
1 010000100010
1 010000100010
1 010000100010
3 000100100001
3 000100100001
3 000100100001
3 000100100001
3 000100100001
3 000100100001
3 000100100001
3 000100100001

5 010001001001
5 010001001001
5 010001001001
5 010001001001
5 010001001001
5 010001001001
10 010001001001
11 010001001001
1 010001001001
1 010001001001
1 010001001001
1 010001001001
1 010001001001
1 010001001001
10 010001001001
8 010001001001

10 010000100010
10 010000100010
8 010000100010
6 010000100010
6 010000100010
6 010000100010
6 010000100010
6 010000100010
6 010000100010
6 010000100010
6 010000100010
6 010000100010
6 010000100010
6 010000100010
6 010000100010
6 010000100010

3 000100100010
3 000100100010
3 000100100010
3 000100100010
3 000100100010
3 000100100010
3 000100100010
3 000100100010
3 000100100010
3 000100100010
3 000100100010
3 000100100010
10 000100100010
10 000100100010
10 000100100010
10 000100100010

3 000100100001
3 000100100001
3 000100100001
3 000100100001
3 000100100001
3 000100100001
3 000100100001
3 000100100001
3 000100100001
3 000100100001
3 000100100001
3 000100100001
10 000100100001
10 000100100001
10 000100100001
1 000100100001

8 010001001001
8 010001001001
8 010001001001
8 010001001001
10 010001001001
10 010001001001
8 010001001001
10 010001001001
8 010001001001
8 010001001001
10 010001001001
8 010001001001
10 010001001001
10 010001001001
8 010001001001
6 010001001001

10 010000100010
10 010000100010
10 010000100010
10 010000100010
10 010000100010
10 010000100010
10 010000100010
10 010000100010
10 010000100010
10 010000100010
10 010000100010
10 010000100010
10 010000100010
10 010000100010
8 010000100010
6 010000100010

10 000100100010
10 000100100010
10 000100100010
10 000100100010
10 000100100010
10 000100100010
10 000100100010
10 000100100010
10 000100100010
10 000100100010
10 000100100010
10 000100100010
10 000100100010
10 000100100010
8 000100100010
6 000100100010

3 000100100001
3 000100100001
3 000100100001
3 000100100001
3 000100100001
3 000100100001
3 000100100001
3 000100100001
3 000100100001
3 000100100001
3 000100100001
3 000100100001
3 000100100001
3 000100100001
1 000100100001
11 000100100001

12 010001001001
12 010001001001
12 010001001001
12 010001001001
12 010001001001
12 010001001001
12 010001001001
12 010001001001
12 010001001001
12 010001001001
12 010001001001
12 010001001001
12 010001001001
12 010001001001
12 010001001001
12 010001001001

