12 000100100010
12 000100100010
12 000100100010
12 000100100010
12 000100100010
12 000100100010
12 000100100010
12 000100100010
12 000100100010
12 000100100010
12 000100100010
12 000100100010
12 000100100010
12 000100100010
12 000100100010
12 000100100010

12 001001000010
12 001001000010
12 001001000010
12 001001000010
12 001001000010
12 001001000010
12 001001000010
12 001001000010
12 001001000010
12 001001000010
12 001001000010
12 001001000010
12 001001000010
12 001001000010
12 001001000010
12 001001000010

12 001001000010
12 001001000010
12 001001000010
12 001001000010
12 001001000010
12 001001000010
12 001001000010
12 001001000010
12 001001000010
12 001001000010
12 001001000010
12 001001000010
12 001001000010
12 001001000010
12 001001000010
12 001001000010

12 001001000010
12 001001000010
12 001001000010
12 001001000010
12 001001000010
12 001001000010
12 001001000010
12 001001000010
12 001001000010
12 001001000010
12 001001000010
12 001001000010
12 001001000010
12 001001000010
12 001001000010
12 001001000010

12 010001001001
12 010001001001
12 010001001001
12 010001001001
12 010001001001
12 010001001001
12 010001001001
12 010001001001
12 010001001001
12 010001001001
12 010001001001
12 010001001001
12 010001001001
12 010001001001
12 010001001001
12 010001001001

12 010001001001
12 010001001001
12 010001001001
12 010001001001
12 010001001001
12 010001001001
12 010001001001
12 010001001001
8 010001001001
8 010001001001
8 010001001001
10 010001001001
10 010001001001
8 010001001001
6 010001001001
6 010001001001

12 000100100010
12 000100100010
12 000100100010
12 000100100010
12 000100100010
12 000100100010
12 000100100010
12 000100100010
12 000100100010
12 000100100010
12 000100100010
12 000100100010
12 000100100010
12 000100100010
12 000100100010
12 000100100010

12 010001000010
12 010001000010
12 010001000010
12 010001000010
12 010001000010
12 010001000010
12 010001000010
12 010001000010
12 010001000010
12 010001000010
12 010001000010
12 010001000010
12 010001000010
12 010001000010
12 010001000010
8 010001000010

8 000100100010
10 000100100010
10 000100100010
8 000100100010
6 000100100010
6 000100100010
8 000100100010
8 000100100010
8 000100100010
8 000100100010
8 000100100010
8 000100100010
8 000100100010
8 000100100010
8 000100100010
8 000100100010

12 010001000010
12 010001000010
12 010001000010
12 010001000010
12 010001000010
12 010001000010
12 010001000010
12 010001000010
12 010001000010
12 010001000010
12 010001000010
12 010001000010
12 010001000010
12 010001000010
12 010001000010
12 010001000010

12 000100011001
12 000100011001
12 000100011001
12 000100011001
12 000100011001
12 000100011001
12 000100011001
12 000100011001
12 000100011001
12 000100011001
12 000100011001
3 000100011001
1 000100011001
3 000100011001
1 000100011001
1 000100011001

12 000100011001
6 000100011001
6 000100011001
3 000100011001
3 000100011001
3 000100011001
3 000100011001
3 000100011001
3 000100011001
3 000100011001
3 000100011001
3 000100011001
3 000100011001
3 000100011001
3 000100011001
3 000100011001

10 001001000010
10 001001000010
10 001001000010
8 001001000010
8 001001000010
6 001001000010
6 001001000010
6 001001000010
6 001001000010
6 001001000010
6 001001000010
6 001001000010
6 001001000010
6 001001000010
6 001001000010
6 001001000010

12 001001000010
12 001001000010
12 001001000010
12 001001000010
10 001001000010
3 001001000010
3 001001000010
3 001001000010
3 001001000010
3 001001000010
3 001001000010
10 001001000010
10 001001000010
3 001001000010
3 001001000010
1 001001000010

3 000100100010
3 000100100010
6 000100100010
5 000100100010
3 000100100010
3 000100100010
3 000100100010
3 000100100010
3 000100100010
3 000100100010
3 000100100010
3 000100100010
3 000100100010
3 000100100010
3 000100100010
3 000100100010

12 010001000010
12 010001000010
12 010001000010
12 010001000010
12 010001000010
12 010001000010
12 010001000010
12 010001000010
12 010001000010
12 010001000010
12 010001000010
12 010001000010
12 010001000010
12 010001000010
12 010001000010
12 010001000010

12 000100100010
12 000100100010
12 000100100010
12 000100100010
12 000100100010
12 000100100010
12 000100100010
12 000100100010
12 000100100010
12 000100100010
12 000100100010
12 000100100010
12 000100100010
12 000100100010
12 000100100010
12 000100100010

12 010001000010
12 010001000010
12 010001000010
3 010001000010
10 010001000010
10 010001000010
10 010001000010
10 010001000010
10 010001000010
10 010001000010
10 010001000010
10 010001000010
10 010001000010
10 010001000010
10 010001000010
10 010001000010

12 000100100010
12 000100100010
12 000100100010
12 000100100010
12 000100100010
12 000100100010
10 000100100010
10 000100100010
8 000100100010
8 000100100010
6 000100100010
8 000100100010
8 000100100010
8 000100100010
8 000100100010
8 000100100010

12 010001000010
12 010001000010
12 010001000010
12 010001000010
12 010001000010
12 010001000010
12 010001000010
12 010001000010
12 010001000010
12 010001000010
12 010001000010
12 010001000010
12 010001000010
12 010001000010
12 010001000010
12 010001000010

12 000100100010
12 000100100010
10 000100100010
3 000100100010
1 000100100010
1 000100100010
3 000100100010
1 000100100010
1 000100100010
1 000100100010
6 000100100010
3 000100100010
3 000100100010
3 000100100010
3 000100100010
3 000100100010

12 010001000010
12 010001000010
12 010001000010
12 010001000010
12 010001000010
12 010001000010
12 010001000010
12 010001000010
12 010001000010
12 010001000010
12 010001000010
12 010001000010
12 010001000010
12 010001000010
12 010001000010
12 010001000010

12 000100100010
12 000100100010
12 000100100010
12 000100100010
12 000100100010
12 000100100010
10 000100100010
10 000100100010
8 000100100010
8 000100100010
6 000100100010
10 000100100010
10 000100100010
10 000100100010
8 000100100010
6 000100100010

8 010001000010
8 010001000010
8 010001000010
8 010001000010
8 010001000010
8 010001000010
8 010001000010
8 010001000010
8 010001000010
8 010001000010
8 010001000010
8 010001000010
8 010001000010
8 010001000010
8 010001000010
8 010001000010

12 000100100010
12 000100100010
12 000100100010
12 000100100010
12 000100100010
12 000100100010
12 000100100010
12 000100100010
10 000100100010
3 000100100010
3 000100100010
3 000100100010
1 000100100010
1 000100100010
3 000100100010
3 000100100010

1 010001000010
3 010001000010
3 010001000010
3 010001000010
1 010001000010
1 010001000010
10 010001000010
10 010001000010
8 010001000010
3 010001000010
3 010001000010
3 010001000010
3 010001000010
3 010001000010
3 010001000010
3 010001000010

12 000100100010
12 000100100010
12 000100100010
12 000100100010
12 000100100010
12 000100100010
12 000100100010
12 000100100010
10 000100100010
10 000100100010
10 000100100010
10 000100100010
10 000100100010
10 000100100010
8 000100100010
8 000100100010

10 010001000010
10 010001000010
8 010001000010
8 010001000010
8 010001000010
8 010001000010
8 010001000010
8 010001000010
8 010001000010
8 010001000010
8 010001000010
8 010001000010
8 010001000010
8 010001000010
8 010001000010
8 010001000010

12 000100100010
12 000100100010
12 000100100010
12 000100100010
8 000100100010
8 000100100010
3 000100100010
3 000100100010
1 000100100010
3 000100100010
3 000100100010
1 000100100010
3 000100100010
6 000100100010
6 000100100010
6 000100100010

12 010001000010
12 010001000010
12 010001000010
12 010001000010
12 010001000010
12 010001000010
12 010001000010
12 010001000010
12 010001000010
12 010001000010
12 010001000010
12 010001000010
12 010001000010
12 010001000010
12 010001000010
12 010001000010

12 000100100010
12 000100100010
12 000100100010
12 000100100010
12 000100100010
12 000100100010
12 000100100010
12 000100100010
12 000100100010
12 000100100010
12 000100100010
12 000100100010
10 000100100010
10 000100100010
10 000100100010
10 000100100010

8 010001000010
10 010001000010
10 010001000010
8 010001000010
6 010001000010
6 010001000010
8 010001000010
8 010001000010
3 010001000010
3 010001000010
3 010001000010
3 010001000010
3 010001000010
3 010001000010
3 010001000010
3 010001000010

12 000100100010
12 000100100010
12 000100100010
12 000100100010
12 000100100010
12 000100100010
12 000100100010
12 000100100010
12 000100100010
12 000100100010
12 000100100010
10 000100100010
10 000100100010
10 000100100010
3 000100100010
3 000100100010

12 010001000010
1 010001000010
3 010001000010
3 010001000010
3 010001000010
3 010001000010
3 010001000010
3 010001000010
3 010001000010
3 010001000010
3 010001000010
3 010001000010
3 010001000010
3 010001000010
5 010001000010
3 010001000010

12 000100011001
12 000100011001
12 000100011001
3 000100011001
3 000100011001
3 000100011001
3 000100011001
3 000100011001
3 000100011001
3 000100011001
10 000100011001
10 000100011001
10 000100011001
10 000100011001
3 000100011001
3 000100011001

12 000100011001
12 000100011001
12 000100011001
10 000100011001
10 000100011001
8 000100011001
6 000100011001
6 000100011001
8 000100011001
8 000100011001
8 000100011001
8 000100011001
8 000100011001
8 000100011001
8 000100011001
8 000100011001

12 001001000010
12 001001000010
12 001001000010
10 001001000010
10 001001000010
3 001001000010
3 001001000010
3 001001000010
3 001001000010
3 001001000010
10 001001000010
10 001001000010
10 001001000010
10 001001000010
10 001001000010
10 001001000010

6 001001000010
6 001001000010
3 001001000010
3 001001000010
3 001001000010
3 001001000010
3 001001000010
3 001001000010
3 001001000010
3 001001000010
3 001001000010
3 001001000010
10 001001000010
10 001001000010
3 001001000010
3 001001000010

12 000100100010
12 000100100010
6 000100100010
6 000100100010
6 000100100010
6 000100100010
3 000100100010
3 000100100010
3 000100100010
3 000100100010
3 000100100010
3 000100100010
3 000100100010
3 000100100010
3 000100100010
3 000100100010

12 010001000010
12 010001000010
12 010001000010
12 010001000010
12 010001000010
12 010001000010
12 010001000010
12 010001000010
12 010001000010
12 010001000010
12 010001000010
12 010001000010
12 010001000010
12 010001000010
12 010001000010
12 010001000010

12 000100100010
12 000100100010
12 000100100010
12 000100100010
12 000100100010
12 000100100010
12 000100100010
12 000100100010
12 000100100010
12 000100100010
12 000100100010
12 000100100010
12 000100100010
12 000100100010
12 000100100010
12 000100100010

12 010001000010
12 010001000010
12 010001000010
12 010001000010
12 010001000010
12 010001000010
12 010001000010
12 010001000010
12 010001000010
12 010001000010
12 010001000010
12 010001000010
12 010001000010
12 010001000010
12 010001000010
12 010001000010

12 000100100010
12 000100100010
12 000100100010
12 000100100010
12 000100100010
12 000100100010
12 000100100010
12 000100100010
10 000100100010
10 000100100010
10 000100100010
8 000100100010
8 000100100010
6 000100100010
8 000100100010
8 000100100010

8 010001000010
8 010001000010
8 010001000010
8 010001000010
6 010001000010
6 010001000010
8 010001000010
8 010001000010
6 010001000010
6 010001000010
8 010001000010
8 010001000010
8 010001000010
8 010001000010
8 010001000010
8 010001000010

12 000100100010
12 000100100010
12 000100100010
12 000100100010
12 000100100010
12 000100100010
12 000100100010
12 000100100010
12 000100100010
12 000100100010
12 000100100010
10 000100100010
10 000100100010
3 000100100010
3 000100100010
1 000100100010

8 010001000010
8 010001000010
6 010001000010
8 010001000010
8 010001000010
8 010001000010
8 010001000010
8 010001000010
8 010001000010
8 010001000010
8 010001000010
8 010001000010
8 010001000010
8 010001000010
8 010001000010
8 010001000010

12 000100100010
12 000100100010
12 000100100010
12 000100100010
12 000100100010
12 000100100010
12 000100100010
12 000100100010
12 000100100010
12 000100100010
12 000100100010
10 000100100010
10 000100100010
10 000100100010
8 000100100010
8 000100100010

8 010001000010
8 010001000010
10 010001000010
10 010001000010
10 010001000010
10 010001000010
10 010001000010
10 010001000010
10 010001000010
10 010001000010
10 010001000010
10 010001000010
10 010001000010
10 010001000010
10 010001000010
10 010001000010

12 000100100010
12 000100100010
12 000100100010
12 000100100010
12 000100100010
12 000100100010
12 000100100010
12 000100100010
12 000100100010
12 000100100010
12 000100100010
10 000100100010
10 000100100010
3 000100100010
3 000100100010
3 000100100010

6 010001000010
6 010001000010
6 010001000010
5 010001000010
3 010001000010
3 010001000010
3 010001000010
3 010001000010
3 010001000010
3 010001000010
3 010001000010
3 010001000010
3 010001000010
3 010001000010
3 010001000010
3 010001000010

12 000100100010
12 000100100010
12 000100100010
12 000100100010
12 000100100010
12 000100100010
12 000100100010
12 000100100010
12 000100100010
12 000100100010
12 000100100010
1 000100100010
8 000100100010
8 000100100010
6 000100100010
8 000100100010

12 010001000010
12 010001000010
8 010001000010
8 010001000010
6 010001000010
6 010001000010
8 010001000010
8 010001000010
8 010001000010
8 010001000010
8 010001000010
8 010001000010
8 010001000010
8 010001000010
10 010001000010
8 010001000010

8 000100100010
8 000100100010
8 000100100010
8 000100100010
3 000100100010
3 000100100010
3 000100100010
6 000100100010
5 000100100010
6 000100100010
5 000100100010
6 000100100010
5 000100100010
8 000100100010
8 000100100010
8 000100100010

12 010001000010
12 010001000010
12 010001000010
12 010001000010
12 010001000010
12 010001000010
12 010001000010
12 010001000010
10 010001000010
10 010001000010
3 010001000010
3 010001000010
3 010001000010
1 010001000010
3 010001000010
3 010001000010

12 000100100010
12 000100100010
6 000100100010
3 000100100010
3 000100100010
3 000100100010
3 000100100010
3 000100100010
3 000100100010
3 000100100010
3 000100100010
3 000100100010
3 000100100010
3 000100100010
3 000100100010
3 000100100010

12 010001000010
12 010001000010
12 010001000010
10 010001000010
3 010001000010
3 010001000010
3 010001000010
3 010001000010
3 010001000010
3 010001000010
3 010001000010
10 010001000010
10 010001000010
6 010001000010
3 010001000010
3 010001000010

12 000100100010
12 000100100010
12 000100100010
12 000100100010
12 000100100010
12 000100100010
12 000100100010
12 000100100010
12 000100100010
12 000100100010
12 000100100010
12 000100100010
12 000100100010
12 000100100010
12 000100100010
12 000100100010

12 010001000010
12 010001000010
12 010001000010
12 010001000010
12 010001000010
12 010001000010
12 010001000010
12 010001000010
12 010001000010
12 010001000010
12 010001000010
12 010001000010
12 010001000010
6 010001000010
8 010001000010
6 010001000010

12 000100011001
8 000100011001
6 000100011001
6 000100011001
6 000100011001
8 000100011001
8 000100011001
8 000100011001
8 000100011001
8 000100011001
8 000100011001
8 000100011001
8 000100011001
8 000100011001
8 000100011001
8 000100011001

12 000100011001
12 000100011001
12 000100011001
12 000100011001
12 000100011001
12 000100011001
12 000100011001
12 000100011001
6 000100011001
6 000100011001
3 000100011001
3 000100011001
6 000100011001
6 000100011001
3 000100011001
3 000100011001

12 001001000010
12 001001000010
12 001001000010
12 001001000010
12 001001000010
3 001001000010
3 001001000010
3 001001000010
3 001001000010
3 001001000010
3 001001000010
8 001001000010
8 001001000010
10 001001000010
10 001001000010
8 001001000010

8 001001000010
8 001001000010
8 001001000010
8 001001000010
8 001001000010
10 001001000010
3 001001000010
3 001001000010
3 001001000010
3 001001000010
3 001001000010
3 001001000010
10 001001000010
10 001001000010
3 001001000010
3 001001000010

3 000100100010
3 000100100010
6 000100100010
5 000100100010
5 000100100010
3 000100100010
3 000100100010
3 000100100010
3 000100100010
3 000100100010
3 000100100010
3 000100100010
3 000100100010
3 000100100010
3 000100100010
3 000100100010

12 010001000010
12 010001000010
12 010001000010
12 010001000010
12 010001000010
12 010001000010
12 010001000010
12 010001000010
12 010001000010
12 010001000010
12 010001000010
12 010001000010
12 010001000010
12 010001000010
12 010001000010
12 010001000010

12 000100100010
12 000100100010
12 000100100010
12 000100100010
12 000100100010
12 000100100010
12 000100100010
12 000100100010
12 000100100010
12 000100100010
12 000100100010
12 000100100010
12 000100100010
12 000100100010
12 000100100010
12 000100100010

12 010001000010
12 010001000010
6 010001000010
6 010001000010
1 010001000010
1 010001000010
1 010001000010
1 010001000010
1 010001000010
1 010001000010
1 010001000010
1 010001000010
1 010001000010
1 010001000010
1 010001000010
1 010001000010

12 000100100010
12 000100100010
12 000100100010
12 000100100010
12 000100100010
12 000100100010
12 000100100010
12 000100100010
6 000100100010
6 000100100010
6 000100100010
8 000100100010
8 000100100010
6 000100100010
8 000100100010
8 000100100010

12 010001000010
12 010001000010
12 010001000010
12 010001000010
12 010001000010
12 010001000010
12 010001000010
12 010001000010
12 010001000010
12 010001000010
12 010001000010
12 010001000010
12 010001000010
12 010001000010
12 010001000010
12 010001000010

12 000100100010
12 000100100010
12 000100100010
12 000100100010
12 000100100010
12 000100100010
12 000100100010
12 000100100010
12 000100100010
12 000100100010
10 000100100010
10 000100100010
3 000100100010
3 000100100010
3 000100100010
3 000100100010

12 010001000010
12 010001000010
12 010001000010
12 010001000010
12 010001000010
12 010001000010
12 010001000010
12 010001000010
12 010001000010
12 010001000010
12 010001000010
12 010001000010
12 010001000010
12 010001000010
12 010001000010
12 010001000010

12 000100100010
12 000100100010
12 000100100010
12 000100100010
12 000100100010
12 000100100010
12 000100100010
12 000100100010
12 000100100010
12 000100100010
12 000100100010
3 000100100010
3 000100100010
6 000100100010
3 000100100010
3 000100100010

12 010001000010
12 010001000010
12 010001000010
12 010001000010
12 010001000010
12 010001000010
12 010001000010
12 010001000010
12 010001000010
12 010001000010
12 010001000010
12 010001000010
12 010001000010
12 010001000010
12 010001000010
12 010001000010

12 000100100010
12 000100100010
12 000100100010
12 000100100010
12 000100100010
12 000100100010
12 000100100010
12 000100100010
12 000100100010
12 000100100010
12 000100100010
10 000100100010
10 000100100010
3 000100100010
3 000100100010
3 000100100010

12 010001000010
12 010001000010
12 010001000010
12 010001000010
12 010001000010
12 010001000010
12 010001000010
12 010001000010
12 010001000010
12 010001000010
12 010001000010
12 010001000010
12 010001000010
12 010001000010
12 010001000010
12 010001000010

