12 000000000000
12 000000000000
12 000000000000
12 000000000000
12 000000000000
12 000000000000
12 000000000000
12 000000000000
9 000000000000
9 000000000000
9 000000000000
11 000000000000
9 000000000000
9 000000000000
9 000000000000
9 000000000000

11 010010000100
11 010010000100
1 010010000100
1 010010000100
1 010010000100
1 010010000100
1 010010000100
1 010010000100
1 010010000100
1 010010000100
1 010010000100
1 010010000100
1 010010000100
1 010010000100
1 010010000100
1 010010000100

12 010010000100
12 010010000100
11 010010000100
9 010010000100
9 010010000100
9 010010000100
9 010010000100
9 010010000100
9 010010000100
9 010010000100
9 010010000100
9 010010000100
9 010010000100
9 010010000100
9 010010000100
9 010010000100

12 000010001001
12 000010001001
12 000010001001
1 000010001001
1 000010001001
1 000010001001
11 000010001001
1 000010001001
11 000010001001
11 000010001001
11 000010001001
11 000010001001
11 000010001001
11 000010001001
11 000010001001
9 000010001001

8 000010001001
8 000010001001
8 000010001001
8 000010001001
8 000010001001
8 000010001001
8 000010001001
8 000010001001
8 000010001001
8 000010001001
8 000010001001
8 000010001001
8 000010001001
8 000010001001
8 000010001001
8 000010001001

12 010010000100
12 010010000100
12 010010000100
8 010010000100
8 010010000100
8 010010000100
11 010010000100
11 010010000100
11 010010000100
11 010010000100
11 010010000100
9 010010000100
9 010010000100
9 010010000100
9 010010000100
9 010010000100

12 010010000100
12 010010000100
12 010010000100
12 010010000100
12 010010000100
12 010010000100
12 010010000100
12 010010000100
12 010010000100
12 010010000100
12 010010000100
12 010010000100
12 010010000100
12 010010000100
12 010010000100
12 010010000100

12 000010001001
12 000010001001
12 000010001001
12 000010001001
12 000010001001
12 000010001001
12 000010001001
12 000010001001
12 000010001001
12 000010001001
12 000010001001
12 000010001001
12 000010001001
12 000010001001
12 000010001001
12 000010001001

12 000010001001
12 000010001001
12 000010001001
12 000010001001
12 000010001001
12 000010001001
12 000010001001
12 000010001001
12 000010001001
12 000010001001
12 000010001001
12 000010001001
12 000010001001
4 000010001001
6 000010001001
6 000010001001

9 010010000100
9 010010000100
9 010010000100
9 010010000100
9 010010000100
9 010010000100
9 010010000100
9 010010000100
9 010010000100
9 010010000100
9 010010000100
9 010010000100
9 010010000100
9 010010000100
9 010010000100
9 010010000100

12 010010000100
12 010010000100
12 010010000100
12 010010000100
6 010010000100
4 010010000100
4 010010000100
4 010010000100
4 010010000100
4 010010000100
4 010010000100
4 010010000100
4 010010000100
4 010010000100
4 010010000100
1 010010000100

4 010001001000
4 010001001000
4 010001001000
6 010001001000
6 010001001000
4 010001001000
4 010001001000
4 010001001000
6 010001001000
6 010001001000
6 010001001000
1 010001001000
1 010001001000
1 010001001000
1 010001001000
1 010001001000

12 010001001000
12 010001001000
12 010001001000
12 010001001000
12 010001001000
12 010001001000
12 010001001000
12 010001001000
12 010001001000
12 010001001000
12 010001001000
12 010001001000
12 010001001000
12 010001001000
12 010001001000
12 010001001000

12 001000100100
6 001000100100
6 001000100100
4 001000100100
4 001000100100
4 001000100100
4 001000100100
4 001000100100
6 001000100100
6 001000100100
6 001000100100
11 001000100100
9 001000100100
9 001000100100
9 001000100100
9 001000100100

12 001000100100
12 001000100100
12 001000100100
12 001000100100
12 001000100100
12 001000100100
12 001000100100
12 001000100100
12 001000100100
12 001000100100
12 001000100100
12 001000100100
12 001000100100
12 001000100100
6 001000100100
9 001000100100

12 100001000100
12 100001000100
12 100001000100
6 100001000100
9 100001000100
9 100001000100
9 100001000100
9 100001000100
11 100001000100
11 100001000100
11 100001000100
9 100001000100
9 100001000100
9 100001000100
9 100001000100
11 100001000100

9 100001000100
9 100001000100
9 100001000100
2 100001000100
2 100001000100
11 100001000100
11 100001000100
11 100001000100
11 100001000100
11 100001000100
11 100001000100
11 100001000100
11 100001000100
11 100001000100
11 100001000100
4 100001000100

12 010010000100
12 010010000100
1 010010000100
11 010010000100
11 010010000100
1 010010000100
11 010010000100
11 010010000100
1 010010000100
1 010010000100
1 010010000100
1 010010000100
1 010010000100
1 010010000100
11 010010000100
1 010010000100

11 010010000100
1 010010000100
1 010010000100
1 010010000100
11 010010000100
9 010010000100
9 010010000100
9 010010000100
9 010010000100
9 010010000100
9 010010000100
9 010010000100
9 010010000100
9 010010000100
9 010010000100
9 010010000100

12 000010001001
12 000010001001
4 000010001001
4 000010001001
4 000010001001
1 000010001001
1 000010001001
11 000010001001
11 000010001001
11 000010001001
11 000010001001
11 000010001001
11 000010001001
11 000010001001
9 000010001001
8 000010001001

12 000010001001
12 000010001001
12 000010001001
12 000010001001
12 000010001001
12 000010001001
12 000010001001
12 000010001001
12 000010001001
12 000010001001
12 000010001001
12 000010001001
12 000010001001
12 000010001001
12 000010001001
4 000010001001

6 010010000100
6 010010000100
9 010010000100
9 010010000100
9 010010000100
9 010010000100
11 010010000100
11 010010000100
11 010010000100
11 010010000100
9 010010000100
9 010010000100
9 010010000100
9 010010000100
9 010010000100
9 010010000100

12 010010000100
12 010010000100
12 010010000100
12 010010000100
12 010010000100
12 010010000100
12 010010000100
12 010010000100
12 010010000100
12 010010000100
12 010010000100
11 010010000100
11 010010000100
9 010010000100
9 010010000100
9 010010000100

12 000010001001
12 000010001001
12 000010001001
12 000010001001
12 000010001001
12 000010001001
12 000010001001
12 000010001001
12 000010001001
12 000010001001
12 000010001001
12 000010001001
12 000010001001
12 000010001001
12 000010001001
12 000010001001

12 000010001001
12 000010001001
12 000010001001
12 000010001001
12 000010001001
12 000010001001
12 000010001001
12 000010001001
9 000010001001
9 000010001001
9 000010001001
9 000010001001
9 000010001001
9 000010001001
11 000010001001
9 000010001001

1 010010000100
1 010010000100
11 010010000100
1 010010000100
1 010010000100
11 010010000100
1 010010000100
1 010010000100
11 010010000100
1 010010000100
1 010010000100
1 010010000100
1 010010000100
1 010010000100
1 010010000100
1 010010000100

12 010010000100
12 010010000100
12 010010000100
12 010010000100
12 010010000100
12 010010000100
12 010010000100
12 010010000100
12 010010000100
12 010010000100
12 010010000100
12 010010000100
12 010010000100
12 010010000100
12 010010000100
1 010010000100

4 000010001001
4 000010001001
4 000010001001
11 000010001001
1 000010001001
1 000010001001
11 000010001001
11 000010001001
11 000010001001
11 000010001001
11 000010001001
11 000010001001
11 000010001001
11 000010001001
9 000010001001
8 000010001001

12 000010001001
12 000010001001
12 000010001001
12 000010001001
12 000010001001
12 000010001001
12 000010001001
12 000010001001
12 000010001001
12 000010001001
12 000010001001
12 000010001001
12 000010001001
12 000010001001
12 000010001001
12 000010001001

9 010010000100
9 010010000100
1 010010000100
1 010010000100
1 010010000100
1 010010000100
11 010010000100
9 010010000100
9 010010000100
9 010010000100
11 010010000100
9 010010000100
9 010010000100
9 010010000100
9 010010000100
9 010010000100

12 010010000100
12 010010000100
12 010010000100
6 010010000100
4 010010000100
2 010010000100
1 010010000100
11 010010000100
1 010010000100
1 010010000100
1 010010000100
1 010010000100
1 010010000100
1 010010000100
1 010010000100
1 010010000100

12 000010001001
12 000010001001
12 000010001001
12 000010001001
12 000010001001
12 000010001001
12 000010001001
12 000010001001
12 000010001001
12 000010001001
12 000010001001
12 000010001001
12 000010001001
12 000010001001
12 000010001001
12 000010001001

12 000010001001
12 000010001001
12 000010001001
12 000010001001
12 000010001001
12 000010001001
12 000010001001
12 000010001001
12 000010001001
12 000010001001
12 000010001001
12 000010001001
12 000010001001
4 000010001001
6 000010001001
6 000010001001

9 010010000100
9 010010000100
9 010010000100
9 010010000100
9 010010000100
9 010010000100
9 010010000100
9 010010000100
9 010010000100
9 010010000100
9 010010000100
9 010010000100
9 010010000100
9 010010000100
9 010010000100
9 010010000100

12 010010000100
12 010010000100
12 010010000100
12 010010000100
4 010010000100
4 010010000100
4 010010000100
4 010010000100
4 010010000100
4 010010000100
4 010010000100
4 010010000100
4 010010000100
4 010010000100
1 010010000100
4 010010000100

6 010001001000
6 010001001000
6 010001001000
4 010001001000
4 010001001000
4 010001001000
6 010001001000
6 010001001000
6 010001001000
6 010001001000
1 010001001000
1 010001001000
1 010001001000
1 010001001000
1 010001001000
11 010001001000

12 010001001000
12 010001001000
9 010001001000
11 010001001000
1 010001001000
1 010001001000
1 010001001000
1 010001001000
1 010001001000
1 010001001000
1 010001001000
1 010001001000
1 010001001000
1 010001001000
6 010001001000
6 010001001000

6 001000100100
4 001000100100
4 001000100100
1 001000100100
1 001000100100
4 001000100100
6 001000100100
4 001000100100
6 001000100100
6 001000100100
11 001000100100
9 001000100100
9 001000100100
9 001000100100
9 001000100100
9 001000100100

12 001000100100
12 001000100100
12 001000100100
12 001000100100
12 001000100100
12 001000100100
12 001000100100
12 001000100100
12 001000100100
12 001000100100
12 001000100100
12 001000100100
12 001000100100
12 001000100100
6 001000100100
9 001000100100

12 100001000100
12 100001000100
12 100001000100
9 100001000100
11 100001000100
11 100001000100
11 100001000100
9 100001000100
9 100001000100
9 100001000100
9 100001000100
9 100001000100
9 100001000100
9 100001000100
11 100001000100
11 100001000100

12 100001000100
12 100001000100
11 100001000100
9 100001000100
9 100001000100
2 100001000100
11 100001000100
11 100001000100
11 100001000100
11 100001000100
11 100001000100
11 100001000100
11 100001000100
11 100001000100
11 100001000100
11 100001000100

12 010010000100
12 010010000100
12 010010000100
6 010010000100
9 010010000100
9 010010000100
11 010010000100
1 010010000100
1 010010000100
1 010010000100
1 010010000100
1 010010000100
1 010010000100
1 010010000100
1 010010000100
1 010010000100

1 010010000100
1 010010000100
11 010010000100
1 010010000100
11 010010000100
1 010010000100
1 010010000100
1 010010000100
11 010010000100
9 010010000100
9 010010000100
9 010010000100
9 010010000100
9 010010000100
9 010010000100
9 010010000100

12 000010001001
12 000010001001
12 000010001001
4 000010001001
4 000010001001
4 000010001001
1 000010001001
11 000010001001
1 000010001001
1 000010001001
11 000010001001
11 000010001001
11 000010001001
11 000010001001
11 000010001001
11 000010001001

8 000010001001
8 000010001001
8 000010001001
8 000010001001
8 000010001001
8 000010001001
8 000010001001
8 000010001001
8 000010001001
8 000010001001
8 000010001001
8 000010001001
8 000010001001
8 000010001001
8 000010001001
8 000010001001

12 010010000100
12 010010000100
12 010010000100
8 010010000100
8 010010000100
8 010010000100
11 010010000100
11 010010000100
9 010010000100
9 010010000100
11 010010000100
9 010010000100
9 010010000100
9 010010000100
9 010010000100
9 010010000100

12 010010000100
12 010010000100
12 010010000100
12 010010000100
12 010010000100
12 010010000100
12 010010000100
12 010010000100
12 010010000100
12 010010000100
12 010010000100
12 010010000100
12 010010000100
12 010010000100
11 010010000100
11 010010000100

11 100001000100
11 100001000100
9 100001000100
9 100001000100
9 100001000100
9 100001000100
9 100001000100
9 100001000100
9 100001000100
9 100001000100
9 100001000100
9 100001000100
9 100001000100
9 100001000100
11 100001000100
11 100001000100

9 100001000100
9 100001000100
9 100001000100
0 100001000100
9 100001000100
9 100001000100
9 100001000100
9 100001000100
9 100001000100
9 100001000100
9 100001000100
9 100001000100
9 100001000100
9 100001000100
10 100001000100
10 100001000100

0 001001000010
0 001001000010
0 001001000010
0 001001000010
2 001001000010
2 001001000010
2 001001000010
2 001001000010
2 001001000010
2 001001000010
2 001001000010
2 001001000010
2 001001000010
2 001001000010
0 001001000010
2 001001000010

2 001001000010
2 001001000010
2 001001000010
0 001001000010
10 001001000010
10 001001000010
10 001001000010
10 001001000010
10 001001000010
10 001001000010
10 001001000010
10 001001000010
10 001001000010
10 001001000010
10 001001000010
10 001001000010

5 100001000100
5 100001000100
5 100001000100
2 100001000100
0 100001000100
0 100001000100
2 100001000100
0 100001000100
0 100001000100
0 100001000100
0 100001000100
0 100001000100
0 100001000100
10 100001000100
9 100001000100
9 100001000100

12 100001000100
12 100001000100
12 100001000100
12 100001000100
12 100001000100
12 100001000100
12 100001000100
12 100001000100
12 100001000100
12 100001000100
12 100001000100
2 100001000100
5 100001000100
5 100001000100
5 100001000100
2 100001000100

12 001001000010
12 001001000010
2 001001000010
10 001001000010
10 001001000010
10 001001000010
0 001001000010
10 001001000010
10 001001000010
10 001001000010
10 001001000010
10 001001000010
10 001001000010
10 001001000010
10 001001000010
10 001001000010

12 001001000010
12 001001000010
12 001001000010
12 001001000010
12 001001000010
12 001001000010
12 001001000010
12 001001000010
12 001001000010
12 001001000010
12 001001000010
12 001001000010
12 001001000010
12 001001000010
12 001001000010
12 001001000010

1 010000100010
1 010000100010
0 010000100010
10 010000100010
10 010000100010
10 010000100010
10 010000100010
10 010000100010
10 010000100010
10 010000100010
10 010000100010
10 010000100010
10 010000100010
10 010000100010
1 010000100010
0 010000100010

12 010000100010
12 010000100010
12 010000100010
12 010000100010
12 010000100010
12 010000100010
12 010000100010
12 010000100010
5 010000100010
5 010000100010
5 010000100010
3 010000100010
3 010000100010
3 010000100010
1 010000100010
1 010000100010

2 001001000010
2 001001000010
2 001001000010
2 001001000010
2 001001000010
0 001001000010
2 001001000010
0 001001000010
2 001001000010
2 001001000010
2 001001000010
2 001001000010
2 001001000010
2 001001000010
2 001001000010
2 001001000010

12 001001000010
12 001001000010
12 001001000010
12 001001000010
12 001001000010
12 001001000010
12 001001000010
12 001001000010
12 001001000010
12 001001000010
12 001001000010
12 001001000010
12 001001000010
1 001001000010
0 001001000010
10 001001000010

12 010000100010
12 010000100010
12 010000100010
1 010000100010
1 010000100010
10 010000100010
10 010000100010
10 010000100010
10 010000100010
10 010000100010
10 010000100010
10 010000100010
10 010000100010
10 010000100010
10 010000100010
10 010000100010

12 010000100010
12 010000100010
12 010000100010
12 010000100010
12 010000100010
12 010000100010
12 010000100010
12 010000100010
12 010000100010
12 010000100010
12 010000100010
12 010000100010
12 010000100010
12 010000100010
5 010000100010
5 010000100010

3 001001000010
3 001001000010
3 001001000010
3 001001000010
3 001001000010
3 001001000010
2 001001000010
0 001001000010
2 001001000010
0 001001000010
2 001001000010
2 001001000010
2 001001000010
2 001001000010
2 001001000010
2 001001000010

12 001001000010
12 001001000010
12 001001000010
12 001001000010
12 001001000010
12 001001000010
12 001001000010
12 001001000010
12 001001000010
12 001001000010
12 001001000010
5 001001000010
8 001001000010
8 001001000010
8 001001000010
5 001001000010

12 010000100010
12 010000100010
12 010000100010
12 010000100010
12 010000100010
12 010000100010
12 010000100010
12 010000100010
5 010000100010
5 010000100010
8 010000100010
8 010000100010
5 010000100010
5 010000100010
5 010000100010
5 010000100010

12 010000100010
12 010000100010
5 010000100010
8 010000100010
8 010000100010
8 010000100010
8 010000100010
8 010000100010
8 010000100010
8 010000100010
8 010000100010
8 010000100010
8 010000100010
8 010000100010
8 010000100010
8 010000100010

12 001001000010
12 001001000010
12 001001000010
12 001001000010
12 001001000010
12 001001000010
12 001001000010
12 001001000010
12 001001000010
12 001001000010
12 001001000010
12 001001000010
12 001001000010
12 001001000010
12 001001000010
12 001001000010

12 001001000010
12 001001000010
12 001001000010
12 001001000010
12 001001000010
12 001001000010
12 001001000010
12 001001000010
12 001001000010
12 001001000010
12 001001000010
2 001001000010
2 001001000010
0 001001000010
10 001001000010
10 001001000010

12 010000100010
12 010000100010
12 010000100010
8 010000100010
8 010000100010
8 010000100010
6 010000100010
6 010000100010
6 010000100010
6 010000100010
6 010000100010
10 010000100010
10 010000100010
10 010000100010
10 010000100010
8 010000100010

12 010000100010
12 010000100010
12 010000100010
12 010000100010
12 010000100010
12 010000100010
12 010000100010
12 010000100010
12 010000100010
12 010000100010
12 010000100010
12 010000100010
12 010000100010
12 010000100010
12 010000100010
12 010000100010

