12 001001010010
12 001001010010
12 001001010010
12 001001010010
12 001001010010
12 001001010010
12 001001010010
12 001001010010
12 100010010100
12 100010010100
12 100010010100
12 100010010100
12 100010010100
12 100010010100
12 100010010100
12 100010010100

12 001001010010
12 001001010010
12 001001010010
12 001001010010
12 001001010010
12 001001010010
12 001001010010
12 001001010010
12 100010010100
12 100010010100
12 100010010100
12 100010010100
12 100010010100
12 100010010100
12 100010010100
12 100010010100

12 001001010010
12 001001010010
12 001001010010
12 001001010010
12 001001010010
12 001001010010
12 001001010010
12 001001010010
12 100010010100
12 100010010100
12 100010010100
12 100010010100
12 100010010100
12 100010010100
12 100010010100
12 100010010100

12 001001010010
12 001001010010
12 001001010010
12 001001010010
12 001001010010
12 001001010010
12 001001010010
12 001001010010
12 100010010010
12 100010010010
12 100010010010
12 100010010010
12 100010010010
12 100010010010
12 100010010010
12 100010010010

9 100001000100
9 100001000100
7 100001000100
9 100001000100
7 100001000100
9 100001000100
9 100001000100
9 100001000100
9 100001000100
9 100001000100
9 100001000100
9 100001000100
9 100001000100
9 100001000100
9 100001000100
9 100001000100

12 100001000100
12 100001000100
12 100001000100
12 100001000100
12 100001000100
12 100001000100
0 100001000100
0 100001000100
9 100001000100
9 100001000100
10 100001000100
10 100001000100
0 100001000100
0 100001000100
0 100001000100
0 100001000100

4 101001000100
4 101001000100
4 101001000100
4 101001000100
0 101001000100
0 101001000100
0 101001000100
0 101001000100
0 101001000100
0 101001000100
0 101001000100
0 101001000100
0 101001000100
0 101001000100
0 101001000100
0 101001000100

12 101001000100
12 101001000100
12 101001000100
12 101001000100
12 101001000100
12 101001000100
5 101001000100
5 101001000100
9 101001000100
9 101001000100
10 101001000100
10 101001000100
0 101001000100
0 101001000100
0 101001000100
0 101001000100

0 001001000010
2 001001000010
2 001001000010
2 001001000010
10 001001000010
10 001001000010
10 001001000010
10 001001000010
10 001001000010
10 001001000010
10 001001000010
10 001001000010
10 001001000010
10 001001000010
10 001001000010
10 001001000010

12 001001000010
12 001001000010
12 001001000010
12 001001000010
12 001001000010
12 001001000010
5 001001000010
5 001001000010
10 001001000010
10 001001000010
10 001001000010
10 001001000010
10 001001000010
10 001001000010
10 001001000010
10 001001000010

1 010001000010
1 010001000010
1 010001000010
1 010001000010
1 010001000010
1 010001000010
0 010001000010
0 010001000010
10 010001000010
10 010001000010
10 010001000010
10 010001000010
10 010001000010
10 010001000010
10 010001000010
10 010001000010

5 010001000010
5 010001000010
5 010001000010
5 010001000010
5 010001000010
5 010001000010
5 010001000010
5 010001000010
5 010001000010
5 010001000010
5 010001000010
5 010001000010
5 010001000010
5 010001000010
5 010001000010
5 010001000010

7 100010010100
7 100010010100
7 100010010100
7 100010010100
7 100010010100
7 100010010100
7 100010010100
7 100010010100
7 001000010010
7 001000010010
4 001000010010
4 001000010010
4 001000010010
2 001000010010
2 001000010010
2 001000010010

0 100001000100
0 100001000100
0 100001000100
0 100001000100
0 100001000100
0 100001000100
0 100001000100
0 100001000100
9 000010010001
9 000010010001
7 000010010001
7 000010010001
5 000010010001
5 000010010001
5 000010010001
5 000010010001

4 101001000100
4 101001000100
4 101001000100
4 101001000100
4 101001000100
4 101001000100
2 101001000100
0 101001000100
4 101001000100
4 101001000100
4 101001000100
4 101001000100
4 101001000100
4 101001000100
4 101001000100
4 101001000100

12 101001000100
12 101001000100
12 101001000100
12 101001000100
12 101001000100
12 101001000100
12 101001000100
12 101001000100
12 101001000100
12 101001000100
12 101001000100
12 101001000100
12 101001000100
12 101001000100
2 101001000100
2 101001000100

7 100010000100
7 100010000100
7 100010000100
7 100010000100
7 100010000100
7 100010000100
7 100010000100
7 100010000100
9 001000010010
7 001000010010
5 001000010010
5 001000010010
5 001000010010
5 001000010010
0 001000010010
0 001000010010

10 100001000100
10 100001000100
9 100001000100
9 100001000100
9 100001000100
9 100001000100
9 100001000100
9 100001000100
9 100010010100
9 100010010100
9 100010010100
9 100010010100
7 100010010100
7 100010010100
7 100010010100
7 100010010100

4 101001000100
4 101001000100
4 101001000100
4 101001000100
4 101001000100
4 101001000100
2 101001000100
0 101001000100
4 101001000100
4 101001000100
4 101001000100
4 101001000100
4 101001000100
4 101001000100
4 101001000100
4 101001000100

12 101001000100
12 101001000100
12 101001000100
12 101001000100
12 101001000100
12 101001000100
12 101001000100
12 101001000100
12 101001000100
12 101001000100
2 101001000100
2 101001000100
5 101001000100
5 101001000100
5 101001000100
5 101001000100

9 100001000100
9 100001000100
7 100001000100
9 100001000100
7 100001000100
9 100001000100
9 100001000100
9 100001000100
9 100001000100
9 100001000100
9 100001000100
9 100001000100
5 100001000100
5 100001000100
5 100001000100
5 100001000100

12 100001000100
12 100001000100
12 100001000100
12 100001000100
12 100001000100
12 100001000100
12 100001000100
12 100001000100
9 100001000100
9 100001000100
10 100001000100
10 100001000100
0 100001000100
0 100001000100
0 100001000100
0 100001000100

4 101001000100
4 101001000100
4 101001000100
4 101001000100
0 101001000100
0 101001000100
0 101001000100
0 101001000100
0 101001000100
0 101001000100
0 101001000100
0 101001000100
0 101001000100
0 101001000100
0 101001000100
0 101001000100

12 101001000100
12 101001000100
0 101001000100
0 101001000100
9 101001000100
9 101001000100
9 101001000100
9 101001000100
9 101001000100
9 101001000100
10 101001000100
10 101001000100
0 101001000100
0 101001000100
0 101001000100
0 101001000100

0 001001000010
2 001001000010
2 001001000010
2 001001000010
10 001001000010
10 001001000010
10 001001000010
10 001001000010
10 001001000010
10 001001000010
10 001001000010
10 001001000010
10 001001000010
10 001001000010
10 001001000010
10 001001000010

12 001001000010
12 001001000010
12 001001000010
12 001001000010
12 001001000010
12 001001000010
5 001001000010
5 001001000010
5 001001000010
5 001001000010
10 001001000010
10 001001000010
10 001001000010
10 001001000010
10 001001000010
10 001001000010

12 010001000010
12 010001000010
0 010001000010
0 010001000010
0 010001000010
8 010001000010
8 010001000010
8 010001000010
5 010001000010
5 010001000010
5 010001000010
1 010001000010
1 010001000010
1 010001000010
0 010001000010
0 010001000010

10 010001000010
10 010001000010
10 010001000010
10 010001000010
10 010001000010
10 010001000010
10 010001000010
10 010001000010
10 010001000010
10 010001000010
10 010001000010
10 010001000010
10 010001000010
10 010001000010
10 010001000010
10 010001000010

7 100010010100
7 100010010100
7 100010010100
7 100010010100
7 100010010100
7 100010010100
7 100010010100
7 100010010100
7 001000010010
7 001000010010
4 001000010010
4 001000010010
4 001000010010
2 001000010010
2 001000010010
2 001000010010

0 100001000100
0 100001000100
0 100001000100
10 100001000100
10 100001000100
9 100001000100
9 100001000100
9 100001000100
9 000010010001
9 000010010001
7 000010010001
7 000010010001
5 000010010001
5 000010010001
5 000010010001
5 000010010001

4 101001000100
4 101001000100
4 101001000100
4 101001000100
4 101001000100
4 101001000100
4 101001000100
4 101001000100
4 101001000100
4 101001000100
5 101001000100
5 101001000100
4 101001000100
4 101001000100
5 101001000100
5 101001000100

4 101001000100
4 101001000100
4 101001000100
4 101001000100
4 101001000100
4 101001000100
4 101001000100
4 101001000100
4 101001000100
4 101001000100
4 101001000100
4 101001000100
4 101001000100
4 101001000100
4 101001000100
4 101001000100

12 100010000100
12 100010000100
7 100010000100
7 100010000100
7 100010000100
7 100010000100
7 100010000100
7 100010000100
7 001000010010
7 001000010010
4 001000010010
4 001000010010
4 001000010010
2 001000010010
2 001000010010
2 001000010010

0 100001000100
0 100001000100
0 100001000100
0 100001000100
0 100001000100
0 100001000100
0 100001000100
0 100001000100
9 100010010100
9 100010010100
9 100010010100
9 100010010100
7 100010010100
7 100010010100
7 100010010100
7 100010010100

4 101001000100
4 101001000100
4 101001000100
4 101001000100
4 101001000100
4 101001000100
2 101001000100
0 101001000100
4 101001000100
4 101001000100
4 101001000100
4 101001000100
4 101001000100
4 101001000100
4 101001000100
4 101001000100

12 101001000100
12 101001000100
12 101001000100
12 101001000100
12 101001000100
12 101001000100
5 101001000100
5 101001000100
5 101001000100
5 101001000100
2 101001000100
2 101001000100
2 101001000100
5 101001000100
5 101001000100
5 101001000100

9 001001010010
9 001001010010
9 001001010010
9 001001010010
7 001001010010
9 001001010010
7 001001010010
9 001001010010
7 001001010010
9 001001010010
7 001001010010
9 001001010010
9 001001010010
9 001001010010
9 001001010010
9 001001010010

12 001001010010
12 001001010010
12 001001010010
12 001001010010
12 001001010010
12 001001010010
12 001001010010
12 001001010010
12 001001010010
12 001001010010
2 001001010010
2 001001010010
2 001001010010
2 001001010010
5 001001010010
5 001001010010

2 100010010100
2 100010010100
7 100010010100
7 100010010100
7 100010010100
7 100010010100
2 100010010100
4 100010010100
2 100010010100
4 100010010100
2 100010010100
4 100010010100
2 100010010100
0 100010010100
0 100010010100
0 100010010100

12 100010010100
12 100010010100
12 100010010100
2 100010010100
2 100010010100
2 100010010100
2 100010010100
2 100010010100
2 100010010100
2 100010010100
0 100010010100
2 100010010100
2 100010010100
5 100010010100
5 100010010100
2 100010010100

5 001001010010
5 001001010010
5 001001010010
5 001001010010
5 001001010010
5 001001010010
0 001001010010
2 001001010010
0 001001010010
2 001001010010
2 001001010010
2 001001010010
2 001001010010
2 001001010010
5 001001010010
5 001001010010

12 001001010010
12 001001010010
5 001001010010
5 001001010010
0 001001010010
2 001001010010
0 001001010010
2 001001010010
2 001001010010
2 001001010010
2 001001010010
2 001001010010
0 001001010010
0 001001010010
2 001001010010
2 001001010010

5 001001000110
5 001001000110
5 001001000110
5 001001000110
2 001001000110
2 001001000110
5 001001000110
5 001001000110
5 100010010100
5 100010010100
0 100010010100
0 100010010100
2 100010010100
2 100010010100
5 100010010100
5 100010010100

12 001000010010
12 001000010010
0 001000010010
0 001000010010
2 001000010010
2 001000010010
5 001000010010
5 001000010010
5 100010010000
5 100010010000
0 100010010000
2 100010010000
0 100010010000
2 100010010000
2 100010010000
2 100010010000

12 001001010010
12 001001010010
12 001001010010
12 001001010010
12 001001010010
12 001001010010
12 001001010010
12 001001010010
12 001001010010
12 001001010010
12 001001010010
12 001001010010
12 001001010010
12 001001010010
12 001001010010
12 001001010010

12 001001010010
12 001001010010
12 001001010010
12 001001010010
12 001001010010
12 001001010010
12 001001010010
12 001001010010
12 001001010010
12 001001010010
12 001001010010
12 001001010010
12 001001010010
12 001001010010
12 001001010010
12 001001010010

12 100100101000
12 100100101000
0 100100101000
0 100100101000
0 100100101000
8 100100101000
8 100100101000
8 100100101000
8 100100101000
8 100100101000
5 100100101000
5 100100101000
5 100100101000
0 100100101000
10 100100101000
8 100100101000

9 001001010010
9 001001010010
5 001001010010
5 001001010010
5 001001010010
5 001001010010
5 001001010010
5 001001010010
5 001001010010
5 001001010010
0 001001010010
10 001001010010
8 001001010010
8 001001010010
8 001001010010
8 001001010010

12 100100001000
12 100100001000
12 100100001000
12 100100001000
12 100100001000
12 100100001000
12 100100001000
12 100100001000
12 100100001000
12 100100001000
12 100100001000
12 100100001000
12 100100001000
12 100100001000
12 100100001000
12 100100001000

12 100100001000
12 100100001000
12 100100001000
12 100100001000
12 100100001000
12 100100001000
12 100100001000
12 100100001000
0 100100001000
0 100100001000
2 100100001000
2 100100001000
5 100100001000
5 100100001000
2 100100001000
2 100100001000

5 001001000010
5 001001000010
5 001001000010
5 001001000010
2 001001000010
2 001001000010
5 001001000010
5 001001000010
5 100010010100
5 100010010100
0 100010010100
0 100010010100
2 100010010100
2 100010010100
5 100010010100
5 100010010100

12 001000010010
12 001000010010
0 001000010010
0 001000010010
2 001000010010
2 001000010010
5 001000010010
5 001000010010
5 100010010000
5 100010010000
0 100010010000
2 100010010000
0 100010010000
2 100010010000
2 100010010000
2 100010010000

9 100001000100
9 100001000100
7 100001000100
9 100001000100
7 100001000100
9 100001000100
9 100001000100
9 100001000100
9 100001000100
9 100001000100
5 100001000100
5 100001000100
5 100001000100
5 100001000100
5 100001000100
5 100001000100

12 100001000100
12 100001000100
12 100001000100
12 100001000100
12 100001000100
12 100001000100
12 100001000100
12 100001000100
9 100001000100
9 100001000100
10 100001000100
10 100001000100
0 100001000100
0 100001000100
0 100001000100
0 100001000100

4 101001000100
4 101001000100
4 101001000100
4 101001000100
0 101001000100
0 101001000100
0 101001000100
0 101001000100
0 101001000100
0 101001000100
0 101001000100
0 101001000100
0 101001000100
0 101001000100
0 101001000100
0 101001000100

12 101001000100
12 101001000100
0 101001000100
0 101001000100
9 101001000100
9 101001000100
9 101001000100
9 101001000100
9 101001000100
9 101001000100
10 101001000100
10 101001000100
0 101001000100
0 101001000100
0 101001000100
0 101001000100

2 001001000010
2 001001000010
2 001001000010
2 001001000010
10 001001000010
10 001001000010
10 001001000010
10 001001000010
10 001001000010
10 001001000010
10 001001000010
10 001001000010
10 001001000010
10 001001000010
10 001001000010
10 001001000010

12 001001000010
12 001001000010
12 001001000010
12 001001000010
12 001001000010
12 001001000010
12 001001000010
12 001001000010
10 001001000010
10 001001000010
10 001001000010
10 001001000010
10 001001000010
10 001001000010
10 001001000010
10 001001000010

12 010001000010
12 010001000010
12 010001000010
0 010001000010
0 010001000010
0 010001000010
10 010001000010
0 010001000010
0 010001000010
10 010001000010
10 010001000010
0 010001000010
10 010001000010
8 010001000010
5 010001000010
5 010001000010

12 010001000010
12 010001000010
12 010001000010
12 010001000010
12 010001000010
12 010001000010
12 010001000010
12 010001000010
12 010001000010
12 010001000010
12 010001000010
12 010001000010
12 010001000010
12 010001000010
12 010001000010
12 010001000010

7 100010010100
7 100010010100
7 100010010100
7 100010010100
7 100010010100
7 100010010100
7 100010010100
7 100010010100
7 001000010010
7 001000010010
4 001000010010
4 001000010010
4 001000010010
2 001000010010
2 001000010010
2 001000010010

0 100001000100
0 100001000100
0 100001000100
0 100001000100
0 100001000100
0 100001000100
0 100001000100
0 100001000100
9 000010010001
9 000010010001
7 000010010001
7 000010010001
5 000010010001
5 000010010001
5 000010010001
5 000010010001

4 101001000100
4 101001000100
4 101001000100
4 101001000100
4 101001000100
4 101001000100
2 101001000100
0 101001000100
4 101001000100
4 101001000100
4 101001000100
4 101001000100
4 101001000100
4 101001000100
4 101001000100
4 101001000100

12 101001000100
12 101001000100
12 101001000100
12 101001000100
12 101001000100
12 101001000100
12 101001000100
12 101001000100
12 101001000100
12 101001000100
12 101001000100
12 101001000100
12 101001000100
12 101001000100
12 101001000100
12 101001000100

12 100010000100
12 100010000100
12 100010000100
7 100010000100
7 100010000100
7 100010000100
7 100010000100
7 100010000100
7 001000010010
7 001000010010
4 001000010010
4 001000010010
4 001000010010
2 001000010010
2 001000010010
2 001000010010

0 100001000100
0 100001000100
0 100001000100
0 100001000100
10 100001000100
10 100001000100
10 100001000100
10 100001000100
10 100010010100
10 100010010100
9 100010010100
9 100010010100
9 100010010100
9 100010010100
9 100010010100
9 100010010100

4 101001000100
4 101001000100
4 101001000100
4 101001000100
4 101001000100
4 101001000100
2 101001000100
0 101001000100
4 101001000100
4 101001000100
4 101001000100
4 101001000100
4 101001000100
4 101001000100
4 101001000100
4 101001000100

12 101001000100
12 101001000100
2 101001000100
2 101001000100
5 101001000100
5 101001000100
2 101001000100
2 101001000100
5 101001000100
5 101001000100
0 101001000100
0 101001000100
2 101001000100
2 101001000100
2 101001000100
2 101001000100

9 001001010010
9 001001010010
9 001001010010
9 001001010010
7 001001010010
9 001001010010
7 001001010010
9 001001010010
7 001001010010
9 001001010010
7 001001010010
9 001001010010
9 001001010010
9 001001010010
9 001001010010
9 001001010010

12 001001010010
12 001001010010
12 001001010010
12 001001010010
12 001001010010
12 001001010010
2 001001010010
0 001001010010
2 001001010010
2 001001010010
5 001001010010
5 001001010010
5 001001010010
5 001001010010
2 001001010010
2 001001010010

7 100010010100
7 100010010100
7 100010010100
7 100010010100
4 100010010100
4 100010010100
2 100010010100
4 100010010100
2 100010010100
4 100010010100
4 100010010100
4 100010010100
4 100010010100
4 100010010100
4 100010010100
4 100010010100

12 100010010100
12 100010010100
12 100010010100
12 100010010100
12 100010010100
12 100010010100
12 100010010100
12 100010010100
0 100010010100
0 100010010100
2 100010010100
2 100010010100
5 100010010100
5 100010010100
2 100010010100
2 100010010100

5 001001010010
5 001001010010
5 001001010010
5 001001010010
5 001001010010
5 001001010010
0 001001010010
2 001001010010
0 001001010010
2 001001010010
2 001001010010
2 001001010010
2 001001010010
2 001001010010
5 001001010010
5 001001010010

12 001001010010
12 001001010010
5 001001010010
5 001001010010
0 001001010010
2 001001010010
0 001001010010
2 001001010010
2 001001010010
2 001001010010
2 001001010010
2 001001010010
2 001001010010
2 001001010010
0 001001010010
0 001001010010

5 001001000110
5 001001000110
5 001001000110
5 001001000110
2 001001000110
2 001001000110
5 001001000110
5 001001000110
5 100010010100
5 100010010100
0 100010010100
0 100010010100
2 100010010100
2 100010010100
5 100010010100
5 100010010100

12 001000010010
12 001000010010
12 001000010010
12 001000010010
12 001000010010
12 001000010010
12 001000010010
12 001000010010
12 100010010000
12 100010010000
12 100010010000
12 100010010000
12 100010010000
12 100010010000
12 100010010000
12 100010010000

