1 000100001001
1 000100001001
1 000100001001
1 000100001001
1 000100001001
1 000100001001
10 000100001001
10 000100001001
1 000100001001
1 000100001001
1 000100001001
8 000100001001
8 000100001001
8 000100001001
8 000100001001
8 000100001001

8 000100001001
8 000100001001
8 000100001001
10 000100001001
10 000100001001
1 000100001001
10 000100001001
1 000100001001
10 000100001001
1 000100001001
10 000100001001
1 000100001001
10 000100001001
8 000100001001
10 000100001001
8 000100001001

12 110010001000
12 110010001000
12 110010001000
12 110010001000
12 110010001000
12 110010001000
12 110010001000
12 110010001000
12 110010001000
12 110010001000
12 110010001000
12 110010001000
12 110010001000
12 110010001000
12 110010001000
12 110010001000

10 000100001001
10 000100001001
10 000100001001
8 000100001001
8 000100001001
8 000100001001
3 000100001001
3 000100001001
1 000100001001
3 000100001001
4 000100001001
4 000100001001
3 000100001001
1 000100001001
3 000100001001
1 000100001001

12 000100001001
12 000100001001
12 000100001001
12 000100001001
12 000100001001
12 000100001001
12 000100001001
12 000100001001
12 000100001001
12 000100001001
12 000100001001
12 000100001001
12 000100001001
12 000100001001
12 000100001001
12 000100001001

12 000100001001
12 000100001001
12 000100001001
12 000100001001
12 000100001001
12 000100001001
12 000100001001
12 000100001001
12 000100001001
12 000100001001
12 000100001001
12 000100001001
12 000100001001
12 000100001001
12 000100001001
12 000100001001

12 001010001001
12 001010001001
12 001010001001
12 001010001001
12 001010001001
12 001010001001
12 001010001001
12 001010001001
12 010100010010
12 010100010010
12 010100010010
12 010100010010
12 010100010010
12 010100010010
12 010100010010
12 010100010010

12 000100001001
12 000100001001
12 000100001001
12 000100001001
12 000100001001
12 000100001001
12 000100001001
12 000100001001
1 000100001001
1 000100001001
10 000100001001
10 000100001001
1 000100001001
1 000100001001
8 000100001001
8 000100001001

8 001010001001
8 001010001001
8 001010001001
8 001010001001
8 001010001001
8 001010001001
8 001010001001
8 001010001001
8 010100010010
8 010100010010
8 010100010010
8 010100010010
8 010100010010
8 010100010010
8 010100010010
8 010100010010

12 000100001001
12 000100001001
12 000100001001
12 000100001001
12 000100001001
12 000100001001
10 000100001001
10 000100001001
8 000100001001
8 000100001001
8 000100001001
8 000100001001
1 000100001001
1 000100001001
10 000100001001
10 000100001001

10 000100100001
10 000100100001
8 000100100001
4 000100100001
4 000100100001
8 000100100001
10 000100100001
10 000100100001
10 000100100001
10 000100100001
10 000100100001
10 000100100001
10 000100100001
10 000100100001
4 000100100001
8 000100100001

12 000100100101
8 000100100101
4 000100100101
4 000100100101
8 000100100101
8 000100100101
8 000100100101
8 000100100101
8 000100100101
8 000100100101
8 000100100101
8 000100100101
8 000100100101
8 000100100101
1 000100100101
10 000100100101

12 000100001001
1 000100001001
1 000100001001
10 000100001001
8 000100001001
8 000100001001
8 000100001001
8 000100001001
8 010000100010
8 010000100010
8 010000100010
8 010000100010
8 010000100010
8 010000100010
8 010000100010
8 010000100010

12 000100001001
12 000100001001
12 000100001001
12 000100001001
12 000100001001
12 000100001001
12 000100001001
12 000100001001
12 010000100010
12 010000100010
12 010000100010
12 010000100010
1 010000100010
1 010000100010
10 010000100010
10 010000100010

10 000100001001
10 000100001001
10 000100001001
10 000100001001
10 000100001001
10 000100001001
10 000100001001
10 000100001001
10 010000100010
10 010000100010
10 010000100010
10 010000100010
10 010000100010
10 010000100010
4 010000100010
4 010000100010

1 001000100100
1 001000100100
10 001000100100
10 001000100100
10 010010001000
10 010010001000
8 010010001000
4 010010001000
4 000100100001
8 000100100001
10 000100100001
10 000100100001
10 000100100001
10 000100100001
10 000100100001
10 000100100001

12 001000100100
12 001000100100
12 001000100100
12 001000100100
12 010010001000
12 010010001000
12 010010001000
12 010010001000
12 000100100001
12 000100100001
12 000100100001
12 000100100001
8 000100100001
10 000100100001
10 000100100001
10 000100100001

12 000100100001
12 000100100001
12 000100100001
12 000100100001
12 000100100001
12 000100100001
12 000100100001
12 000100100001
12 000100100001
12 000100100001
1 000100100001
1 000100100001
1 000100100001
1 000100100001
10 000100100001
10 000100100001

12 000100100101
12 000100100101
12 000100100101
12 000100100101
12 000100100101
12 000100100101
12 000100100101
12 000100100101
12 000100100101
12 000100100101
12 000100100101
12 000100100101
12 000100100101
8 000100100101
8 000100100101
1 000100100101

12 000100001001
12 000100001001
1 000100001001
10 000100001001
1 000100001001
1 000100001001
10 000100001001
8 000100001001
8 010000100010
8 010000100010
8 010000100010
8 010000100010
8 010000100010
8 010000100010
8 010000100010
8 010000100010

12 000100001001
12 000100001001
12 000100001001
12 000100001001
12 000100001001
12 000100001001
12 000100001001
12 000100001001
12 010000100010
12 010000100010
8 010000100010
8 010000100010
1 010000100010
1 010000100010
10 010000100010
10 010000100010

10 000100001001
10 000100001001
10 000100001001
10 000100001001
10 000100001001
10 000100001001
10 000100001001
10 000100001001
10 010000100010
10 010000100010
10 010000100010
10 010000100010
3 010000100010
3 010000100010
3 010000100010
3 010000100010

4 001000100100
4 001000100100
4 001000100100
4 001000100100
1 010010001000
1 010010001000
10 010010001000
10 010010001000
10 000100100001
10 000100100001
10 000100100001
10 000100100001
10 000100100001
10 000100100001
8 000100100001
10 000100100001

12 001000100100
12 001000100100
12 001000100100
12 001000100100
12 010010001000
12 010010001000
12 010010001000
12 010010001000
12 000100100001
12 000100100001
8 000100100001
10 000100100001
10 000100100001
10 000100100001
10 000100100001
10 000100100001

12 001000100100
12 001000100100
12 001000100100
12 001000100100
12 010010001000
12 010010001000
12 010010001000
12 010010001000
12 000100100001
12 000100100001
1 000100100001
1 000100100001
1 000100100001
10 000100100001
8 000100100001
8 000100100001

12 001010001001
12 001010001001
12 001010001001
12 001010001001
12 001010001001
12 001010001001
12 001010001001
1 001010001001
1 010100010010
1 010100010010
10 010100010010
10 010100010010
10 010100010010
10 010100010010
1 010100010010
8 010100010010

12 000100001001
8 000100001001
8 000100001001
8 000100001001
8 000100001001
8 000100001001
8 000100001001
8 000100001001
8 000100001001
8 000100001001
8 000100001001
8 000100001001
8 000100001001
8 000100001001
8 000100001001
8 000100001001

12 001010001001
12 001010001001
12 001010001001
12 001010001001
12 001010001001
12 001010001001
12 001010001001
1 001010001001
1 010100010010
10 010100010010
10 010100010010
10 010100010010
10 010100010010
10 010100010010
1 010100010010
1 010100010010

8 000100001001
8 000100001001
8 000100001001
8 000100001001
8 000100001001
8 000100001001
8 000100001001
8 000100001001
8 000100001001
8 000100001001
8 000100001001
8 000100001001
4 000100001001
8 000100001001
10 000100001001
10 000100001001

12 000100001001
12 000100001001
12 000100001001
12 000100001001
12 000100001001
12 000100001001
12 000100001001
12 000100001001
12 000100001001
12 000100001001
12 000100001001
12 000100001001
12 000100001001
12 000100001001
12 000100001001
12 000100001001

12 000100001001
12 000100001001
12 000100001001
12 000100001001
12 000100001001
12 000100001001
12 000100001001
12 000100001001
12 000100001001
12 000100001001
12 000100001001
12 000100001001
12 000100001001
12 000100001001
12 000100001001
12 000100001001

12 000100001001
12 000100001001
12 000100001001
12 000100001001
12 000100001001
12 000100001001
12 000100001001
12 000100001001
12 000100001001
12 000100001001
12 000100001001
12 000100001001
12 000100001001
12 000100001001
12 000100001001
12 000100001001

12 000100001001
12 000100001001
12 000100001001
12 000100001001
12 000100001001
12 000100001001
12 000100001001
12 000100001001
12 000100001001
12 000100001001
12 000100001001
12 000100001001
12 000100001001
12 000100001001
12 000100001001
12 000100001001

12 000100001001
12 000100001001
12 000100001001
12 000100001001
12 000100001001
12 000100001001
12 000100001001
12 000100001001
12 000100001001
12 000100001001
12 000100001001
12 000100001001
12 000100001001
12 000100001001
12 000100001001
12 000100001001

12 000100001001
12 000100001001
12 000100001001
12 000100001001
12 000100001001
12 000100001001
12 000100001001
12 000100001001
12 000100001001
12 000100001001
12 000100001001
12 000100001001
12 000100001001
12 000100001001
12 000100001001
12 000100001001

12 000100001001
12 000100001001
12 000100001001
12 000100001001
12 000100001001
12 000100001001
12 000100001001
12 000100001001
12 000100001001
12 000100001001
12 000100001001
12 000100001001
12 000100001001
12 000100001001
12 000100001001
12 000100001001

12 000100001001
12 000100001001
12 000100001001
12 000100001001
12 000100001001
12 000100001001
12 000100001001
12 000100001001
10 000100001001
10 000100001001
10 000100001001
10 000100001001
10 000100001001
10 000100001001
8 000100001001
8 000100001001

12 001010001001
12 001010001001
12 001010001001
12 001010001001
12 001010001001
12 001010001001
12 001010001001
1 001010001001
1 010100010010
1 010100010010
10 010100010010
10 010100010010
10 010100010010
1 010100010010
1 010100010010
8 010100010010

12 000100001001
8 000100001001
8 000100001001
8 000100001001
8 000100001001
8 000100001001
8 000100001001
8 000100001001
8 000100001001
8 000100001001
8 000100001001
8 000100001001
8 000100001001
8 000100001001
8 000100001001
8 000100001001

12 001010001001
12 001010001001
12 001010001001
12 001010001001
12 001010001001
12 001010001001
12 001010001001
1 001010001001
1 010100010010
10 010100010010
10 010100010010
10 010100010010
10 010100010010
10 010100010010
1 010100010010
1 010100010010

8 000100001001
8 000100001001
8 000100001001
8 000100001001
8 000100001001
8 000100001001
8 000100001001
8 000100001001
8 000100001001
8 000100001001
8 000100001001
8 000100001001
4 000100001001
4 000100001001
1 000100001001
1 000100001001

1 000100100001
1 000100100001
1 000100100001
10 000100100001
10 000100100001
10 000100100001
10 000100100001
10 000100100001
10 000100100001
10 000100100001
10 000100100001
10 000100100001
10 000100100001
10 000100100001
4 000100100001
8 000100100001

12 000100100101
10 000100100101
10 000100100101
8 000100100101
10 000100100101
10 000100100101
10 000100100101
10 000100100101
10 000100100101
10 000100100101
10 000100100101
10 000100100101
10 000100100101
10 000100100101
3 000100100101
10 000100100101

1 000100001001
1 000100001001
8 000100001001
8 000100001001
8 000100001001
8 000100001001
8 000100001001
8 000100001001
8 010000100010
8 010000100010
8 010000100010
8 010000100010
8 010000100010
8 010000100010
8 010000100010
8 010000100010

12 000100001001
12 000100001001
12 000100001001
12 000100001001
12 000100001001
12 000100001001
12 000100001001
12 000100001001
12 010000100010
12 010000100010
4 010000100010
4 010000100010
1 010000100010
1 010000100010
10 010000100010
10 010000100010

10 000100001001
10 000100001001
10 000100001001
10 000100001001
10 000100001001
10 000100001001
10 000100001001
10 000100001001
10 010000100010
10 010000100010
10 010000100010
10 010000100010
3 010000100010
3 010000100010
3 010000100010
3 010000100010

4 001000100100
4 001000100100
4 001000100100
4 001000100100
1 010010001000
1 010010001000
10 010010001000
10 010010001000
10 000100100001
10 000100100001
10 000100100001
10 000100100001
10 000100100001
10 000100100001
10 000100100001
10 000100100001

12 001000100100
12 001000100100
12 001000100100
12 001000100100
12 010010001000
12 010010001000
12 010010001000
12 010010001000
12 000100100001
12 000100100001
10 000100100001
10 000100100001
10 000100100001
10 000100100001
10 000100100001
10 000100100001

12 001000100100
12 001000100100
12 001000100100
12 001000100100
12 010010001000
12 010010001000
12 010010001000
12 010010001000
8 000100100001
1 000100100001
1 000100100001
1 000100100001
1 000100100001
10 000100100001
10 000100100001
10 000100100001

12 001010001001
12 001010001001
12 001010001001
12 001010001001
12 001010001001
12 001010001001
12 001010001001
1 001010001001
1 010100010010
1 010100010010
10 010100010010
10 010100010010
10 010100010010
10 010100010010
1 010100010010
1 010100010010

8 000100001001
8 000100001001
8 000100001001
8 000100001001
8 000100001001
8 000100001001
8 000100001001
8 000100001001
8 000100001001
8 000100001001
8 000100001001
8 000100001001
3 000100001001
3 000100001001
3 000100001001
3 000100001001

12 001010001001
12 001010001001
12 001010001001
12 001010001001
12 001010001001
12 001010001001
1 001010001001
1 001010001001
1 010100010010
10 010100010010
10 010100010010
10 010100010010
10 010100010010
10 010100010010
10 010100010010
1 010100010010

12 000100001001
8 000100001001
8 000100001001
8 000100001001
8 000100001001
8 000100001001
8 000100001001
8 000100001001
8 000100001001
8 000100001001
8 000100001001
8 000100001001
8 000100001001
8 000100001001
8 000100001001
8 000100001001

12 000100001001
12 000100001001
12 000100001001
12 000100001001
12 000100001001
12 000100001001
12 000100001001
12 000100001001
12 000100001001
12 000100001001
12 000100001001
12 000100001001
12 000100001001
12 000100001001
12 000100001001
12 000100001001

12 000100001001
12 000100001001
12 000100001001
12 000100001001
12 000100001001
12 000100001001
12 000100001001
12 000100001001
4 000100001001
4 000100001001
3 000100001001
3 000100001001
3 000100001001
3 000100001001
1 000100001001
1 000100001001

1 000100001001
1 000100001001
10 000100001001
10 000100001001
10 000100001001
10 000100001001
10 000100001001
10 000100001001
10 000100001001
10 000100001001
10 000100001001
10 000100001001
10 000100001001
10 000100001001
10 000100001001
10 000100001001

12 000100001001
12 000100001001
12 000100001001
12 000100001001
12 000100001001
12 000100001001
12 000100001001
12 000100001001
12 000100001001
12 000100001001
12 000100001001
12 000100001001
10 000100001001
10 000100001001
8 000100001001
8 000100001001

1 000100001001
1 000100001001
1 000100001001
1 000100001001
1 000100001001
1 000100001001
1 000100001001
1 000100001001
1 000100001001
1 000100001001
1 000100001001
1 000100001001
1 000100001001
1 000100001001
8 000100001001
8 000100001001

12 000100001001
12 000100001001
12 000100001001
12 000100001001
12 000100001001
12 000100001001
12 000100001001
12 000100001001
1 000100001001
1 000100001001
10 000100001001
10 000100001001
1 000100001001
1 000100001001
10 000100001001
10 000100001001

1 000100001001
1 000100001001
1 000100001001
1 000100001001
10 000100001001
8 000100001001
8 000100001001
8 000100001001
8 000100001001
8 000100001001
8 000100001001
8 000100001001
8 000100001001
8 000100001001
8 000100001001
8 000100001001

12 000100001001
12 000100001001
12 000100001001
12 000100001001
12 000100001001
12 000100001001
12 000100001001
12 000100001001
10 000100001001
10 000100001001
10 000100001001
10 000100001001
1 000100001001
1 000100001001
10 000100001001
10 000100001001

1 000100001001
3 000100001001
3 000100001001
3 000100001001
1 000100001001
3 000100001001
3 000100001001
3 000100001001
3 000100001001
3 000100001001
3 000100001001
3 000100001001
3 000100001001
3 000100001001
8 000100001001
8 000100001001

12 000100001001
12 000100001001
12 000100001001
12 000100001001
12 000100001001
12 000100001001
12 000100001001
12 000100001001
10 000100001001
1 000100001001
1 000100001001
1 000100001001
1 000100001001
1 000100001001
1 000100001001
1 000100001001

1 000100001001
1 000100001001
1 000100001001
1 000100001001
1 000100001001
10 000100001001
8 000100001001
8 000100001001
8 000100001001
8 000100001001
8 000100001001
8 000100001001
8 000100001001
8 000100001001
8 000100001001
8 000100001001

12 000100001001
12 000100001001
12 000100001001
12 000100001001
12 000100001001
12 000100001001
12 000100001001
12 000100001001
4 000100001001
4 000100001001
4 000100001001
4 000100001001
4 000100001001
4 000100001001
8 000100001001
8 000100001001

3 000100001001
4 000100001001
3 000100001001
3 000100001001
3 000100001001
3 000100001001
3 000100001001
3 000100001001
3 000100001001
3 000100001001
3 000100001001
3 000100001001
3 000100001001
3 000100001001
3 000100001001
3 000100001001

12 000100001001
12 000100001001
12 000100001001
12 000100001001
12 000100001001
12 000100001001
12 000100001001
12 000100001001
12 000100001001
12 000100001001
3 000100001001
10 000100001001
1 000100001001
1 000100001001
1 000100001001
1 000100001001

12 000100001001
12 000100001001
12 000100001001
12 000100001001
12 000100001001
12 000100001001
12 000100001001
12 000100001001
12 000100001001
12 000100001001
12 000100001001
12 000100001001
12 000100001001
12 000100001001
12 000100001001
12 000100001001

12 000100001001
12 000100001001
1 000100001001
1 000100001001
1 000100001001
1 000100001001
1 000100001001
1 000100001001
8 000100001001
8 000100001001
8 000100001001
8 000100001001
8 000100001001
8 000100001001
4 000100001001
4 000100001001

8 000100001001
8 000100001001
8 000100001001
8 000100001001
8 000100001001
8 000100001001
8 000100001001
8 000100001001
8 000100001001
8 000100001001
8 000100001001
8 000100001001
8 000100001001
8 000100001001
8 000100001001
8 000100001001

12 000100001001
12 000100001001
12 000100001001
12 000100001001
12 000100001001
12 000100001001
12 000100001001
12 000100001001
12 000100001001
12 000100001001
12 000100001001
12 000100001001
12 000100001001
12 000100001001
4 000100001001
4 000100001001

12 000100001001
3 000100001001
3 000100001001
1 000100001001
3 000100001001
1 000100001001
10 000100001001
10 000100001001
10 000100001001
10 000100001001
10 000100001001
10 000100001001
10 000100001001
10 000100001001
8 000100001001
8 000100001001

12 000100001001
12 000100001001
12 000100001001
12 000100001001
8 000100001001
8 000100001001
8 000100001001
8 000100001001
8 000100001001
8 000100001001
8 000100001001
8 000100001001
8 000100001001
8 000100001001
8 000100001001
8 000100001001

8 000100001001
8 000100001001
8 000100001001
8 000100001001
8 000100001001
8 000100001001
8 000100001001
8 000100001001
8 000100001001
8 000100001001
8 000100001001
8 000100001001
8 000100001001
8 000100001001
8 000100001001
8 000100001001

12 000100001001
12 000100001001
12 000100001001
12 000100001001
12 000100001001
12 000100001001
12 000100001001
12 000100001001
12 000100001001
12 000100001001
12 000100001001
12 000100001001
12 000100001001
12 000100001001
12 000100001001
12 000100001001

8 000100001001
8 000100001001
8 000100001001
8 000100001001
8 000100001001
8 000100001001
8 000100001001
8 000100001001
8 000100001001
8 000100001001
8 000100001001
8 000100001001
8 000100001001
8 000100001001
8 000100001001
8 000100001001

12 000100001001
12 000100001001
12 000100001001
12 000100001001
12 000100001001
12 000100001001
12 000100001001
12 000100001001
12 000100001001
12 000100001001
12 000100001001
12 000100001001
1 000100001001
1 000100001001
10 000100001001
10 000100001001

1 000100001001
1 000100001001
1 000100001001
1 000100001001
1 000100001001
1 000100001001
1 000100001001
1 000100001001
1 000100001001
1 000100001001
1 000100001001
1 000100001001
1 000100001001
1 000100001001
8 000100001001
8 000100001001

12 000100001001
12 000100001001
12 000100001001
12 000100001001
12 000100001001
12 000100001001
12 000100001001
12 000100001001
1 000100001001
1 000100001001
10 000100001001
10 000100001001
1 000100001001
1 000100001001
10 000100001001
10 000100001001

1 000100001001
1 000100001001
1 000100001001
1 000100001001
10 000100001001
10 000100001001
10 000100001001
10 000100001001
10 000100001001
10 000100001001
10 000100001001
10 000100001001
10 000100001001
10 000100001001
10 000100001001
10 000100001001

12 000100001001
12 000100001001
12 000100001001
12 000100001001
12 000100001001
12 000100001001
12 000100001001
12 000100001001
12 000100001001
12 000100001001
12 000100001001
12 000100001001
12 000100001001
12 000100001001
1 000100001001
1 000100001001

12 000100001001
10 000100001001
10 000100001001
10 000100001001
10 000100001001
10 000100001001
10 000100001001
10 000100001001
10 000100001001
10 000100001001
10 000100001001
10 000100001001
10 000100001001
10 000100001001
10 000100001001
10 000100001001

12 000100001001
12 000100001001
12 000100001001
12 000100001001
12 000100001001
12 000100001001
12 000100001001
12 000100001001
10 000100001001
10 000100001001
10 000100001001
10 000100001001
10 000100001001
10 000100001001
8 000100001001
8 000100001001

10 000100001001
10 000100001001
10 000100001001
10 000100001001
10 000100001001
10 000100001001
10 000100001001
10 000100001001
10 000100001001
10 000100001001
10 000100001001
10 000100001001
10 000100001001
10 000100001001
10 000100001001
10 000100001001

1 000100001001
1 000100001001
1 000100001001
1 000100001001
1 000100001001
10 000100001001
10 000100001001
10 000100001001
10 000100001001
10 000100001001
10 000100001001
10 000100001001
10 000100001001
10 000100001001
8 000100001001
8 000100001001

10 000100001001
10 000100001001
10 000100001001
10 000100001001
10 000100001001
10 000100001001
10 000100001001
10 000100001001
10 000100001001
10 000100001001
10 000100001001
10 000100001001
10 000100001001
10 000100001001
10 000100001001
10 000100001001

12 000100001001
10 000100001001
10 000100001001
10 000100001001
1 000100001001
10 000100001001
8 000100001001
8 000100001001
10 000100001001
10 000100001001
10 000100001001
10 000100001001
10 000100001001
10 000100001001
8 000100001001
8 000100001001

10 000100001001
10 000100001001
10 000100001001
10 000100001001
10 000100001001
10 000100001001
10 000100001001
10 000100001001
3 000100001001
3 000100001001
10 000100001001
10 000100001001
1 000100001001
1 000100001001
10 000100001001
10 000100001001

1 000100001001
1 000100001001
10 000100001001
10 000100001001
8 000100001001
8 000100001001
8 000100001001
8 000100001001
10 000100001001
10 000100001001
10 000100001001
10 000100001001
10 000100001001
10 000100001001
8 000100001001
8 000100001001

10 000100001001
10 000100001001
10 000100001001
10 000100001001
10 000100001001
10 000100001001
10 000100001001
10 000100001001
10 000100001001
10 000100001001
10 000100001001
10 000100001001
10 000100001001
10 000100001001
10 000100001001
10 000100001001

12 000100001001
12 000100001001
12 000100001001
12 000100001001
12 000100001001
12 000100001001
12 000100001001
12 000100001001
1 000100001001
1 000100001001
10 000100001001
10 000100001001
1 000100001001
1 000100001001
10 000100001001
10 000100001001

3 001010001001
3 001010001001
3 001010001001
3 001010001001
3 001010001001
3 001010001001
3 001010001001
3 001010001001
3 010100010010
3 010100010010
3 010100010010
3 010100010010
3 010100010010
3 010100010010
3 010100010010
3 010100010010

12 000100001001
12 000100001001
12 000100001001
12 000100001001
12 000100001001
12 000100001001
12 000100001001
12 000100001001
3 000100001001
1 000100001001
10 000100001001
10 000100001001
1 000100001001
1 000100001001
8 000100001001
8 000100001001

8 001010001001
8 001010001001
8 001010001001
8 001010001001
8 001010001001
8 001010001001
8 001010001001
8 001010001001
8 010100010010
8 010100010010
8 010100010010
8 010100010010
8 010100010010
8 010100010010
8 010100010010
8 010100010010

12 000100001001
12 000100001001
12 000100001001
12 000100001001
12 000100001001
12 000100001001
12 000100001001
12 000100001001
4 000100001001
4 000100001001
8 000100001001
8 000100001001
8 000100001001
8 000100001001
8 000100001001
8 000100001001

1 000100001001
10 000100001001
10 000100001001
1 000100001001
1 000100001001
10 000100001001
10 000100001001
10 000100001001
10 000100001001
10 000100001001
10 000100001001
10 000100001001
10 000100001001
10 000100001001
10 000100001001
10 000100001001

12 000100001001
12 000100001001
8 000100001001
8 000100001001
8 000100001001
8 000100001001
8 000100001001
8 000100001001
8 000100001001
8 000100001001
8 000100001001
8 000100001001
8 000100001001
8 000100001001
8 000100001001
8 000100001001

1 000100001001
1 000100001001
10 000100001001
1 000100001001
1 000100001001
10 000100001001
10 000100001001
10 000100001001
10 000100001001
10 000100001001
10 000100001001
10 000100001001
10 000100001001
10 000100001001
10 000100001001
10 000100001001

12 000100001001
12 000100001001
12 000100001001
12 000100001001
12 000100001001
12 000100001001
12 000100001001
12 000100001001
4 000100001001
4 000100001001
8 000100001001
8 000100001001
8 000100001001
8 000100001001
8 000100001001
8 000100001001

10 000100001001
10 000100001001
10 000100001001
10 000100001001
1 000100001001
1 000100001001
1 000100001001
1 000100001001
10 000100001001
10 000100001001
3 000100001001
3 000100001001
3 000100001001
3 000100001001
3 000100001001
3 000100001001

12 000100001001
12 000100001001
12 000100001001
12 000100001001
12 000100001001
12 000100001001
12 000100001001
12 000100001001
4 000100001001
4 000100001001
8 000100001001
8 000100001001
8 000100001001
8 000100001001
8 000100001001
8 000100001001

1 000100001001
1 000100001001
10 000100001001
10 000100001001
10 000100001001
10 000100001001
1 000100001001
1 000100001001
10 000100001001
10 000100001001
8 000100001001
8 000100001001
8 000100001001
8 000100001001
8 000100001001
8 000100001001

12 000100001001
12 000100001001
12 000100001001
12 000100001001
12 000100001001
12 000100001001
12 000100001001
12 000100001001
12 000100001001
12 000100001001
12 000100001001
12 000100001001
12 000100001001
12 000100001001
12 000100001001
12 000100001001

4 000100001001
4 000100001001
4 000100001001
4 000100001001
4 000100001001
4 000100001001
8 000100001001
8 000100001001
8 000100001001
8 000100001001
8 000100001001
8 000100001001
8 000100001001
8 000100001001
8 000100001001
8 000100001001

12 000100001001
12 000100001001
12 000100001001
12 000100001001
12 000100001001
12 000100001001
12 000100001001
12 000100001001
12 000100001001
12 000100001001
12 000100001001
12 000100001001
12 000100001001
12 000100001001
12 000100001001
12 000100001001

4 000100001001
4 000100001001
4 000100001001
4 000100001001
1 000100001001
1 000100001001
3 000100001001
1 000100001001
1 000100001001
1 000100001001
1 000100001001
10 000100001001
10 000100001001
10 000100001001
8 000100001001
8 000100001001

12 000100001001
12 000100001001
12 000100001001
12 000100001001
10 000100001001
10 000100001001
1 000100001001
10 000100001001
1 000100001001
10 000100001001
8 000100001001
8 000100001001
8 000100001001
8 000100001001
8 000100001001
8 000100001001

8 000100001001
8 000100001001
8 000100001001
8 000100001001
8 000100001001
8 000100001001
8 000100001001
8 000100001001
8 000100001001
8 000100001001
8 000100001001
8 000100001001
8 000100001001
8 000100001001
8 000100001001
8 000100001001

12 000100001001
12 000100001001
1 000100001001
10 000100001001
1 000100001001
10 000100001001
10 000100001001
1 000100001001
1 000100001001
1 000100001001
1 000100001001
1 000100001001
1 000100001001
1 000100001001
1 000100001001
1 000100001001

8 000100001001
8 000100001001
8 000100001001
8 000100001001
8 000100001001
8 000100001001
8 000100001001
8 000100001001
8 000100001001
8 000100001001
8 000100001001
8 000100001001
8 000100001001
8 000100001001
8 000100001001
8 000100001001

12 000100001001
12 000100001001
10 000100001001
10 000100001001
1 000100001001
1 000100001001
10 000100001001
1 000100001001
1 000100001001
8 000100001001
8 000100001001
8 000100001001
8 000100001001
8 000100001001
1 000100001001
1 000100001001

12 000100001001
12 000100001001
3 000100001001
3 000100001001
3 000100001001
3 000100001001
3 000100001001
3 000100001001
3 000100001001
3 000100001001
3 000100001001
3 000100001001
3 000100001001
3 000100001001
3 000100001001
3 000100001001

12 000100001001
12 000100001001
12 000100001001
12 000100001001
12 000100001001
12 000100001001
12 000100001001
1 000100001001
1 000100001001
3 000100001001
1 000100001001
10 000100001001
10 000100001001
1 000100001001
1 000100001001
1 000100001001

10 000100001001
10 000100001001
8 000100001001
8 000100001001
8 000100001001
8 000100001001
8 000100001001
8 000100001001
8 000100001001
8 000100001001
10 000100001001
10 000100001001
1 000100001001
1 000100001001
10 000100001001
1 000100001001

12 000100001001
8 000100001001
8 000100001001
8 000100001001
8 000100001001
8 000100001001
8 000100001001
8 000100001001
8 000100001001
8 000100001001
4 000100001001
4 000100001001
4 000100001001
4 000100001001
4 000100001001
4 000100001001

12 000100001001
12 000100001001
12 000100001001
12 000100001001
12 000100001001
12 000100001001
12 000100001001
12 000100001001
12 000100001001
12 000100001001
12 000100001001
12 000100001001
12 000100001001
12 000100001001
12 000100001001
12 000100001001

