12 001000010001
12 001000010001
12 001000010001
12 001000010001
12 001000010001
12 001000010001
12 001000010001
12 001000010001
12 100010010000
12 100010010000
12 100010010000
12 100010010000
12 100010010000
12 100010010000
12 100010010000
12 100010010000

12 001000010001
12 001000010001
12 001000010001
12 001000010001
12 001000010001
12 001000010001
12 001000010001
12 001000010001
12 001000010001
12 001000010001
12 001000010001
12 001000010001
12 001000010001
12 001000010001
12 001000010001
12 001000010001

2 001000010001
2 001000010001
2 001000010001
4 001000010001
4 001000010001
4 001000010001
2 001000010001
11 001000010001
9 001000010001
11 001000010001
11 001000010001
11 001000010001
11 001000010001
11 001000010001
11 001000010001
11 001000010001

12 001000010001
12 001000010001
2 001000010001
4 001000010001
4 001000010001
2 001000010001
0 001000010001
11 001000010001
11 001000010001
11 001000010001
11 001000010001
11 001000010001
11 001000010001
7 001000010001
7 001000010001
7 001000010001

2 001000010001
2 001000010001
2 001000010001
2 001000010001
2 001000010001
2 001000010001
2 001000010001
2 001000010001
0 001000010001
11 001000010001
9 001000010001
7 001000010001
7 001000010001
7 001000010001
9 001000010001
9 001000010001

12 001000100100
9 001000100100
9 001000100100
9 001000100100
9 001000100100
9 001000100100
9 001000100100
9 001000100100
9 001000100100
9 001000100100
9 001000100100
9 001000100100
9 001000100100
9 001000100100
9 001000100100
9 001000100100

0 001000100100
0 001000100100
0 001000100100
2 001000100100
2 001000100100
2 001000100100
2 001000100100
0 001000100100
11 001000100100
11 001000100100
9 001000100100
11 001000100100
11 001000100100
11 001000100100
11 001000100100
11 001000100100

12 001000100100
0 001000100100
0 001000100100
2 001000100100
2 001000100100
0 001000100100
2 001000100100
0 001000100100
11 001000100100
11 001000100100
11 001000100100
11 001000100100
11 001000100100
11 001000100100
11 001000100100
0 001000100100

0 001000100100
0 001000100100
0 001000100100
2 001000100100
2 001000100100
2 001000100100
2 001000100100
0 001000100100
11 001000100100
9 001000100100
9 001000100100
7 001000100100
9 001000100100
7 001000100100
7 001000100100
7 001000100100

11 001000010001
11 001000010001
11 001000010001
11 001000010001
11 001000010001
11 001000010001
11 001000010001
11 001000010001
11 001000010001
11 001000010001
11 001000010001
11 001000010001
11 001000010001
11 001000010001
2 001000010001
2 001000010001

2 001000010001
2 001000010001
2 001000010001
2 001000010001
4 001000010001
2 001000010001
2 001000010001
0 001000010001
11 001000010001
11 001000010001
11 001000010001
11 001000010001
11 001000010001
0 001000010001
0 001000010001
0 001000010001

2 001000010001
2 001000010001
2 001000010001
2 001000010001
4 001000010001
2 001000010001
2 001000010001
0 001000010001
0 001000010001
11 001000010001
11 001000010001
11 001000010001
11 001000010001
11 001000010001
2 001000010001
2 001000010001

2 001000010001
2 001000010001
2 001000010001
2 001000010001
2 001000010001
2 001000010001
4 001000010001
4 001000010001
4 001000010001
4 001000010001
4 001000010001
4 001000010001
4 001000010001
4 001000010001
2 001000010001
4 001000010001

12 100010010000
12 100010010000
12 100010010000
12 100010010000
12 100010010000
12 100010010000
2 100010010000
0 100010010000
0 100010010000
0 100010010000
0 100010010000
0 100010010000
0 100010010000
0 100010010000
0 100010010000
0 100010010000

7 100010010000
7 100010010000
7 100010010000
7 100010010000
7 100010010000
7 100010010000
7 100010010000
7 100010010000
9 100010010000
7 100010010000
7 100010010000
6 100010010000
6 100010010000
6 100010010000
4 100010010000
4 100010010000

12 001000010001
12 001000010001
2 001000010001
11 001000010001
11 001000010001
11 001000010001
2 001000010001
2 001000010001
4 001000010001
2 001000010001
0 001000010001
11 001000010001
11 001000010001
11 001000010001
11 001000010001
11 001000010001

11 001000100100
9 001000100100
9 001000100100
9 001000100100
11 001000100100
11 001000100100
9 001000100100
11 001000100100
9 001000100100
9 001000100100
9 001000100100
9 001000100100
11 001000100100
11 001000100100
9 001000100100
2 001000100100

12 001000100100
12 001000100100
12 001000100100
12 001000100100
12 001000100100
12 001000100100
12 001000100100
12 001000100100
12 001000100100
12 001000100100
12 001000100100
12 001000100100
12 001000100100
12 001000100100
12 001000100100
12 001000100100

4 100010010000
4 100010010000
4 100010010000
4 100010010000
4 100010010000
4 100010010000
6 100010010000
7 100010010000
7 100010010000
6 100010010000
4 100010010000
4 100010010000
4 100010010000
4 100010010000
4 100010010000
4 100010010000

12 001000010001
12 001000010001
2 001000010001
0 001000010001
11 001000010001
11 001000010001
0 001000010001
2 001000010001
2 001000010001
2 001000010001
2 001000010001
2 001000010001
2 001000010001
2 001000010001
2 001000010001
2 001000010001

0 001000100100
9 001000100100
9 001000100100
9 001000100100
9 001000100100
7 001000100100
7 001000100100
11 001000100100
11 001000100100
9 001000100100
7 001000100100
4 001000100100
7 001000100100
7 001000100100
7 001000100100
7 001000100100

7 001000010001
4 001000010001
2 001000010001
2 001000010001
2 001000010001
2 001000010001
2 001000010001
2 001000010001
2 001000010001
2 001000010001
2 001000010001
2 001000010001
2 001000010001
2 001000010001
7 001000010001
7 001000010001

4 100010010000
4 100010010000
4 100010010000
4 100010010000
4 100010010000
4 100010010000
7 100010010000
7 100010010000
10 100010010000
10 100010010000
7 100010010000
10 100010010000
10 100010010000
10 100010010000
7 100010010000
7 100010010000

12 001000010001
12 001000010001
7 001000010001
4 001000010001
4 001000010001
7 001000010001
7 001000010001
7 001000010001
7 001000010001
4 001000010001
2 001000010001
2 001000010001
2 001000010001
2 001000010001
2 001000010001
2 001000010001

9 001000100100
9 001000100100
9 001000100100
9 001000100100
9 001000100100
9 001000100100
11 001000100100
11 001000100100
0 001000100100
0 001000100100
11 001000100100
0 001000100100
0 001000100100
0 001000100100
11 001000100100
2 001000100100

12 001000100100
12 001000100100
12 001000100100
12 001000100100
12 001000100100
12 001000100100
12 001000100100
12 001000100100
12 001000100100
12 001000100100
12 001000100100
12 001000100100
12 001000100100
12 001000100100
12 001000100100
12 001000100100

9 001000100100
9 001000100100
9 001000100100
9 001000100100
9 001000100100
9 001000100100
11 001000100100
0 001000100100
0 001000100100
0 001000100100
2 001000100100
11 001000100100
11 001000100100
9 001000100100
9 001000100100
9 001000100100

7 001000010001
7 001000010001
7 001000010001
7 001000010001
7 001000010001
7 001000010001
7 001000010001
7 001000010001
7 001000010001
7 001000010001
7 001000010001
7 001000010001
7 001000010001
7 001000010001
7 001000010001
7 001000010001

12 010010000100
12 010010000100
12 010010000100
12 010010000100
12 010010000100
12 010010000100
12 010010000100
12 010010000100
12 010010000100
12 010010000100
12 010010000100
12 010010000100
12 010010000100
12 010010000100
2 010010000100
4 010010000100

4 010010000100
4 010010000100
4 010010000100
4 010010000100
4 010010000100
4 010010000100
4 010010000100
6 010010000100
6 010010000100
4 010010000100
4 010010000100
4 010010000100
4 010010000100
4 010010000100
4 010010000100
2 010010000100

4 010010000100
4 010010000100
6 010010000100
4 010010000100
4 010010000100
4 010010000100
2 010010000100
1 010010000100
1 010010000100
1 010010000100
1 010010000100
1 010010000100
1 010010000100
1 010010000100
4 010010000100
4 010010000100

12 010010000100
4 010010000100
4 010010000100
4 010010000100
4 010010000100
4 010010000100
4 010010000100
2 010010000100
2 010010000100
1 010010000100
1 010010000100
11 010010000100
9 010010000100
9 010010000100
11 010010000100
11 010010000100

12 000010001001
12 000010001001
11 000010001001
11 000010001001
11 000010001001
11 000010001001
11 000010001001
11 000010001001
11 000010001001
11 000010001001
11 000010001001
11 000010001001
11 000010001001
11 000010001001
2 000010001001
2 000010001001

12 000010001001
12 000010001001
12 000010001001
12 000010001001
4 000010001001
4 000010001001
2 000010001001
4 000010001001
4 000010001001
6 000010001001
6 000010001001
6 000010001001
6 000010001001
6 000010001001
6 000010001001
1 000010001001

4 000010001001
4 000010001001
1 000010001001
4 000010001001
4 000010001001
4 000010001001
1 000010001001
6 000010001001
6 000010001001
6 000010001001
6 000010001001
6 000010001001
6 000010001001
6 000010001001
6 000010001001
9 000010001001

11 000010001001
11 000010001001
11 000010001001
9 000010001001
9 000010001001
6 000010001001
6 000010001001
6 000010001001
9 000010001001
9 000010001001
6 000010001001
6 000010001001
4 000010001001
4 000010001001
11 000010001001
1 000010001001

12 010010000100
12 010010000100
11 010010000100
9 010010000100
9 010010000100
9 010010000100
9 010010000100
9 010010000100
9 010010000100
9 010010000100
9 010010000100
9 010010000100
9 010010000100
9 010010000100
4 010010000100
4 010010000100

4 010010000100
4 010010000100
3 010010000100
3 010010000100
4 010010000100
4 010010000100
2 010010000100
4 010010000100
4 010010000100
1 010010000100
9 010010000100
11 010010000100
9 010010000100
9 010010000100
9 010010000100
9 010010000100

12 010010000100
6 010010000100
9 010010000100
6 010010000100
6 010010000100
9 010010000100
9 010010000100
9 010010000100
6 010010000100
4 010010000100
4 010010000100
4 010010000100
4 010010000100
4 010010000100
4 010010000100
4 010010000100

4 010010000100
4 010010000100
4 010010000100
4 010010000100
4 010010000100
6 010010000100
6 010010000100
6 010010000100
6 010010000100
6 010010000100
6 010010000100
6 010010000100
9 010010000100
9 010010000100
9 010010000100
9 010010000100

6 001000100100
2 001000100100
2 001000100100
2 001000100100
4 001000100100
11 001000100100
11 001000100100
11 001000100100
11 001000100100
11 001000100100
11 001000100100
11 001000100100
11 001000100100
9 001000100100
9 001000100100
9 001000100100

11 001000100100
11 001000100100
9 001000100100
6 001000100100
11 001000100100
11 001000100100
9 001000100100
11 001000100100
11 001000100100
9 001000100100
6 001000100100
6 001000100100
6 001000100100
9 001000100100
9 001000100100
9 001000100100

11 010010000100
11 010010000100
9 010010000100
6 010010000100
6 010010000100
6 010010000100
6 010010000100
9 010010000100
9 010010000100
6 010010000100
4 010010000100
4 010010000100
4 010010000100
4 010010000100
4 010010000100
4 010010000100

11 000010001001
11 000010001001
11 000010001001
11 000010001001
11 000010001001
11 000010001001
1 000010001001
2 000010001001
2 000010001001
2 000010001001
2 000010001001
2 000010001001
11 000010001001
9 000010001001
8 000010001001
4 000010001001

12 000010001001
12 000010001001
12 000010001001
12 000010001001
12 000010001001
12 000010001001
12 000010001001
12 000010001001
12 000010001001
12 000010001001
12 000010001001
12 000010001001
12 000010001001
12 000010001001
12 000010001001
12 000010001001

6 001000100100
6 001000100100
6 001000100100
6 001000100100
6 001000100100
6 001000100100
8 001000100100
9 001000100100
9 001000100100
8 001000100100
6 001000100100
6 001000100100
6 001000100100
6 001000100100
6 001000100100
6 001000100100

12 010010000100
12 010010000100
4 010010000100
2 010010000100
1 010010000100
1 010010000100
2 010010000100
4 010010000100
4 010010000100
4 010010000100
4 010010000100
4 010010000100
4 010010000100
4 010010000100
4 010010000100
4 010010000100

2 000010001001
11 000010001001
11 000010001001
11 000010001001
11 000010001001
9 000010001001
9 000010001001
11 000010001001
11 000010001001
9 000010001001
9 000010001001
11 000010001001
11 000010001001
9 000010001001
9 000010001001
9 000010001001

12 010010000100
12 010010000100
9 010010000100
6 010010000100
4 010010000100
4 010010000100
4 010010000100
4 010010000100
4 010010000100
4 010010000100
4 010010000100
4 010010000100
4 010010000100
4 010010000100
9 010010000100
9 010010000100

6 001000100100
6 001000100100
6 001000100100
6 001000100100
6 001000100100
6 001000100100
9 001000100100
9 001000100100
11 001000100100
11 001000100100
9 001000100100
11 001000100100
11 001000100100
9 001000100100
9 001000100100
9 001000100100

12 010010000100
12 010010000100
9 010010000100
6 010010000100
6 010010000100
9 010010000100
9 010010000100
9 010010000100
9 010010000100
6 010010000100
4 010010000100
4 010010000100
4 010010000100
4 010010000100
4 010010000100
4 010010000100

11 000010001001
11 000010001001
11 000010001001
11 000010001001
11 000010001001
11 000010001001
1 000010001001
1 000010001001
2 000010001001
2 000010001001
1 000010001001
2 000010001001
2 000010001001
2 000010001001
1 000010001001
4 000010001001

12 000010001001
12 000010001001
12 000010001001
12 000010001001
12 000010001001
12 000010001001
6 000010001001
8 000010001001
8 000010001001
8 000010001001
8 000010001001
8 000010001001
8 000010001001
8 000010001001
8 000010001001
8 000010001001

11 000010001001
11 000010001001
11 000010001001
11 000010001001
11 000010001001
11 000010001001
1 000010001001
2 000010001001
2 000010001001
2 000010001001
4 000010001001
1 000010001001
1 000010001001
11 000010001001
11 000010001001
11 000010001001

9 010010000100
9 010010000100
9 010010000100
9 010010000100
9 010010000100
9 010010000100
9 010010000100
9 010010000100
9 010010000100
9 010010000100
9 010010000100
9 010010000100
9 010010000100
9 010010000100
1 010010000100
2 010010000100

4 010010000100
4 010010000100
4 010010000100
4 010010000100
4 010010000100
4 010010000100
4 010010000100
2 010010000100
2 010010000100
2 010010000100
1 010010000100
1 010010000100
1 010010000100
1 010010000100
1 010010000100
2 010010000100

4 010010000100
4 010010000100
4 010010000100
6 010010000100
4 010010000100
4 010010000100
2 010010000100
1 010010000100
1 010010000100
1 010010000100
1 010010000100
1 010010000100
1 010010000100
1 010010000100
1 010010000100
1 010010000100

12 010010000100
12 010010000100
4 010010000100
6 010010000100
4 010010000100
4 010010000100
2 010010000100
2 010010000100
2 010010000100
1 010010000100
1 010010000100
1 010010000100
2 010010000100
2 010010000100
1 010010000100
1 010010000100

12 000010001001
1 000010001001
11 000010001001
11 000010001001
11 000010001001
11 000010001001
11 000010001001
8 000010001001
8 000010001001
8 000010001001
8 000010001001
8 000010001001
8 000010001001
8 000010001001
8 000010001001
8 000010001001

2 000010001001
2 000010001001
2 000010001001
4 000010001001
2 000010001001
2 000010001001
1 000010001001
1 000010001001
1 000010001001
1 000010001001
11 000010001001
11 000010001001
11 000010001001
11 000010001001
11 000010001001
11 000010001001

12 000010001001
12 000010001001
2 000010001001
4 000010001001
2 000010001001
2 000010001001
1 000010001001
11 000010001001
11 000010001001
11 000010001001
11 000010001001
11 000010001001
11 000010001001
11 000010001001
11 000010001001
11 000010001001

2 000010001001
2 000010001001
2 000010001001
4 000010001001
2 000010001001
2 000010001001
1 000010001001
1 000010001001
1 000010001001
1 000010001001
11 000010001001
1 000010001001
1 000010001001
1 000010001001
11 000010001001
11 000010001001

9 010010000100
9 010010000100
9 010010000100
9 010010000100
9 010010000100
9 010010000100
6 010010000100
9 010010000100
9 010010000100
9 010010000100
9 010010000100
9 010010000100
9 010010000100
9 010010000100
1 010010000100
2 010010000100

4 010010000100
4 010010000100
4 010010000100
4 010010000100
9 010010000100
6 010010000100
4 010010000100
9 010010000100
9 010010000100
6 010010000100
4 010010000100
9 010010000100
9 010010000100
6 010010000100
6 010010000100
6 010010000100

12 010010000100
12 010010000100
12 010010000100
12 010010000100
1 010010000100
2 010010000100
1 010010000100
4 010010000100
4 010010000100
6 010010000100
4 010010000100
9 010010000100
9 010010000100
11 010010000100
9 010010000100
9 010010000100

12 010010000100
12 010010000100
12 010010000100
12 010010000100
9 010010000100
9 010010000100
6 010010000100
9 010010000100
9 010010000100
6 010010000100
9 010010000100
6 010010000100
9 010010000100
6 010010000100
9 010010000100
11 010010000100

12 000010001001
12 000010001001
12 000010001001
8 000010001001
6 000010001001
4 000010001001
4 000010001001
4 000010001001
4 000010001001
4 000010001001
4 000010001001
4 000010001001
4 000010001001
4 000010001001
6 000010001001
11 000010001001

12 000010001001
8 000010001001
4 000010001001
11 000010001001
11 000010001001
8 000010001001
4 000010001001
6 000010001001
6 000010001001
6 000010001001
6 000010001001
6 000010001001
4 000010001001
6 000010001001
4 000010001001
11 000010001001

12 000010001001
8 000010001001
4 000010001001
11 000010001001
11 000010001001
8 000010001001
4 000010001001
11 000010001001
11 000010001001
8 000010001001
4 000010001001
11 000010001001
11 000010001001
8 000010001001
4 000010001001
6 000010001001

12 000010001001
12 000010001001
12 000010001001
12 000010001001
9 000010001001
9 000010001001
6 000010001001
9 000010001001
9 000010001001
6 000010001001
9 000010001001
6 000010001001
9 000010001001
6 000010001001
9 000010001001
1 000010001001

12 010010000100
12 010010000100
12 010010000100
12 010010000100
12 010010000100
12 010010000100
12 010010000100
11 010010000100
9 010010000100
9 010010000100
9 010010000100
9 010010000100
11 010010000100
6 010010000100
6 010010000100
9 010010000100

12 010010000100
6 010010000100
9 010010000100
1 010010000100
6 010010000100
6 010010000100
6 010010000100
6 010010000100
9 010010000100
6 010010000100
9 010010000100
1 010010000100
1 010010000100
6 010010000100
9 010010000100
6 010010000100

9 010010000100
6 010010000100
9 010010000100
9 010010000100
9 010010000100
6 010010000100
9 010010000100
9 010010000100
4 010010000100
4 010010000100
4 010010000100
11 010010000100
9 010010000100
6 010010000100
9 010010000100
9 010010000100

12 010010000100
4 010010000100
4 010010000100
11 010010000100
11 010010000100
9 010010000100
9 010010000100
9 010010000100
9 010010000100
4 010010000100
4 010010000100
11 010010000100
11 010010000100
9 010010000100
9 010010000100
11 010010000100

12 000010001001
12 000010001001
12 000010001001
8 000010001001
6 000010001001
4 000010001001
4 000010001001
4 000010001001
4 000010001001
4 000010001001
4 000010001001
4 000010001001
1 000010001001
1 000010001001
11 000010001001
11 000010001001

12 000010001001
12 000010001001
9 000010001001
9 000010001001
9 000010001001
9 000010001001
8 000010001001
8 000010001001
8 000010001001
8 000010001001
6 000010001001
6 000010001001
6 000010001001
6 000010001001
4 000010001001
4 000010001001

12 000010001001
12 000010001001
2 000010001001
2 000010001001
2 000010001001
2 000010001001
1 000010001001
4 000010001001
4 000010001001
4 000010001001
6 000010001001
6 000010001001
6 000010001001
6 000010001001
6 000010001001
6 000010001001

9 000010001001
9 000010001001
9 000010001001
9 000010001001
11 000010001001
11 000010001001
11 000010001001
9 000010001001
6 000010001001
6 000010001001
6 000010001001
6 000010001001
9 000010001001
6 000010001001
9 000010001001
1 000010001001

12 010010000100
12 010010000100
12 010010000100
12 010010000100
12 010010000100
12 010010000100
12 010010000100
4 010010000100
4 010010000100
4 010010000100
11 010010000100
11 010010000100
9 010010000100
9 010010000100
9 010010000100
9 010010000100

12 010010000100
12 010010000100
12 010010000100
12 010010000100
12 010010000100
12 010010000100
12 010010000100
12 010010000100
12 010010000100
12 010010000100
12 010010000100
12 010010000100
12 010010000100
12 010010000100
12 010010000100
12 010010000100

12 010010000100
12 010010000100
12 010010000100
12 010010000100
12 010010000100
12 010010000100
12 010010000100
12 010010000100
12 010010000100
12 010010000100
12 010010000100
12 010010000100
12 010010000100
12 010010000100
12 010010000100
12 010010000100

12 010010000100
12 010010000100
12 010010000100
12 010010000100
12 010010000100
12 010010000100
12 010010000100
12 010010000100
12 010010000100
12 010010000100
12 010010000100
12 010010000100
12 010010000100
12 010010000100
12 010010000100
12 010010000100

12 000010001001
12 000010001001
12 000010001001
12 000010001001
12 000010001001
12 000010001001
12 000010001001
12 000010001001
12 000010001001
12 000010001001
12 000010001001
12 000010001001
12 000010001001
12 000010001001
12 000010001001
12 000010001001

12 000010001001
12 000010001001
12 000010001001
12 000010001001
12 000010001001
12 000010001001
12 000010001001
12 000010001001
12 000010001001
12 000010001001
12 000010001001
12 000010001001
12 000010001001
12 000010001001
12 000010001001
12 000010001001

12 000010001001
12 000010001001
12 000010001001
12 000010001001
12 000010001001
12 000010001001
12 000010001001
12 000010001001
12 000010001001
12 000010001001
12 000010001001
12 000010001001
12 000010001001
12 000010001001
12 000010001001
12 000010001001

12 000010001001
12 000010001001
12 000010001001
12 000010001001
12 000010001001
12 000010001001
12 000010001001
12 000010001001
12 000010001001
12 000010001001
12 000010001001
12 000010001001
12 000010001001
12 000010001001
12 000010001001
12 000010001001

12 010010000100
12 010010000100
12 010010000100
12 010010000100
12 010010000100
12 010010000100
12 010010000100
12 010010000100
12 010010000100
12 010010000100
12 010010000100
12 010010000100
12 010010000100
12 010010000100
12 010010000100
12 010010000100

12 010010000100
12 010010000100
12 010010000100
12 010010000100
12 010010000100
12 010010000100
12 010010000100
12 010010000100
12 010010000100
12 010010000100
12 010010000100
12 010010000100
12 010010000100
12 010010000100
12 010010000100
12 010010000100

12 010010000100
12 010010000100
12 010010000100
12 010010000100
12 010010000100
12 010010000100
12 010010000100
12 010010000100
12 010010000100
12 010010000100
12 010010000100
12 010010000100
12 010010000100
12 010010000100
12 010010000100
12 010010000100

12 010010000100
12 010010000100
12 010010000100
12 010010000100
12 010010000100
12 010010000100
12 010010000100
12 010010000100
12 010010000100
12 010010000100
12 010010000100
12 010010000100
12 010010000100
12 010010000100
12 010010000100
12 010010000100

12 000010001001
12 000010001001
12 000010001001
12 000010001001
12 000010001001
12 000010001001
12 000010001001
12 000010001001
12 000010001001
12 000010001001
12 000010001001
12 000010001001
12 000010001001
12 000010001001
12 000010001001
12 000010001001

12 000010001001
12 000010001001
12 000010001001
12 000010001001
12 000010001001
12 000010001001
12 000010001001
12 000010001001
12 000010001001
12 000010001001
12 000010001001
12 000010001001
12 000010001001
12 000010001001
12 000010001001
12 000010001001

12 000010001001
12 000010001001
12 000010001001
12 000010001001
12 000010001001
12 000010001001
12 000010001001
12 000010001001
12 000010001001
12 000010001001
12 000010001001
12 000010001001
12 000010001001
12 000010001001
12 000010001001
12 000010001001

12 000010001001
12 000010001001
12 000010001001
12 000010001001
12 000010001001
12 000010001001
12 000010001001
12 000010001001
12 000010001001
12 000010001001
12 000010001001
12 000010001001
12 000010001001
12 000010001001
12 000010001001
12 000010001001

12 010010000100
12 010010000100
12 010010000100
12 010010000100
12 010010000100
12 010010000100
12 010010000100
12 010010000100
12 010010000100
12 010010000100
12 010010000100
12 010010000100
12 010010000100
12 010010000100
12 010010000100
12 010010000100

12 010010000100
12 010010000100
12 010010000100
12 010010000100
12 010010000100
12 010010000100
12 010010000100
12 010010000100
12 010010000100
12 010010000100
12 010010000100
12 010010000100
12 010010000100
12 010010000100
12 010010000100
12 010010000100

12 010010000100
12 010010000100
12 010010000100
12 010010000100
12 010010000100
12 010010000100
12 010010000100
12 010010000100
12 010010000100
12 010010000100
12 010010000100
12 010010000100
12 010010000100
12 010010000100
12 010010000100
12 010010000100

12 010010000100
12 010010000100
12 010010000100
12 010010000100
12 010010000100
12 010010000100
12 010010000100
12 010010000100
12 010010000100
12 010010000100
12 010010000100
12 010010000100
12 010010000100
12 010010000100
12 010010000100
12 010010000100

12 000010001001
12 000010001001
12 000010001001
12 000010001001
12 000010001001
12 000010001001
12 000010001001
12 000010001001
12 000010001001
12 000010001001
12 000010001001
12 000010001001
1 000010001001
1 000010001001
11 000010001001
11 000010001001

12 000010001001
12 000010001001
9 000010001001
9 000010001001
9 000010001001
9 000010001001
8 000010001001
8 000010001001
8 000010001001
8 000010001001
6 000010001001
6 000010001001
6 000010001001
6 000010001001
4 000010001001
4 000010001001

12 000010001001
12 000010001001
2 000010001001
2 000010001001
2 000010001001
2 000010001001
1 000010001001
4 000010001001
4 000010001001
4 000010001001
4 000010001001
4 000010001001
4 000010001001
4 000010001001
4 000010001001
4 000010001001

9 000010001001
9 000010001001
9 000010001001
9 000010001001
11 000010001001
11 000010001001
11 000010001001
11 000010001001
9 000010001001
9 000010001001
9 000010001001
9 000010001001
9 000010001001
6 000010001001
9 000010001001
1 000010001001

12 010010000100
12 010010000100
12 010010000100
12 010010000100
12 010010000100
12 010010000100
12 010010000100
12 010010000100
12 010010000100
12 010010000100
12 010010000100
12 010010000100
12 010010000100
12 010010000100
12 010010000100
12 010010000100

