12 100010010000
12 100010010000
12 100010010000
12 100010010000
12 100010010000
12 100010010000
12 100010010000
12 100010010000
12 001000010001
12 001000010001
12 001000010001
12 001000010001
12 001000010001
12 001000010001
12 001000010001
12 001000010001

12 100010000100
12 100010000100
12 100010000100
12 100010000100
12 100010000100
12 100010000100
12 100010000100
12 100010000100
12 100001000100
12 100001000100
12 100001000100
12 100001000100
12 100001000100
12 100001000100
12 100001000100
12 100001000100

12 100010010000
12 100010010000
12 100010010000
12 100010010000
12 100010010000
12 100010010000
12 100010010000
12 100010010000
12 100001000100
12 100001000100
12 100001000100
12 100001000100
12 100001000100
12 100001000100
12 100001000100
12 100001000100

12 100010010000
12 100010010000
12 100010010000
12 100010010000
12 100010010000
12 100010010000
12 100010010000
12 100010010000
12 001000010001
12 001000010001
12 001000010001
12 001000010001
12 001000010001
12 001000010001
12 001000010001
12 001000010001

0 100010010000
0 100010010000
0 100010010000
0 100010010000
0 100010010000
0 100010010000
0 100010010000
0 100010010000
11 001000010001
11 001000010001
0 001000010001
0 001000010001
11 001000010001
11 001000010001
9 001000010001
9 001000010001

12 100010000100
12 100010000100
12 100010000100
12 100010000100
12 100010000100
12 100010000100
12 100010000100
12 100010000100
12 100001000100
12 100001000100
12 100001000100
12 100001000100
12 100001000100
12 100001000100
12 100001000100
12 100001000100

4 100010010000
4 100010010000
4 100010010000
4 100010010000
4 100010010000
4 100010010000
4 100010010000
4 100010010000
5 100001000100
5 100001000100
4 100001000100
4 100001000100
2 100001000100
2 100001000100
0 100001000100
0 100001000100

12 100010010000
12 100010010000
12 100010010000
12 100010010000
12 100010010000
12 100010010000
12 100010010000
12 100010010000
12 001000010001
12 001000010001
12 001000010001
12 001000010001
12 001000010001
12 001000010001
12 001000010001
12 001000010001

0 100010010000
0 100010010000
0 100010010000
0 100010010000
0 100010010000
0 100010010000
0 100010010000
0 100010010000
11 001000010001
11 001000010001
2 001000010001
2 001000010001
11 001000010001
11 001000010001
9 001000010001
9 001000010001

12 100010000100
12 100010000100
12 100010000100
12 100010000100
12 100010000100
12 100010000100
12 100010000100
12 100010000100
12 100001000100
12 100001000100
12 100001000100
12 100001000100
12 100001000100
12 100001000100
12 100001000100
12 100001000100

4 100010010000
4 100010010000
4 100010010000
4 100010010000
4 100010010000
4 100010010000
4 100010010000
4 100010010000
5 100001000100
5 100001000100
4 100001000100
4 100001000100
2 100001000100
2 100001000100
0 100001000100
0 100001000100

12 100010010000
12 100010010000
12 100010010000
12 100010010000
12 100010010000
12 100010010000
12 100010010000
12 100010010000
12 001000010001
12 001000010001
4 001000010001
4 001000010001
4 001000010001
4 001000010001
4 001000010001
4 001000010001

12 100010010000
12 100010010000
4 100010010000
4 100010010000
4 100010010000
4 100010010000
7 100010010000
7 100010010000
7 001000010001
7 001000010001
4 001000010001
4 001000010001
4 001000010001
4 001000010001
4 001000010001
4 001000010001

4 100010000100
4 100010000100
4 100010000100
4 100010000100
4 100010000100
0 100010000100
0 100010000100
9 100010000100
9 100001000100
9 100001000100
9 100001000100
9 100001000100
9 100001000100
9 100001000100
9 100001000100
9 100001000100

12 100010010000
12 100010010000
12 100010010000
12 100010010000
4 100010010000
4 100010010000
4 100010010000
4 100010010000
2 001000010001
2 001000010001
4 001000010001
4 001000010001
4 001000010001
11 001000010001
11 001000010001
2 001000010001

12 100010000100
12 100010000100
0 100010000100
0 100010000100
0 100010000100
0 100010000100
0 100010000100
0 100010000100
0 100001000100
0 100001000100
0 100001000100
0 100001000100
0 100001000100
0 100001000100
0 100001000100
0 100001000100

12 100010010000
12 100010010000
12 100010010000
12 100010010000
4 100010010000
4 100010010000
4 100010010000
4 100010010000
7 001000010001
7 001000010001
7 001000010001
4 001000010001
4 001000010001
5 001000010001
5 001000010001
7 001000010001

12 100010000100
4 100010000100
4 100010000100
0 100010000100
0 100010000100
0 100010000100
0 100010000100
0 100010000100
0 100001000100
0 100001000100
4 100001000100
4 100001000100
4 100001000100
4 100001000100
4 100001000100
4 100001000100

12 100010010000
12 100010010000
12 100010010000
4 100010010000
4 100010010000
4 100010010000
4 100010010000
4 100010010000
4 001000010001
4 001000010001
4 001000010001
4 001000010001
5 001000010001
4 001000010001
4 001000010001
2 001000010001

0 100010000100
0 100010000100
0 100010000100
0 100010000100
0 100010000100
0 100010000100
0 100010000100
0 100010000100
0 100001000100
0 100001000100
9 100001000100
9 100001000100
9 100001000100
9 100001000100
9 100001000100
9 100001000100

12 100010010000
12 100010010000
4 100010010000
4 100010010000
7 100010010000
7 100010010000
7 100010010000
7 100010010000
7 001000010001
7 001000010001
7 001000010001
7 001000010001
4 001000010001
4 001000010001
4 001000010001
4 001000010001

7 100010000100
7 100010000100
7 100010000100
7 100010000100
7 100010000100
4 100010000100
4 100010000100
4 100010000100
0 100001000100
0 100001000100
0 100001000100
0 100001000100
0 100001000100
0 100001000100
0 100001000100
0 100001000100

12 100010010000
12 100010010000
12 100010010000
12 100010010000
12 100010010000
12 100010010000
4 100010010000
4 100010010000
2 001000010001
2 001000010001
2 001000010001
2 001000010001
0 001000010001
0 001000010001
4 001000010001
2 001000010001

0 100010000100
0 100010000100
0 100010000100
0 100010000100
0 100010000100
0 100010000100
0 100010000100
0 100010000100
0 100001000100
0 100001000100
2 100001000100
2 100001000100
2 100001000100
2 100001000100
2 100001000100
2 100001000100

12 100010010000
12 100010010000
4 100010010000
4 100010010000
7 100010010000
7 100010010000
7 100010010000
7 100010010000
7 001000010001
7 001000010001
7 001000010001
4 001000010001
4 001000010001
4 001000010001
4 001000010001
5 001000010001

7 100010000100
7 100010000100
7 100010000100
4 100010000100
7 100010000100
7 100010000100
7 100010000100
4 100010000100
0 100001000100
0 100001000100
0 100001000100
0 100001000100
0 100001000100
0 100001000100
0 100001000100
0 100001000100

12 100010010000
12 100010010000
12 100010010000
4 100010010000
4 100010010000
4 100010010000
4 100010010000
4 100010010000
4 001000010001
5 001000010001
5 001000010001
4 001000010001
4 001000010001
4 001000010001
2 001000010001
2 001000010001

12 100010000100
12 100010000100
0 100010000100
0 100010000100
0 100010000100
0 100010000100
0 100010000100
0 100010000100
0 100001000100
0 100001000100
2 100001000100
2 100001000100
2 100001000100
2 100001000100
2 100001000100
2 100001000100

0 100010010000
0 100010010000
0 100010010000
0 100010010000
0 100010010000
0 100010010000
0 100010010000
0 100010010000
11 001000010001
11 001000010001
0 001000010001
0 001000010001
11 001000010001
11 001000010001
9 001000010001
9 001000010001

12 100010000100
12 100010000100
12 100010000100
12 100010000100
12 100010000100
12 100010000100
12 100010000100
12 100010000100
12 100001000100
12 100001000100
12 100001000100
12 100001000100
12 100001000100
12 100001000100
12 100001000100
12 100001000100

4 100010010000
4 100010010000
4 100010010000
4 100010010000
4 100010010000
4 100010010000
4 100010010000
4 100010010000
5 100001000100
5 100001000100
4 100001000100
4 100001000100
2 100001000100
2 100001000100
0 100001000100
0 100001000100

12 100010010000
12 100010010000
12 100010010000
12 100010010000
12 100010010000
12 100010010000
4 100010010000
4 100010010000
4 001000010001
4 001000010001
2 001000010001
2 001000010001
2 001000010001
2 001000010001
2 001000010001
2 001000010001

12 100010010000
12 100010010000
12 100010010000
12 100010010000
12 100010010000
4 100010010000
4 100010010000
4 100010010000
2 001000010001
2 001000010001
4 001000010001
4 001000010001
4 001000010001
4 001000010001
4 001000010001
4 001000010001

9 100010000100
9 100010000100
0 100010000100
0 100010000100
2 100010000100
2 100010000100
4 100010000100
4 100010000100
2 100001000100
2 100001000100
2 100001000100
2 100001000100
2 100001000100
2 100001000100
2 100001000100
2 100001000100

12 100010010000
12 100010010000
12 100010010000
12 100010010000
4 100010010000
4 100010010000
4 100010010000
4 100010010000
5 100001000100
5 100001000100
4 100001000100
4 100001000100
2 100001000100
2 100001000100
0 100001000100
0 100001000100

12 100010010000
12 100010010000
12 100010010000
12 100010010000
12 100010010000
12 100010010000
4 100010010000
4 100010010000
4 001000010001
4 001000010001
4 001000010001
4 001000010001
4 001000010001
4 001000010001
4 001000010001
4 001000010001

12 100010010000
12 100010010000
4 100010010000
4 100010010000
7 100010010000
7 100010010000
7 100010010000
7 100010010000
4 001000010001
4 001000010001
4 001000010001
4 001000010001
4 001000010001
4 001000010001
4 001000010001
4 001000010001

4 100010000100
4 100010000100
4 100010000100
4 100010000100
4 100010000100
0 100010000100
0 100010000100
9 100010000100
9 100001000100
9 100001000100
9 100001000100
9 100001000100
9 100001000100
9 100001000100
9 100001000100
9 100001000100

12 100010010000
12 100010010000
12 100010010000
12 100010010000
4 100010010000
4 100010010000
4 100010010000
4 100010010000
2 001000010001
2 001000010001
4 001000010001
4 001000010001
4 001000010001
11 001000010001
11 001000010001
2 001000010001

12 100010000100
12 100010000100
0 100010000100
0 100010000100
0 100010000100
0 100010000100
0 100010000100
0 100010000100
0 100001000100
0 100001000100
0 100001000100
2 100001000100
2 100001000100
2 100001000100
2 100001000100
2 100001000100

12 100010010000
12 100010010000
4 100010010000
4 100010010000
4 100010010000
4 100010010000
4 100010010000
4 100010010000
4 001000010001
7 001000010001
7 001000010001
4 001000010001
4 001000010001
7 001000010001
7 001000010001
4 001000010001

12 100010000100
7 100010000100
7 100010000100
4 100010000100
0 100010000100
0 100010000100
0 100010000100
0 100010000100
0 100001000100
0 100001000100
0 100001000100
9 100001000100
9 100001000100
2 100001000100
2 100001000100
2 100001000100

12 100010010000
12 100010010000
12 100010010000
12 100010010000
4 100010010000
4 100010010000
4 100010010000
4 100010010000
2 001000010001
2 001000010001
2 001000010001
2 001000010001
4 001000010001
4 001000010001
4 001000010001
4 001000010001

0 100010000100
0 100010000100
0 100010000100
0 100010000100
0 100010000100
0 100010000100
0 100010000100
0 100010000100
0 100001000100
0 100001000100
2 100001000100
2 100001000100
2 100001000100
2 100001000100
2 100001000100
2 100001000100

12 100010010000
12 100010010000
4 100010010000
4 100010010000
4 100010010000
4 100010010000
7 100010010000
7 100010010000
7 001000010001
7 001000010001
7 001000010001
7 001000010001
4 001000010001
4 001000010001
4 001000010001
7 001000010001

12 100010000100
7 100010000100
7 100010000100
4 100010000100
4 100010000100
4 100010000100
4 100010000100
4 100010000100
4 100001000100
4 100001000100
9 100001000100
9 100001000100
2 100001000100
2 100001000100
2 100001000100
2 100001000100

12 100010010000
12 100010010000
7 100010010000
7 100010010000
4 100010010000
4 100010010000
0 100010010000
0 100010010000
0 001000010001
2 001000010001
2 001000010001
2 001000010001
0 001000010001
0 001000010001
4 001000010001
4 001000010001

2 100010000100
2 100010000100
0 100010000100
0 100010000100
0 100010000100
0 100010000100
0 100010000100
0 100010000100
0 100001000100
0 100001000100
2 100001000100
2 100001000100
2 100001000100
2 100001000100
2 100001000100
2 100001000100

12 100010010000
12 100010010000
12 100010010000
12 100010010000
4 100010010000
4 100010010000
4 100010010000
7 100010010000
7 001000010001
7 001000010001
4 001000010001
4 001000010001
5 001000010001
5 001000010001
7 001000010001
7 001000010001

4 100010000100
4 100010000100
7 100010000100
4 100010000100
4 100010000100
4 100010000100
4 100010000100
4 100010000100
4 100001000100
4 100001000100
9 100001000100
9 100001000100
2 100001000100
2 100001000100
2 100001000100
2 100001000100

12 100010010000
12 100010010000
12 100010010000
12 100010010000
12 100010010000
0 100010010000
0 100010010000
5 100010010000
5 001000010001
4 001000010001
7 001000010001
7 001000010001
7 001000010001
7 001000010001
7 001000010001
0 001000010001

12 100010000100
12 100010000100
12 100010000100
12 100010000100
9 100010000100
0 100010000100
0 100010000100
2 100010000100
2 100001000100
2 100001000100
4 100001000100
4 100001000100
4 100001000100
4 100001000100
4 100001000100
4 100001000100

12 100010010000
12 100010010000
0 100010010000
0 100010010000
0 100010010000
0 100010010000
9 100010010000
7 100010010000
0 001000010001
0 001000010001
0 001000010001
0 001000010001
4 001000010001
4 001000010001
4 001000010001
4 001000010001

12 100010000100
12 100010000100
0 100010000100
0 100010000100
0 100010000100
0 100010000100
9 100010000100
7 100010000100
0 100001000100
0 100001000100
0 100001000100
0 100001000100
2 100001000100
2 100001000100
2 100001000100
2 100001000100

12 100010010000
12 100010010000
0 100010010000
0 100010010000
0 100010010000
0 100010010000
9 100010010000
7 100010010000
0 001000010001
0 001000010001
0 001000010001
0 001000010001
4 001000010001
4 001000010001
4 001000010001
4 001000010001

12 100010000100
12 100010000100
0 100010000100
0 100010000100
0 100010000100
0 100010000100
9 100010000100
7 100010000100
0 100001000100
0 100001000100
0 100001000100
0 100001000100
2 100001000100
2 100001000100
2 100001000100
2 100001000100

12 100010010000
12 100010010000
4 100010010000
4 100010010000
4 100010010000
4 100010010000
4 100010010000
4 100010010000
2 001000010001
2 001000010001
2 001000010001
2 001000010001
4 001000010001
4 001000010001
2 001000010001
2 001000010001

12 100010000100
12 100010000100
0 100010000100
0 100010000100
0 100010000100
0 100010000100
9 100010000100
7 100010000100
0 100001000100
0 100001000100
0 100001000100
0 100001000100
2 100001000100
2 100001000100
2 100001000100
2 100001000100

12 100010010000
12 100010010000
4 100010010000
4 100010010000
4 100010010000
4 100010010000
4 100010010000
4 100010010000
7 001000010001
7 001000010001
7 001000010001
7 001000010001
4 001000010001
4 001000010001
2 001000010001
2 001000010001

12 100010000100
12 100010000100
0 100010000100
0 100010000100
0 100010000100
0 100010000100
9 100010000100
7 100010000100
0 100001000100
0 100001000100
0 100001000100
0 100001000100
2 100001000100
2 100001000100
0 100001000100
0 100001000100

0 100010010000
0 100010010000
0 100010010000
0 100010010000
0 100010010000
0 100010010000
0 100010010000
0 100010010000
11 001000010001
11 001000010001
2 001000010001
2 001000010001
2 001000010001
11 001000010001
11 001000010001
11 001000010001

11 100010000100
11 100010000100
9 100010000100
9 100010000100
9 100010000100
9 100010000100
9 100010000100
9 100010000100
9 100001000100
9 100001000100
9 100001000100
9 100001000100
9 100001000100
9 100001000100
9 100001000100
9 100001000100

4 100010010000
4 100010010000
4 100010010000
4 100010010000
4 100010010000
4 100010010000
4 100010010000
4 100010010000
5 100001000100
5 100001000100
4 100001000100
4 100001000100
2 100001000100
2 100001000100
0 100001000100
0 100001000100

12 100010010000
12 100010010000
12 100010010000
12 100010010000
12 100010010000
12 100010010000
2 100010010000
2 100010010000
2 001000010001
4 001000010001
4 001000010001
4 001000010001
4 001000010001
4 001000010001
4 001000010001
4 001000010001

12 100010010000
12 100010010000
4 100010010000
4 100010010000
4 100010010000
4 100010010000
4 100010010000
4 100010010000
2 001000010001
2 001000010001
4 001000010001
4 001000010001
2 001000010001
4 001000010001
4 001000010001
7 001000010001

12 100010000100
12 100010000100
9 100010000100
9 100010000100
0 100010000100
0 100010000100
2 100010000100
2 100010000100
4 100001000100
4 100001000100
2 100001000100
2 100001000100
2 100001000100
2 100001000100
2 100001000100
2 100001000100

12 100010010000
12 100010010000
12 100010010000
12 100010010000
4 100010010000
4 100010010000
4 100010010000
4 100010010000
5 100001000100
5 100001000100
4 100001000100
4 100001000100
2 100001000100
2 100001000100
0 100001000100
0 100001000100

12 100010010000
12 100010010000
12 100010010000
12 100010010000
4 100010010000
4 100010010000
4 100010010000
4 100010010000
4 001000010001
4 001000010001
4 001000010001
4 001000010001
4 001000010001
4 001000010001
4 001000010001
4 001000010001

12 100010010000
12 100010010000
12 100010010000
12 100010010000
12 100010010000
12 100010010000
4 100010010000
4 100010010000
2 001000010001
2 001000010001
4 001000010001
4 001000010001
4 001000010001
4 001000010001
4 001000010001
4 001000010001

9 100010000100
9 100010000100
0 100010000100
2 100010000100
2 100010000100
2 100010000100
9 100010000100
0 100010000100
2 100001000100
2 100001000100
4 100001000100
4 100001000100
2 100001000100
0 100001000100
0 100001000100
0 100001000100

12 100010010000
12 100010010000
12 100010010000
12 100010010000
4 100010010000
4 100010010000
4 100010010000
4 100010010000
5 100001000100
5 100001000100
4 100001000100
4 100001000100
2 100001000100
2 100001000100
0 100001000100
0 100001000100

12 100010010000
12 100010010000
4 100010010000
4 100010010000
4 100010010000
4 100010010000
4 100010010000
4 100010010000
2 001000010001
2 001000010001
4 001000010001
4 001000010001
0 001000010001
0 001000010001
2 001000010001
2 001000010001

12 100010010000
12 100010010000
4 100010010000
4 100010010000
4 100010010000
4 100010010000
4 100010010000
4 100010010000
4 001000010001
4 001000010001
4 001000010001
4 001000010001
4 001000010001
4 001000010001
4 001000010001
4 001000010001

4 100010000100
4 100010000100
5 100010000100
5 100010000100
5 100010000100
5 100010000100
7 100010000100
7 100010000100
0 100001000100
0 100001000100
0 100001000100
0 100001000100
0 100001000100
0 100001000100
0 100001000100
0 100001000100

12 100010010000
12 100010010000
12 100010010000
12 100010010000
4 100010010000
4 100010010000
4 100010010000
4 100010010000
5 100001000100
5 100001000100
4 100001000100
4 100001000100
2 100001000100
2 100001000100
0 100001000100
0 100001000100

12 100010010000
12 100010010000
12 100010010000
12 100010010000
12 100010010000
12 100010010000
12 100010010000
12 100010010000
12 001000010001
12 001000010001
12 001000010001
12 001000010001
12 001000010001
12 001000010001
12 001000010001
12 001000010001

12 100010010000
12 100010010000
12 100010010000
12 100010010000
12 100010010000
12 100010010000
12 100010010000
12 100010010000
12 001000010001
12 001000010001
12 001000010001
12 001000010001
12 001000010001
12 001000010001
12 001000010001
12 001000010001

12 100010000100
12 100010000100
12 100010000100
12 100010000100
12 100010000100
12 100010000100
12 100010000100
12 100010000100
12 100001000100
12 100001000100
12 100001000100
12 100001000100
12 100001000100
12 100001000100
12 100001000100
12 100001000100

12 100010010000
12 100010010000
12 100010010000
12 100010010000
12 100010010000
12 100010010000
12 100010010000
12 100010010000
12 100001000100
12 100001000100
12 100001000100
12 100001000100
12 100001000100
12 100001000100
12 100001000100
12 100001000100

12 100010010000
12 100010010000
12 100010010000
12 100010010000
12 100010010000
12 100010010000
12 100010010000
12 100010010000
12 001000010001
12 001000010001
12 001000010001
12 001000010001
12 001000010001
12 001000010001
12 001000010001
12 001000010001

12 100010010000
12 100010010000
12 100010010000
12 100010010000
12 100010010000
12 100010010000
12 100010010000
12 100010010000
12 001000010001
12 001000010001
12 001000010001
12 001000010001
12 001000010001
12 001000010001
12 001000010001
12 001000010001

12 100010000100
12 100010000100
12 100010000100
12 100010000100
12 100010000100
12 100010000100
12 100010000100
12 100010000100
12 100001000100
12 100001000100
12 100001000100
12 100001000100
12 100001000100
12 100001000100
12 100001000100
12 100001000100

12 100010010000
12 100010010000
12 100010010000
12 100010010000
12 100010010000
12 100010010000
12 100010010000
12 100010010000
12 100001000100
12 100001000100
12 100001000100
12 100001000100
12 100001000100
12 100001000100
12 100001000100
12 100001000100

12 100010010000
12 100010010000
12 100010010000
12 100010010000
12 100010010000
12 100010010000
12 100010010000
12 100010010000
12 001000010001
12 001000010001
12 001000010001
12 001000010001
12 001000010001
12 001000010001
12 001000010001
12 001000010001

