12 000010001001
12 000010001001
12 000010001001
12 000010001001
12 000010001001
12 000010001001
12 000010001001
12 000010001001
12 000010001001
12 000010001001
12 000010001001
12 000010001001
12 000010001001
12 000010001001
12 000010001001
12 000010001001

12 000010001001
12 000010001001
12 000010001001
12 000010001001
12 000010001001
12 000010001001
12 000010001001
12 000010001001
12 000010001001
12 000010001001
12 000010001001
12 000010001001
12 000010001001
12 000010001001
12 000010001001
12 000010001001

12 000010001001
12 000010001001
12 000010001001
12 000010001001
12 000010001001
12 000010001001
12 000010001001
12 000010001001
12 001000100001
12 001000100001
12 001000100001
12 001000100001
12 001000100001
12 001000100001
12 001000100001
12 001000100001

12 000010001001
12 000010001001
12 000010001001
12 000010001001
12 000010001001
12 000010001001
12 000010001001
12 000010001001
12 000010001001
12 000010001001
12 000010001001
12 000010001001
12 000010001001
12 000010001001
12 000010001001
12 000010001001

12 000010001001
12 000010001001
12 000010001001
12 000010001001
12 000010001001
12 000010001001
12 000010001001
12 000010001001
12 000010001001
12 000010001001
12 000010001001
12 000010001001
12 000010001001
12 000010001001
12 000010001001
12 000010001001

12 000010001001
12 000010001001
12 000010001001
12 000010001001
12 000010001001
12 000010001001
12 000010001001
12 000010001001
12 000010001001
12 000010001001
12 000010001001
12 000010001001
12 000010001001
12 000010001001
12 000010001001
12 000010001001

12 000010001001
12 000010001001
12 000010001001
12 000010001001
12 000010001001
12 000010001001
12 000010001001
12 000010001001
12 001000100001
12 001000100001
12 001000100001
12 001000100001
12 001000100001
12 001000100001
12 001000100001
12 001000100001

12 000010001001
12 000010001001
12 000010001001
12 000010001001
12 000010001001
12 000010001001
12 000010001001
12 000010001001
12 000010001001
12 000010001001
12 000010001001
12 000010001001
12 000010001001
12 000010001001
12 000010001001
12 000010001001

11 000010001001
11 000010001001
11 000010001001
11 000010001001
11 000010001001
11 000010001001
11 000010001001
11 000010001001
1 000010001001
1 000010001001
1 000010001001
11 000010001001
11 000010001001
11 000010001001
9 000010001001
8 000010001001

12 000010001001
12 000010001001
12 000010001001
12 000010001001
12 000010001001
12 000010001001
12 000010001001
12 000010001001
6 000010001001
6 000010001001
6 000010001001
9 000010001001
8 000010001001
8 000010001001
8 000010001001
8 000010001001

4 000010001001
4 000010001001
4 000010001001
4 000010001001
4 000010001001
4 000010001001
4 000010001001
4 000010001001
1 001000100001
1 001000100001
1 001000100001
9 001000100001
9 001000100001
9 001000100001
1 001000100001
1 001000100001

11 000010001001
11 000010001001
11 000010001001
11 000010001001
11 000010001001
11 000010001001
11 000010001001
11 000010001001
11 000010001001
11 000010001001
11 000010001001
11 000010001001
11 000010001001
11 000010001001
11 000010001001
11 000010001001

11 000010001001
11 000010001001
11 000010001001
11 000010001001
11 000010001001
11 000010001001
11 000010001001
11 000010001001
1 000010001001
1 000010001001
1 000010001001
11 000010001001
11 000010001001
11 000010001001
9 000010001001
9 000010001001

8 000010001001
8 000010001001
8 000010001001
8 000010001001
8 000010001001
8 000010001001
8 000010001001
8 000010001001
6 000010001001
6 000010001001
6 000010001001
9 000010001001
9 000010001001
9 000010001001
8 000010001001
8 000010001001

4 000010001001
4 000010001001
4 000010001001
4 000010001001
4 000010001001
4 000010001001
4 000010001001
4 000010001001
1 001000100001
1 001000100001
1 001000100001
9 001000100001
9 001000100001
9 001000100001
1 001000100001
1 001000100001

11 000010001001
11 000010001001
11 000010001001
11 000010001001
11 000010001001
11 000010001001
11 000010001001
11 000010001001
11 000010001001
11 000010001001
11 000010001001
11 000010001001
11 000010001001
11 000010001001
4 000010001001
4 000010001001

11 000010010001
11 000010010001
11 000010010001
11 000010010001
11 000010010001
11 000010010001
11 000010010001
11 000010010001
11 000010010001
11 000010010001
11 000010010001
9 000010010001
9 000010010001
9 000010010001
9 000010010001
9 000010010001

9 000010010001
9 000010010001
9 000010010001
6 000010010001
6 000010010001
6 000010010001
6 000010010001
6 000010010001
6 000010010001
6 000010010001
9 000010010001
9 000010010001
9 000010010001
9 000010010001
6 000010010001
9 000010010001

12 010010000100
12 010010000100
12 010010000100
12 010010000100
12 010010000100
12 010010000100
12 010010000100
12 010010000100
12 010010000100
12 010010000100
12 010010000100
12 010010000100
12 010010000100
12 010010000100
12 010010000100
12 010010000100

12 010010000100
12 010010000100
12 010010000100
12 010010000100
12 010010000100
12 010010000100
12 010010000100
12 010010000100
12 010010000100
12 010010000100
12 010010000100
12 010010000100
12 010010000100
12 010010000100
1 010010000100
1 010010000100

11 000010010001
11 000010010001
11 000010010001
11 000010010001
11 000010010001
11 000010010001
11 000010010001
11 000010010001
11 000010010001
11 000010010001
11 000010010001
9 000010010001
9 000010010001
9 000010010001
9 000010010001
9 000010010001

9 000010010001
9 000010010001
9 000010010001
6 000010010001
6 000010010001
6 000010010001
6 000010010001
6 000010010001
6 000010010001
6 000010010001
9 000010010001
9 000010010001
9 000010010001
9 000010010001
6 000010010001
9 000010010001

12 010010100100
12 010010100100
12 010010100100
12 010010100100
12 010010100100
12 010010100100
12 010010100100
12 010010100100
12 010010100100
12 010010100100
12 010010100100
12 010010100100
12 010010100100
12 010010100100
12 010010100100
12 010010100100

12 000100100001
12 000100100001
12 000100100001
12 000100100001
12 000100100001
12 000100100001
12 000100100001
12 000100100001
12 000100100001
12 000100100001
12 000100100001
12 000100100001
12 000100100001
12 000100100001
12 000100100001
12 000100100001

11 000010001001
11 000010001001
11 000010001001
11 000010001001
11 000010001001
11 000010001001
11 000010001001
11 000010001001
1 000010001001
1 000010001001
1 000010001001
11 000010001001
11 000010001001
11 000010001001
9 000010001001
9 000010001001

8 000010001001
8 000010001001
8 000010001001
8 000010001001
8 000010001001
8 000010001001
8 000010001001
8 000010001001
6 000010001001
6 000010001001
6 000010001001
9 000010001001
9 000010001001
9 000010001001
8 000010001001
8 000010001001

4 000010001001
4 000010001001
4 000010001001
4 000010001001
4 000010001001
4 000010001001
4 000010001001
4 000010001001
1 001000100001
1 001000100001
1 001000100001
9 001000100001
9 001000100001
9 001000100001
1 001000100001
1 001000100001

11 000010001001
11 000010001001
11 000010001001
11 000010001001
11 000010001001
11 000010001001
11 000010001001
11 000010001001
11 000010001001
11 000010001001
11 000010001001
11 000010001001
11 000010001001
11 000010001001
11 000010001001
11 000010001001

11 000010001001
11 000010001001
11 000010001001
11 000010001001
11 000010001001
11 000010001001
11 000010001001
11 000010001001
1 000010001001
1 000010001001
1 000010001001
11 000010001001
11 000010001001
11 000010001001
9 000010001001
9 000010001001

8 000010001001
8 000010001001
8 000010001001
8 000010001001
8 000010001001
8 000010001001
8 000010001001
8 000010001001
6 000010001001
6 000010001001
6 000010001001
9 000010001001
9 000010001001
9 000010001001
8 000010001001
8 000010001001

4 000010001001
4 000010001001
4 000010001001
4 000010001001
4 000010001001
4 000010001001
4 000010001001
4 000010001001
1 001000100001
1 001000100001
1 001000100001
9 001000100001
9 001000100001
9 001000100001
1 001000100001
11 001000100001

12 000010001001
12 000010001001
12 000010001001
12 000010001001
12 000010001001
12 000010001001
12 000010001001
12 000010001001
12 000010001001
12 000010001001
12 000010001001
12 000010001001
12 000010001001
12 000010001001
12 000010001001
12 000010001001

12 000010001001
12 000010001001
12 000010001001
12 000010001001
12 000010001001
12 000010001001
12 000010001001
12 000010001001
12 000010001001
12 000010001001
12 000010001001
12 000010001001
12 000010001001
12 000010001001
12 000010001001
12 000010001001

12 000010001001
12 000010001001
12 000010001001
12 000010001001
12 000010001001
12 000010001001
12 000010001001
12 000010001001
12 000010001001
12 000010001001
12 000010001001
12 000010001001
12 000010001001
12 000010001001
12 000010001001
12 000010001001

12 000010001001
12 000010001001
12 000010001001
12 000010001001
12 000010001001
12 000010001001
12 000010001001
12 000010001001
12 001000100001
12 001000100001
12 001000100001
12 001000100001
12 001000100001
12 001000100001
12 001000100001
12 001000100001

12 000010001001
12 000010001001
12 000010001001
12 000010001001
12 000010001001
12 000010001001
12 000010001001
12 000010001001
12 000010001001
12 000010001001
12 000010001001
12 000010001001
12 000010001001
12 000010001001
12 000010001001
12 000010001001

12 000010001001
12 000010001001
12 000010001001
12 000010001001
12 000010001001
12 000010001001
12 000010001001
12 000010001001
12 000010001001
12 000010001001
12 000010001001
12 000010001001
12 000010001001
12 000010001001
12 000010001001
12 000010001001

12 000010001001
12 000010001001
12 000010001001
12 000010001001
12 000010001001
12 000010001001
12 000010001001
12 000010001001
12 000010001001
12 000010001001
12 000010001001
12 000010001001
12 000010001001
12 000010001001
12 000010001001
12 000010001001

12 000010001001
12 000010001001
12 000010001001
12 000010001001
12 000010001001
12 000010001001
12 000010001001
12 000010001001
12 001000100001
12 001000100001
12 001000100001
12 001000100001
12 001000100001
12 001000100001
12 001000100001
12 001000100001

12 000010001001
12 000010001001
12 000010001001
12 000010001001
12 000010001001
12 000010001001
12 000010001001
12 000010001001
12 000010001001
12 000010001001
12 000010001001
12 000010001001
12 000010001001
12 000010001001
4 000010001001
4 000010001001

11 000010010001
11 000010010001
11 000010010001
11 000010010001
11 000010010001
11 000010010001
11 000010010001
11 000010010001
11 000010010001
11 000010010001
11 000010010001
9 000010010001
9 000010010001
9 000010010001
9 000010010001
9 000010010001

12 000010010001
12 000010010001
12 000010010001
6 000010010001
6 000010010001
6 000010010001
6 000010010001
6 000010010001
6 000010010001
6 000010010001
6 000010010001
9 000010010001
9 000010010001
9 000010010001
6 000010010001
9 000010010001

12 010010000100
12 010010000100
12 010010000100
12 010010000100
12 010010000100
12 010010000100
12 010010000100
12 010010000100
12 010010000100
12 010010000100
12 010010000100
12 010010000100
12 010010000100
12 010010000100
12 010010000100
12 010010000100

12 010010000100
12 010010000100
12 010010000100
12 010010000100
12 010010000100
12 010010000100
12 010010000100
12 010010000100
12 010010000100
12 010010000100
12 010010000100
12 010010000100
12 010010000100
12 010010000100
11 010010000100
11 010010000100

11 000010010001
11 000010010001
11 000010010001
11 000010010001
11 000010010001
11 000010010001
11 000010010001
11 000010010001
11 000010010001
11 000010010001
9 000010010001
9 000010010001
9 000010010001
9 000010010001
9 000010010001
9 000010010001

9 000010010001
9 000010010001
9 000010010001
6 000010010001
6 000010010001
6 000010010001
6 000010010001
6 000010010001
6 000010010001
6 000010010001
9 000010010001
9 000010010001
9 000010010001
9 000010010001
6 000010010001
9 000010010001

12 010010100100
12 010010100100
12 010010100100
12 010010100100
12 010010100100
12 010010100100
12 010010100100
12 010010100100
12 010010100100
12 010010100100
12 010010100100
12 010010100100
12 010010100100
12 010010100100
12 010010100100
12 010010100100

12 000100100001
12 000100100001
12 000100100001
12 000100100001
12 000100100001
12 000100100001
12 000100100001
12 000100100001
12 000100100001
12 000100100001
12 000100100001
12 000100100001
12 000100100001
12 000100100001
12 000100100001
12 000100100001

11 000010001001
11 000010001001
11 000010001001
11 000010001001
11 000010001001
11 000010001001
11 000010001001
11 000010001001
1 000010001001
1 000010001001
1 000010001001
11 000010001001
11 000010001001
11 000010001001
9 000010001001
9 000010001001

8 000010001001
8 000010001001
8 000010001001
8 000010001001
8 000010001001
8 000010001001
8 000010001001
8 000010001001
6 000010001001
6 000010001001
6 000010001001
9 000010001001
9 000010001001
9 000010001001
8 000010001001
4 000010001001

12 000010001001
12 000010001001
12 000010001001
12 000010001001
12 000010001001
12 000010001001
12 000010001001
12 000010001001
1 001000100001
1 001000100001
1 001000100001
9 001000100001
9 001000100001
9 001000100001
1 001000100001
1 001000100001

11 000010001001
11 000010001001
11 000010001001
11 000010001001
11 000010001001
11 000010001001
11 000010001001
11 000010001001
11 000010001001
11 000010001001
11 000010001001
11 000010001001
11 000010001001
11 000010001001
11 000010001001
11 000010001001

11 000010001001
11 000010001001
11 000010001001
11 000010001001
11 000010001001
11 000010001001
11 000010001001
11 000010001001
1 000010001001
1 000010001001
1 000010001001
11 000010001001
11 000010001001
11 000010001001
9 000010001001
9 000010001001

8 000010001001
8 000010001001
8 000010001001
8 000010001001
8 000010001001
8 000010001001
8 000010001001
8 000010001001
6 000010001001
6 000010001001
6 000010001001
9 000010001001
9 000010001001
9 000010001001
8 000010001001
8 000010001001

4 000010001001
4 000010001001
4 000010001001
4 000010001001
4 000010001001
4 000010001001
4 000010001001
4 000010001001
1 001000100001
1 001000100001
1 001000100001
9 001000100001
9 001000100001
9 001000100001
1 001000100001
1 001000100001

11 000010001001
11 000010001001
11 000010001001
11 000010001001
11 000010001001
11 000010001001
11 000010001001
11 000010001001
11 000010001001
11 000010001001
11 000010001001
11 000010001001
11 000010001001
11 000010001001
11 000010001001
11 000010001001

12 000010001001
12 000010001001
12 000010001001
12 000010001001
12 000010001001
12 000010001001
12 000010001001
12 000010001001
12 000010001001
12 000010001001
12 000010001001
12 000010001001
12 000010001001
12 000010001001
12 000010001001
12 000010001001

12 000010001001
12 000010001001
12 000010001001
12 000010001001
12 000010001001
12 000010001001
12 000010001001
12 000010001001
12 000010001001
12 000010001001
12 000010001001
12 000010001001
12 000010001001
12 000010001001
12 000010001001
12 000010001001

12 000010001001
12 000010001001
12 000010001001
12 000010001001
12 000010001001
12 000010001001
12 000010001001
12 000010001001
12 001000100001
12 001000100001
12 001000100001
12 001000100001
12 001000100001
12 001000100001
12 001000100001
12 001000100001

12 000010001001
12 000010001001
12 000010001001
12 000010001001
12 000010001001
12 000010001001
12 000010001001
12 000010001001
12 000010001001
12 000010001001
12 000010001001
12 000010001001
12 000010001001
12 000010001001
12 000010001001
12 000010001001

