12 100001000100
12 100001000100
12 100001000100
12 100001000100
12 100001000100
12 100001000100
12 100001000100
12 100001000100
12 100001000100
12 100001000100
12 100001000100
12 100001000100
12 100001000100
12 100001000100
12 100001000100
12 100001000100

12 100001000100
12 100001000100
12 100001000100
12 100001000100
12 100001000100
12 100001000100
12 100001000100
12 100001000100
12 100001000100
12 100001000100
12 100001000100
12 100001000100
12 100001000100
12 100001000100
12 100001000100
12 100001000100

12 100001000100
12 100001000100
12 100001000100
12 100001000100
0 100001000100
0 100001000100
5 100001000100
5 100001000100
7 100001000100
7 100001000100
9 100001000100
9 100001000100
8 100001000100
8 100001000100
7 100001000100
7 100001000100

5 100010010000
5 100010010000
7 100010010000
7 100010010000
7 100010010000
7 100010010000
0 100010010000
0 100010010000
0 100010010000
0 100010010000
0 100010010000
0 100010010000
0 100010010000
0 100010010000
0 100010010000
0 100010010000

12 101001000100
12 101001000100
9 101001000100
9 101001000100
0 101001000100
0 101001000100
0 101001000100
0 101001000100
0 101001000100
0 101001000100
0 101001000100
0 101001000100
10 101001000100
10 101001000100
10 101001000100
10 101001000100

12 100001000100
12 100001000100
12 100001000100
12 100001000100
12 100001000100
12 100001000100
12 100001000100
12 100001000100
12 101011010010
12 101011010010
12 101011010010
12 101011010010
12 101011010010
12 101011010010
12 101011010010
12 101011010010

12 100001000100
12 100001000100
5 100001000100
5 100001000100
5 100001000100
5 100001000100
5 100001000100
5 100001000100
7 100001000100
7 100001000100
9 100001000100
9 100001000100
8 100001000100
8 100001000100
7 100001000100
7 100001000100

5 100010010000
5 100010010000
7 100010010000
7 100010010000
7 100010010000
7 100010010000
2 100010010000
2 100010010000
0 100010010000
0 100010010000
0 100010010000
0 100010010000
0 100010010000
0 100010010000
0 100010010000
0 100010010000

12 101001000100
12 101001000100
9 101001000100
9 101001000100
0 101001000100
0 101001000100
0 101001000100
0 101001000100
0 101001000100
0 101001000100
0 101001000100
0 101001000100
10 101001000100
10 101001000100
10 101001000100
10 101001000100

12 100001000100
12 100001000100
12 100001000100
12 100001000100
12 100001000100
12 100001000100
12 100001000100
12 100001000100
12 101011010010
12 101011010010
12 101011010010
12 101011010010
12 101011010010
12 101011010010
12 101011010010
12 101011010010

12 100001000100
12 100001000100
12 100001000100
12 100001000100
5 100001000100
5 100001000100
0 100001000100
2 100001000100
5 100001000100
5 100001000100
5 100001000100
5 100001000100
5 100001000100
5 100001000100
5 100001000100
5 100001000100

12 100010010000
12 100010010000
7 100010010000
9 100010010000
9 100010010000
9 100010010000
7 100010010000
9 100010010000
7 100010010000
5 100010010000
7 100010010000
7 100010010000
7 100010010000
7 100010010000
7 100010010000
7 100010010000

12 101001000100
12 101001000100
9 101001000100
9 101001000100
0 101001000100
0 101001000100
0 101001000100
0 101001000100
0 101001000100
0 101001000100
5 101001000100
5 101001000100
5 101001000100
5 101001000100
5 101001000100
5 101001000100

12 100001000100
12 100001000100
12 100001000100
12 100001000100
12 100001000100
12 100001000100
12 100001000100
12 100001000100
12 101011010010
12 101011010010
12 101011010010
12 101011010010
12 101011010010
12 101011010010
12 101011010010
12 101011010010

12 100001000100
12 100001000100
5 100001000100
5 100001000100
0 100001000100
5 100001000100
5 100001000100
5 100001000100
5 100001000100
5 100001000100
0 100001000100
2 100001000100
0 100001000100
5 100001000100
5 100001000100
5 100001000100

7 100010010000
7 100010010000
9 100010010000
9 100010010000
9 100010010000
9 100010010000
7 100010010000
9 100010010000
7 100010010000
5 100010010000
7 100010010000
7 100010010000
7 100010010000
7 100010010000
2 100010010000
2 100010010000

5 101001000100
5 101001000100
5 101001000100
5 101001000100
5 101001000100
5 101001000100
0 101001000100
2 101001000100
5 101001000100
5 101001000100
5 101001000100
2 101001000100
5 101001000100
5 101001000100
5 101001000100
5 101001000100

12 010010010100
7 010010010100
7 010010010100
7 010010010100
7 010010010100
7 010010010100
7 010010010100
7 010010010100
7 010010010100
7 010010010100
7 010010010100
7 010010010100
7 010010010100
7 010010010100
5 010010010100
5 010010010100

10 000100010010
10 000100010010
10 000100010010
10 000100010010
9 000100010010
9 000100010010
7 000100010010
7 000100010010
5 001001000010
5 001001000010
5 001001000010
5 001001000010
5 001001000010
5 001001000010
5 001001000010
5 001001000010

12 000100010010
12 000100010010
10 000100010010
10 000100010010
9 000100010010
9 000100010010
7 000100010010
7 000100010010
5 001001000010
5 001001000010
5 001001000010
5 001001000010
8 001001000010
8 001001000010
7 001001000010
7 001001000010

12 100010010000
12 100010010000
12 100010010000
12 100010010000
12 100010010000
12 100010010000
12 100010010000
12 100010010000
12 100010010000
12 100010010000
12 100010010000
12 100010010000
12 100010010000
12 100010010000
12 100010010000
12 100010010000

12 100010010000
12 100010010000
12 100010010000
12 100010010000
12 100010010000
12 100010010000
12 100010010000
12 100010010000
12 100010010000
12 100010010000
12 100010010000
12 100010010000
12 100010010000
12 100010010000
12 100010010000
12 100010010000

12 100001000100
12 100001000100
12 100001000100
12 100001000100
0 100001000100
0 100001000100
5 100001000100
5 100001000100
7 100001000100
7 100001000100
9 100001000100
9 100001000100
7 100001000100
8 100001000100
7 100001000100
7 100001000100

5 100010010000
5 100010010000
7 100010010000
7 100010010000
7 100010010000
7 100010010000
4 100010010000
2 100010010000
0 100010010000
2 100010010000
2 100010010000
2 100010010000
2 100010010000
2 100010010000
2 100010010000
2 100010010000

12 101001000100
12 101001000100
9 101001000100
9 101001000100
0 101001000100
0 101001000100
0 101001000100
0 101001000100
0 101001000100
0 101001000100
0 101001000100
0 101001000100
10 101001000100
10 101001000100
10 101001000100
10 101001000100

12 100001000100
12 100001000100
9 100001000100
9 100001000100
10 100001000100
10 100001000100
0 100001000100
0 100001000100
7 101011010010
7 101011010010
7 101011010010
7 101011010010
0 101011010010
0 101011010010
0 101011010010
0 101011010010

12 100001000100
12 100001000100
12 100001000100
12 100001000100
9 100001000100
9 100001000100
9 100001000100
7 100001000100
9 100001000100
9 100001000100
7 100001000100
7 100001000100
5 100001000100
8 100001000100
7 100001000100
7 100001000100

8 100010010000
8 100010010000
7 100010010000
7 100010010000
7 100010010000
7 100010010000
8 100010010000
7 100010010000
7 100010010000
7 100010010000
7 100010010000
7 100010010000
7 100010010000
7 100010010000
8 100010010000
8 100010010000

5 101001000100
5 101001000100
5 101001000100
7 101001000100
2 101001000100
2 101001000100
2 101001000100
2 101001000100
2 101001000100
2 101001000100
8 101001000100
8 101001000100
7 101001000100
5 101001000100
7 101001000100
7 101001000100

7 001001000010
7 001001000010
5 001001000010
2 001001000010
5 001001000010
5 001001000010
5 001001000010
5 001001000010
5 001001000010
5 001001000010
5 001001000010
5 001001000010
5 001001000010
5 001001000010
5 001001000010
5 001001000010

12 100001000100
12 100001000100
0 100001000100
0 100001000100
0 100001000100
9 100001000100
9 100001000100
9 100001000100
9 100001000100
9 100001000100
9 100001000100
8 100001000100
8 100001000100
8 100001000100
7 100001000100
7 100001000100

5 100010010000
5 100010010000
7 100010010000
7 100010010000
7 100010010000
7 100010010000
4 100010010000
2 100010010000
0 100010010000
2 100010010000
2 100010010000
2 100010010000
2 100010010000
2 100010010000
2 100010010000
2 100010010000

12 101001000100
12 101001000100
12 101001000100
12 101001000100
0 101001000100
0 101001000100
0 101001000100
0 101001000100
0 101001000100
0 101001000100
5 101001000100
5 101001000100
5 101001000100
5 101001000100
5 101001000100
5 101001000100

12 100001000100
12 100001000100
9 100001000100
9 100001000100
10 100001000100
10 100001000100
0 100001000100
0 100001000100
7 101011010010
7 101011010010
7 101011010010
7 101011010010
0 101011010010
0 101011010010
0 101011010010
0 101011010010

12 100001000100
12 100001000100
12 100001000100
12 100001000100
0 100001000100
8 100001000100
7 100001000100
7 100001000100
5 100001000100
8 100001000100
7 100001000100
7 100001000100
5 100001000100
8 100001000100
7 100001000100
7 100001000100

5 100010010000
5 100010010000
7 100010010000
7 100010010000
8 100010010000
8 100010010000
7 100010010000
7 100010010000
5 100010010000
5 100010010000
7 100010010000
7 100010010000
7 100010010000
7 100010010000
5 100010010000
5 100010010000

9 101001000100
9 101001000100
9 101001000100
7 101001000100
5 101001000100
9 101001000100
9 101001000100
7 101001000100
9 101001000100
9 101001000100
8 101001000100
8 101001000100
8 101001000100
8 101001000100
8 101001000100
8 101001000100

5 010010010100
7 010010010100
7 010010010100
7 010010010100
7 010010010100
7 010010010100
5 010010010100
5 010010010100
8 010010010100
7 010010010100
7 010010010100
7 010010010100
7 010010010100
7 010010010100
5 010010010100
5 010010010100

10 000100010010
10 000100010010
10 000100010010
10 000100010010
9 000100010010
9 000100010010
7 000100010010
7 000100010010
5 001001000010
5 001001000010
5 001001000010
5 001001000010
5 001001000010
5 001001000010
5 001001000010
5 001001000010

12 001001000100
12 001001000100
9 001001000100
9 001001000100
5 001001000100
5 001001000100
7 001001000100
7 001001000100
7 100010010000
7 100010010000
7 100010010000
7 100010010000
8 100010010000
8 100010010000
7 100010010000
7 100010010000

12 100010010000
12 100010010000
12 100010010000
12 100010010000
12 100010010000
12 100010010000
12 100010010000
12 100010010000
12 100010010000
12 100010010000
12 100010010000
12 100010010000
12 100010010000
12 100010010000
12 100010010000
12 100010010000

12 100010010000
12 100010010000
12 100010010000
12 100010010000
12 100010010000
12 100010010000
12 100010010000
12 100010010000
12 100010010000
12 100010010000
12 100010010000
12 100010010000
12 100010010000
12 100010010000
12 100010010000
12 100010010000

12 100001000100
12 100001000100
12 100001000100
12 100001000100
12 100001000100
12 100001000100
12 100001000100
12 100001000100
12 100001000100
12 100001000100
12 100001000100
12 100001000100
12 100001000100
12 100001000100
12 100001000100
12 100001000100

12 100010010000
12 100010010000
12 100010010000
12 100010010000
12 100010010000
12 100010010000
12 100010010000
12 100010010000
12 100010010000
12 100010010000
12 100010010000
12 100010010000
12 100010010000
12 100010010000
12 100010010000
12 100010010000

12 101001000100
12 101001000100
12 101001000100
12 101001000100
12 101001000100
12 101001000100
12 101001000100
12 101001000100
12 101001000100
12 101001000100
12 101001000100
12 101001000100
12 101001000100
12 101001000100
12 101001000100
12 101001000100

12 100001000100
12 100001000100
9 100001000100
9 100001000100
10 100001000100
10 100001000100
0 100001000100
0 100001000100
7 101011010010
7 101011010010
7 101011010010
7 101011010010
0 101011010010
0 101011010010
0 101011010010
0 101011010010

12 100001000100
12 100001000100
12 100001000100
12 100001000100
12 100001000100
12 100001000100
12 100001000100
12 100001000100
12 100001000100
12 100001000100
12 100001000100
12 100001000100
12 100001000100
12 100001000100
12 100001000100
12 100001000100

12 100010010000
12 100010010000
12 100010010000
12 100010010000
12 100010010000
12 100010010000
12 100010010000
12 100010010000
12 100010010000
12 100010010000
12 100010010000
12 100010010000
12 100010010000
12 100010010000
12 100010010000
12 100010010000

12 101001000100
12 101001000100
12 101001000100
12 101001000100
12 101001000100
12 101001000100
12 101001000100
12 101001000100
12 101001000100
12 101001000100
12 101001000100
12 101001000100
12 101001000100
12 101001000100
12 101001000100
12 101001000100

12 100001000100
12 100001000100
12 100001000100
12 100001000100
12 100001000100
12 100001000100
12 100001000100
12 100001000100
12 101011010010
12 101011010010
12 101011010010
12 101011010010
12 101011010010
12 101011010010
12 101011010010
12 101011010010

0 100001000100
0 100001000100
9 100001000100
9 100001000100
7 100001000100
9 100001000100
7 100001000100
7 100001000100
5 100001000100
5 100001000100
5 100001000100
7 100001000100
7 100001000100
7 100001000100
7 100001000100
7 100001000100

12 100010010000
12 100010010000
12 100010010000
5 100010010000
5 100010010000
2 100010010000
7 100010010000
7 100010010000
0 100010010000
0 100010010000
0 100010010000
0 100010010000
0 100010010000
0 100010010000
0 100010010000
0 100010010000

12 101001000100
12 101001000100
10 101001000100
0 101001000100
0 101001000100
0 101001000100
0 101001000100
0 101001000100
0 101001000100
0 101001000100
5 101001000100
5 101001000100
5 101001000100
5 101001000100
5 101001000100
5 101001000100

12 100001000100
12 100001000100
9 100001000100
9 100001000100
10 100001000100
10 100001000100
0 100001000100
0 100001000100
7 101011010010
7 101011010010
7 101011010010
7 101011010010
0 101011010010
0 101011010010
0 101011010010
0 101011010010

12 100001000100
12 100001000100
9 100001000100
9 100001000100
9 100001000100
9 100001000100
9 100001000100
9 100001000100
8 100001000100
9 100001000100
9 100001000100
7 100001000100
5 100001000100
5 100001000100
5 100001000100
2 100001000100

5 100010010000
5 100010010000
7 100010010000
7 100010010000
7 100010010000
7 100010010000
0 100010010000
0 100010010000
0 100010010000
0 100010010000
0 100010010000
0 100010010000
0 100010010000
0 100010010000
0 100010010000
0 100010010000

12 101001000100
12 101001000100
0 101001000100
0 101001000100
0 101001000100
0 101001000100
0 101001000100
0 101001000100
0 101001000100
0 101001000100
5 101001000100
10 101001000100
10 101001000100
10 101001000100
9 101001000100
9 101001000100

12 010010010100
12 010010010100
12 010010010100
12 010010010100
12 010010010100
12 010010010100
4 010010010100
4 010010010100
4 010010010100
4 010010010100
9 010010010100
10 010010010100
9 010010010100
9 010010010100
9 010010010100
9 010010010100

10 000100010010
10 000100010010
10 000100010010
10 000100010010
9 000100010010
9 000100010010
7 000100010010
7 000100010010
5 001001000010
5 001001000010
5 001001000010
5 001001000010
5 001001000010
5 001001000010
5 001001000010
5 001001000010

12 001001000100
12 001001000100
9 001001000100
9 001001000100
5 001001000100
5 001001000100
7 001001000100
7 001001000100
7 100010010000
7 100010010000
7 100010010000
7 100010010000
8 100010010000
8 100010010000
7 100010010000
7 100010010000

12 100010010000
12 100010010000
12 100010010000
12 100010010000
12 100010010000
12 100010010000
12 100010010000
12 100010010000
12 100010010000
12 100010010000
12 100010010000
12 100010010000
12 100010010000
12 100010010000
12 100010010000
12 100010010000

12 000100010010
12 000100010010
10 000100010010
10 000100010010
9 000100010010
9 000100010010
7 000100010010
7 000100010010
5 001001000010
5 001001000010
5 001001000010
5 001001000010
5 001001000010
5 001001000010
5 001001000010
5 001001000010

12 001001000100
12 001001000100
5 001001000100
5 001001000100
8 001001000100
8 001001000100
7 001001000100
7 001001000100
7 100010010000
7 100010010000
7 100010010000
7 100010010000
8 100010010000
8 100010010000
7 100010010000
7 100010010000

12 100010010000
12 100010010000
12 100010010000
12 100010010000
12 100010010000
12 100010010000
12 100010010000
12 100010010000
12 100010010000
12 100010010000
12 100010010000
12 100010010000
12 100010010000
12 100010010000
12 100010010000
12 100010010000

12 000100010010
12 000100010010
10 000100010010
10 000100010010
10 000100010010
10 000100010010
10 000100010010
10 000100010010
9 001001000010
9 001001000010
5 001001000010
5 001001000010
5 001001000010
5 001001000010
5 001001000010
5 001001000010

12 001001000100
12 001001000100
8 001001000100
8 001001000100
7 001001000100
7 001001000100
7 001001000100
7 001001000100
7 100010010000
7 100010010000
7 100010010000
7 100010010000
8 100010010000
8 100010010000
7 100010010000
7 100010010000

12 100010010000
12 100010010000
12 100010010000
12 100010010000
12 100010010000
12 100010010000
12 100010010000
12 100010010000
12 100010010000
12 100010010000
12 100010010000
12 100010010000
12 100010010000
12 100010010000
12 100010010000
12 100010010000

12 000100010010
12 000100010010
12 000100010010
12 000100010010
12 000100010010
12 000100010010
12 000100010010
12 000100010010
12 001001000010
12 001001000010
12 001001000010
12 001001000010
12 001001000010
12 001001000010
12 001001000010
12 001001000010

12 001001000100
12 001001000100
12 001001000100
12 001001000100
12 001001000100
12 001001000100
12 001001000100
12 001001000100
12 100010010000
12 100010010000
12 100010010000
12 100010010000
12 100010010000
12 100010010000
12 100010010000
12 100010010000

12 100010010000
12 100010010000
12 100010010000
12 100010010000
12 100010010000
12 100010010000
12 100010010000
12 100010010000
12 100010010000
12 100010010000
12 100010010000
12 100010010000
12 100010010000
12 100010010000
12 100010010000
12 100010010000

12 000100010010
12 000100010010
12 000100010010
12 000100010010
12 000100010010
12 000100010010
12 000100010010
12 000100010010
12 001001000010
12 001001000010
12 001001000010
12 001001000010
12 001001000010
12 001001000010
12 001001000010
12 001001000010

12 001001000100
12 001001000100
12 001001000100
12 001001000100
12 001001000100
12 001001000100
12 001001000100
12 001001000100
12 100010010000
12 100010010000
12 100010010000
12 100010010000
12 100010010000
12 100010010000
12 100010010000
12 100010010000

12 100010010000
12 100010010000
12 100010010000
12 100010010000
12 100010010000
12 100010010000
12 100010010000
12 100010010000
12 100010010000
12 100010010000
12 100010010000
12 100010010000
12 100010010000
12 100010010000
12 100010010000
12 100010010000

12 000100010010
12 000100010010
12 000100010010
12 000100010010
12 000100010010
12 000100010010
12 000100010010
12 000100010010
12 001001000010
12 001001000010
12 001001000010
12 001001000010
12 001001000010
12 001001000010
12 001001000010
12 001001000010

12 001001000100
12 001001000100
12 001001000100
12 001001000100
12 001001000100
12 001001000100
12 001001000100
12 001001000100
12 100010010000
12 100010010000
12 100010010000
12 100010010000
12 100010010000
12 100010010000
12 100010010000
12 100010010000

12 100010010000
12 100010010000
12 100010010000
12 100010010000
12 100010010000
12 100010010000
12 100010010000
12 100010010000
12 100010010000
12 100010010000
12 100010010000
12 100010010000
12 100010010000
12 100010010000
12 100010010000
12 100010010000

