12 000100100101
12 000100100101
12 000100100101
12 000100100101
12 000100100101
12 000100100101
12 000100100101
12 000100100101
9 000100100101
9 000100100101
9 000100100101
9 000100100101
9 000100100101
9 000100100101
6 000100100101
6 000100100101

6 000010010001
4 000010010001
4 000010010001
4 000010010001
4 000010010001
4 000010010001
4 000010010001
4 000010010001
4 000010010001
4 000010010001
4 000010010001
4 000010010001
4 000010010001
4 000010010001
4 000010010001
4 000010010001

12 000010010001
12 000010010001
12 000010010001
12 000010010001
4 000010010001
4 000010010001
1 000010010001
1 000010010001
4 000010010001
4 000010010001
4 000010010001
4 000010010001
4 000010010001
4 000010010001
4 000010010001
4 000010010001

1 000010010001
1 000010010001
11 000010010001
11 000010010001
11 000010010001
11 000010010001
11 000010010001
11 000010010001
11 000010010001
11 000010010001
11 000010010001
11 000010010001
11 000010010001
11 000010010001
11 000010010001
11 000010010001

12 000010010001
12 000010010001
12 000010010001
12 000010010001
12 000010010001
12 000010010001
12 000010010001
12 000010010001
9 000010010001
9 000010010001
9 000010010001
9 000010010001
9 000010010001
9 000010010001
9 000010010001
9 000010010001

6 010010000100
6 010010000100
6 010010000100
6 010010000100
6 010010000100
6 010010000100
6 010010000100
6 010010000100
6 010010000100
6 010010000100
6 010010000100
6 010010000100
6 010010000100
6 010010000100
6 010010000100
6 010010000100

12 010010000100
12 010010000100
12 010010000100
12 010010000100
4 010010000100
4 010010000100
1 010010000100
1 010010000100
4 010010000100
4 010010000100
4 010010000100
4 010010000100
4 010010000100
4 010010000100
4 010010000100
4 010010000100

1 000010010001
1 000010010001
11 000010010001
11 000010010001
11 000010010001
11 000010010001
11 000010010001
11 000010010001
11 000010010001
11 000010010001
11 000010010001
11 000010010001
11 000010010001
11 000010010001
11 000010010001
11 000010010001

12 000010010001
12 000010010001
12 000010010001
12 000010010001
12 000010010001
12 000010010001
12 000010010001
12 000010010001
9 000010010001
9 000010010001
9 000010010001
9 000010010001
9 000010010001
9 000010010001
6 000010010001
6 000010010001

4 000100100101
1 000100100101
11 000100100101
9 000100100101
6 000100100101
6 000100100101
6 000100100101
6 000100100101
6 000100100101
6 000100100101
6 000100100101
6 000100100101
6 000100100101
6 000100100101
6 000100100101
6 000100100101

12 010010010100
12 010010010100
12 010010010100
12 010010010100
4 010010010100
4 010010010100
1 010010010100
1 010010010100
4 010010010100
1 010010010100
4 010010010100
4 010010010100
4 010010010100
4 010010010100
4 010010010100
4 010010010100

1 000010001001
1 000010001001
1 000010001001
1 000010001001
1 000010001001
1 000010001001
1 000010001001
1 000010001001
1 000010001001
1 000010001001
1 000010001001
1 000010001001
1 000010001001
1 000010001001
1 000010001001
1 000010001001

12 000010001001
12 000010001001
12 000010001001
12 000010001001
12 000100100101
12 000100100101
12 000100100101
12 000100100101
12 000100100101
12 000100100101
9 000100100101
9 000100100101
9 000100100101
9 000100100101
6 000100100101
6 000100100101

6 000010010001
4 000010010001
4 000010010001
4 000010010001
4 000010010001
4 000010010001
4 000010010001
4 000010010001
4 000010010001
4 000010010001
4 000010010001
4 000010010001
4 000010010001
4 000010010001
4 000010010001
4 000010010001

12 000010010001
12 000010010001
1 000010010001
1 000010010001
4 000010010001
4 000010010001
1 000010010001
1 000010010001
4 000010010001
4 000010010001
4 000010010001
4 000010010001
1 000010010001
1 000010010001
6 000010010001
6 000010010001

12 000010010001
12 000010010001
12 000010010001
12 000010010001
12 000010010001
12 000010010001
12 000010010001
12 000010010001
12 000010010001
12 000010010001
12 000010010001
12 000010010001
12 000010010001
12 000010010001
12 000010010001
12 000010010001

12 000010010001
12 000010010001
12 000010010001
12 000010010001
12 000010010001
12 000010010001
12 000010010001
12 000010010001
9 000010010001
9 000010010001
9 000010010001
9 000010010001
9 000010010001
6 000010010001
6 000010010001
4 000010010001

12 010010000100
6 010010000100
6 010010000100
6 010010000100
6 010010000100
6 010010000100
6 010010000100
6 010010000100
6 010010000100
6 010010000100
6 010010000100
6 010010000100
6 010010000100
6 010010000100
6 010010000100
6 010010000100

12 010010000100
12 010010000100
12 010010000100
1 010010000100
11 010010000100
11 010010000100
6 010010000100
6 010010000100
4 010010000100
4 010010000100
1 010010000100
1 010010000100
1 010010000100
4 010010000100
4 010010000100
1 010010000100

11 000010010001
11 000010010001
11 000010010001
11 000010010001
11 000010010001
11 000010010001
11 000010010001
11 000010010001
11 000010010001
11 000010010001
11 000010010001
11 000010010001
11 000010010001
11 000010010001
11 000010010001
11 000010010001

12 000010010001
12 000010010001
12 000010010001
12 000010010001
12 000010010001
12 000010010001
12 000010010001
12 000010010001
9 000010010001
9 000010010001
9 000010010001
9 000010010001
9 000010010001
9 000010010001
9 000010010001
9 000010010001

6 000100100101
6 000100100101
4 000100100101
1 000100100101
11 000100100101
11 000100100101
11 000100100101
11 000100100101
11 000100100101
11 000100100101
11 000100100101
11 000100100101
11 000100100101
11 000100100101
11 000100100101
11 000100100101

12 010010010100
12 010010010100
12 010010010100
12 010010010100
4 010010010100
1 010010010100
1 010010010100
4 010010010100
1 010010010100
4 010010010100
4 010010010100
4 010010010100
4 010010010100
4 010010010100
4 010010010100
4 010010010100

4 000010001001
4 000010001001
4 000010001001
4 000010001001
4 000010001001
4 000010001001
4 000010001001
4 000010001001
4 000010001001
4 000010001001
4 000010001001
4 000010001001
4 000010001001
4 000010001001
4 000010001001
4 000010001001

12 000010001001
12 000010001001
12 000010001001
12 000010001001
12 000100100101
12 000100100101
12 000100100101
12 000100100101
12 000100100101
12 000100100101
12 000100100101
12 000100100101
4 000100100101
4 000100100101
4 000100100101
4 000100100101

4 000010001001
4 000010001001
4 000010001001
4 000010001001
4 000010001001
4 000010001001
4 000010001001
4 000010001001
4 000010001001
4 000010001001
1 000010001001
1 000010001001
4 000010001001
4 000010001001
1 000010001001
1 000010001001

6 000010001001
6 000010001001
6 000010001001
6 000010001001
6 000010001001
6 000010001001
6 000010001001
6 000010001001
6 000010001001
6 000010001001
6 000010001001
6 000010001001
6 000010001001
6 000010001001
4 000010001001
4 000010001001

4 000010001001
4 000010001001
4 000010001001
4 000010001001
1 000010001001
1 000010001001
11 000010001001
11 000010001001
4 000010001001
4 000010001001
1 000010001001
1 000010001001
4 000010001001
4 000010001001
1 000010001001
1 000010001001

12 000010001001
12 000010001001
12 000010001001
12 000010001001
12 000010001001
12 000010001001
12 000010001001
12 000010001001
12 000010001001
12 000010001001
11 000010001001
11 000010001001
9 000010001001
9 000010001001
9 000010001001
9 000010001001

6 000010001001
6 000010001001
4 000010001001
4 000010001001
4 000010001001
4 000010001001
4 000010001001
4 000010001001
4 000010001001
4 000010001001
1 000010001001
1 000010001001
4 000010001001
4 000010001001
1 000010001001
1 000010001001

4 000010001001
4 000010001001
1 000010001001
1 000010001001
1 000010001001
1 000010001001
1 000010001001
1 000010001001
4 000010001001
4 000010001001
4 000010001001
4 000010001001
4 000010001001
4 000010001001
4 000010001001
6 000010001001

12 000010001001
12 000010001001
12 000010001001
12 000010001001
4 000010001001
1 000010001001
4 000010001001
4 000010001001
1 000010001001
1 000010001001
1 000010001001
1 000010001001
4 000010001001
1 000010001001
4 000010001001
4 000010001001

1 000010001001
1 000010001001
1 000010001001
1 000010001001
1 000010001001
1 000010001001
1 000010001001
1 000010001001
9 000010001001
9 000010001001
9 000010001001
9 000010001001
9 000010001001
9 000010001001
6 000010001001
6 000010001001

6 000010010001
4 000010010001
4 000010010001
4 000010010001
4 000010010001
4 000010010001
4 000010010001
4 000010010001
4 000010010001
4 000010010001
4 000010010001
4 000010010001
4 000010010001
4 000010010001
4 000010010001
4 000010010001

12 000010010001
12 000010010001
12 000010010001
12 000010010001
4 000010010001
4 000010010001
1 000010010001
1 000010010001
4 000010010001
4 000010010001
4 000010010001
4 000010010001
4 000010010001
4 000010010001
4 000010010001
4 000010010001

1 000010010001
1 000010010001
11 000010010001
11 000010010001
11 000010010001
11 000010010001
11 000010010001
11 000010010001
11 000010010001
11 000010010001
11 000010010001
11 000010010001
11 000010010001
11 000010010001
11 000010010001
11 000010010001

12 000010010001
12 000010010001
12 000010010001
12 000010010001
12 000010010001
12 000010010001
12 000010010001
12 000010010001
9 000010010001
9 000010010001
9 000010010001
9 000010010001
9 000010010001
9 000010010001
6 000010010001
6 000010010001

6 010010000100
4 010010000100
4 010010000100
6 010010000100
6 010010000100
6 010010000100
6 010010000100
6 010010000100
6 010010000100
6 010010000100
6 010010000100
6 010010000100
6 010010000100
6 010010000100
6 010010000100
6 010010000100

12 010010000100
12 010010000100
1 010010000100
1 010010000100
4 010010000100
4 010010000100
1 010010000100
1 010010000100
4 010010000100
4 010010000100
1 010010000100
1 010010000100
4 010010000100
4 010010000100
4 010010000100
4 010010000100

12 000010010001
12 000010010001
1 000010010001
11 000010010001
11 000010010001
11 000010010001
11 000010010001
11 000010010001
11 000010010001
11 000010010001
11 000010010001
11 000010010001
11 000010010001
11 000010010001
11 000010010001
11 000010010001

12 000010010001
12 000010010001
12 000010010001
12 000010010001
12 000010010001
12 000010010001
11 000010010001
11 000010010001
9 000010010001
9 000010010001
9 000010010001
9 000010010001
9 000010010001
9 000010010001
9 000010010001
9 000010010001

6 000100100101
6 000100100101
4 000100100101
1 000100100101
11 000100100101
11 000100100101
11 000100100101
11 000100100101
11 000100100101
11 000100100101
11 000100100101
11 000100100101
11 000100100101
11 000100100101
11 000100100101
11 000100100101

12 010010010100
12 010010010100
1 010010010100
1 010010010100
4 010010010100
4 010010010100
1 010010010100
1 010010010100
4 010010010100
4 010010010100
4 010010010100
4 010010010100
4 010010010100
4 010010010100
4 010010010100
4 010010010100

1 000010001001
1 000010001001
11 000010001001
11 000010001001
11 000010001001
11 000010001001
11 000010001001
11 000010001001
11 000010001001
11 000010001001
11 000010001001
11 000010001001
11 000010001001
11 000010001001
11 000010001001
11 000010001001

12 000010001001
12 000010001001
12 000010001001
12 000010001001
12 000100100101
12 000100100101
12 000100100101
12 000100100101
12 000100100101
12 000100100101
12 000100100101
12 000100100101
4 000100100101
4 000100100101
6 000100100101
6 000100100101

6 000010010001
6 000010010001
6 000010010001
6 000010010001
6 000010010001
6 000010010001
6 000010010001
6 000010010001
6 000010010001
6 000010010001
1 000010010001
1 000010010001
4 000010010001
1 000010010001
4 000010010001
4 000010010001

4 000010010001
4 000010010001
4 000010010001
4 000010010001
4 000010010001
4 000010010001
4 000010010001
4 000010010001
4 000010010001
4 000010010001
4 000010010001
4 000010010001
4 000010010001
4 000010010001
4 000010010001
4 000010010001

6 000010010001
6 000010010001
6 000010010001
6 000010010001
6 000010010001
6 000010010001
6 000010010001
6 000010010001
6 000010010001
6 000010010001
1 000010010001
1 000010010001
4 000010010001
1 000010010001
4 000010010001
4 000010010001

4 000010010001
4 000010010001
4 000010010001
4 000010010001
4 000010010001
4 000010010001
4 000010010001
4 000010010001
4 000010010001
4 000010010001
1 000010010001
1 000010010001
4 000010010001
4 000010010001
1 000010010001
1 000010010001

4 010010000100
4 010010000100
4 010010000100
4 010010000100
4 010010000100
4 010010000100
4 010010000100
4 010010000100
4 010010000100
4 010010000100
4 010010000100
6 010010000100
6 010010000100
6 010010000100
4 010010000100
4 010010000100

4 010010000100
6 010010000100
6 010010000100
6 010010000100
6 010010000100
6 010010000100
6 010010000100
6 010010000100
6 010010000100
6 010010000100
6 010010000100
6 010010000100
6 010010000100
4 010010000100
4 010010000100
4 010010000100

4 000010010001
4 000010010001
4 000010010001
4 000010010001
4 000010010001
4 000010010001
1 000010010001
1 000010010001
4 000010010001
4 000010010001
1 000010010001
1 000010010001
4 000010010001
4 000010010001
4 000010010001
4 000010010001

1 000010010001
1 000010010001
1 000010010001
1 000010010001
1 000010010001
1 000010010001
1 000010010001
1 000010010001
1 000010010001
1 000010010001
1 000010010001
1 000010010001
4 000010010001
1 000010010001
11 000010010001
11 000010010001

9 000100100101
6 000100100101
6 000100100101
6 000100100101
6 000100100101
6 000100100101
6 000100100101
6 000100100101
6 000100100101
6 000100100101
6 000100100101
6 000100100101
6 000100100101
6 000100100101
6 000100100101
6 000100100101

12 010010010100
12 010010010100
12 010010010100
12 010010010100
4 010010010100
4 010010010100
1 010010010100
1 010010010100
4 010010010100
4 010010010100
4 010010010100
4 010010010100
4 010010010100
4 010010010100
4 010010010100
4 010010010100

1 000010001001
1 000010001001
1 000010001001
1 000010001001
1 000010001001
1 000010001001
1 000010001001
1 000010001001
1 000010001001
1 000010001001
1 000010001001
1 000010001001
1 000010001001
1 000010001001
11 000010001001
11 000010001001

12 000010001001
12 000010001001
12 000010001001
12 000010001001
12 000100100101
12 000100100101
12 000100100101
12 000100100101
12 000100100101
12 000100100101
12 000100100101
12 000100100101
7 000100100101
7 000100100101
6 000100100101
4 000100100101

12 000010001001
12 000010001001
12 000010001001
12 000010001001
12 000010001001
12 000010001001
12 000010001001
12 000010001001
12 000010001001
12 000010001001
12 000010001001
12 000010001001
9 000010001001
9 000010001001
11 000010001001
11 000010001001

12 000010001001
12 000010001001
12 000010001001
12 000010001001
12 000010001001
12 000010001001
12 000010001001
12 000010001001
12 000010001001
12 000010001001
12 000010001001
12 000010001001
4 000010001001
4 000010001001
1 000010001001
1 000010001001

12 000010001001
12 000010001001
12 000010001001
12 000010001001
12 000010001001
12 000010001001
12 000010001001
12 000010001001
12 000010001001
12 000010001001
12 000010001001
12 000010001001
9 000010001001
9 000010001001
6 000010001001
6 000010001001

12 000010001001
12 000010001001
12 000010001001
12 000010001001
12 000010001001
12 000010001001
12 000010001001
12 000010001001
4 000010001001
4 000010001001
1 000010001001
1 000010001001
4 000010001001
4 000010001001
6 000010001001
6 000010001001

12 000010001001
12 000010001001
12 000010001001
12 000010001001
12 000010001001
12 000010001001
12 000010001001
12 000010001001
12 000010001001
12 000010001001
12 000010001001
12 000010001001
4 000010001001
4 000010001001
4 000010001001
4 000010001001

1 000010001001
1 000010001001
1 000010001001
1 000010001001
1 000010001001
1 000010001001
1 000010001001
1 000010001001
1 000010001001
1 000010001001
1 000010001001
1 000010001001
9 000010001001
9 000010001001
6 000010001001
6 000010001001

12 000010001001
12 000010001001
12 000010001001
12 000010001001
12 000010001001
12 000010001001
12 000010001001
12 000010001001
12 000010001001
12 000010001001
12 000010001001
12 000010001001
4 000010001001
4 000010001001
4 000010001001
4 000010001001

12 000010001001
12 000010001001
12 000010001001
12 000010001001
12 000010001001
12 000010001001
12 000010001001
12 000010001001
12 000010001001
12 000010001001
12 000010001001
12 000010001001
12 000010001001
12 000010001001
12 000010001001
12 000010001001

