12 100100010000
12 100100010000
12 100100010000
12 100100010000
12 100100010000
12 100100010000
12 100100010000
12 100100010000
12 100100010000
12 100100010000
12 100100010000
12 100100010000
12 100100010000
12 100100010000
12 100100010000
12 100100010000

12 100001000100
12 100001000100
12 100001000100
12 100001000100
12 100001000100
12 100001000100
12 100001000100
12 100001000100
12 100001000100
12 100001000100
12 100001000100
12 100001000100
12 100001000100
12 100001000100
12 100001000100
12 100001000100

12 001000010010
12 001000010010
12 001000010010
12 001000010010
12 001000010010
12 001000010010
12 001000010010
12 001000010010
12 001000010010
12 001000010010
12 001000010010
12 001000010010
12 001000010010
12 001000010010
12 001000010010
12 001000010010

12 001010010010
12 001010010010
12 001010010010
12 001010010010
12 001010010010
12 001010010010
12 001010010010
12 001010010010
12 001010010010
12 001010010010
12 001010010010
12 001010010010
12 001010010010
12 001010010010
12 001010010010
12 001010010010

12 001000010010
12 001000010010
12 001000010010
12 001000010010
12 001000010010
12 001000010010
12 001000010010
12 001000010010
12 001000010010
12 001000010010
12 001000010010
12 001000010010
12 001000010010
12 001000010010
12 001000010010
12 001000010010

12 001010010010
12 001010010010
12 001010010010
12 001010010010
12 001010010010
12 001010010010
12 001010010010
12 001010010010
12 001010010010
12 001010010010
12 001010010010
12 001010010010
12 001010010010
12 001010010010
12 001010010010
12 001010010010

12 100100010000
12 100100010000
12 100100010000
12 100100010000
0 100100010000
0 100100010000
0 100100010000
0 100100010000
0 100100010000
0 100100010000
2 100100010000
2 100100010000
2 100100010000
2 100100010000
3 100100010000
3 100100010000

12 100001000100
12 100001000100
7 100001000100
7 100001000100
7 100001000100
7 100001000100
9 100001000100
9 100001000100
9 100001000100
9 100001000100
10 100001000100
10 100001000100
10 100001000100
10 100001000100
10 100001000100
10 100001000100

12 001000010010
12 001000010010
9 001000010010
9 001000010010
9 001000010010
9 001000010010
7 001000010010
7 001000010010
7 001000010010
7 001000010010
4 001000010010
4 001000010010
4 001000010010
4 001000010010
4 001000010010
4 001000010010

12 001010010010
12 001010010010
12 001010010010
12 001010010010
12 001010010010
12 001010010010
12 001010010010
12 001010010010
12 001010010010
12 001010010010
12 001010010010
12 001010010010
12 001010010010
12 001010010010
12 001010010010
12 001010010010

12 001000010010
12 001000010010
12 001000010010
12 001000010010
12 001000010010
12 001000010010
12 001000010010
12 001000010010
12 001000010010
12 001000010010
12 001000010010
12 001000010010
12 001000010010
12 001000010010
12 001000010010
12 001000010010

12 001010010010
12 001010010010
12 001010010010
12 001010010010
12 001010010010
12 001010010010
12 001010010010
12 001010010010
12 001010010010
12 001010010010
12 001010010010
12 001010010010
12 001010010010
12 001010010010
12 001010010010
12 001010010010

12 100100010000
12 100100010000
12 100100010000
12 100100010000
0 100100010000
0 100100010000
0 100100010000
0 100100010000
0 100100010000
0 100100010000
2 100100010000
2 100100010000
2 100100010000
2 100100010000
3 100100010000
3 100100010000

12 100001000100
12 100001000100
7 100001000100
7 100001000100
7 100001000100
7 100001000100
9 100001000100
9 100001000100
9 100001000100
9 100001000100
10 100001000100
10 100001000100
10 100001000100
10 100001000100
10 100001000100
10 100001000100

12 001000010010
12 001000010010
9 001000010010
9 001000010010
9 001000010010
9 001000010010
7 001000010010
7 001000010010
7 001000010010
7 001000010010
4 001000010010
4 001000010010
4 001000010010
4 001000010010
4 001000010010
4 001000010010

12 001010010010
12 001010010010
12 001010010010
12 001010010010
12 001010010010
12 001010010010
12 001010010010
12 001010010010
12 001010010010
12 001010010010
2 001010010010
2 001010010010
2 001010010010
2 001010010010
2 001010010010
2 001010010010

12 001000010010
12 001000010010
12 001000010010
12 001000010010
12 001000010010
12 001000010010
12 001000010010
12 001000010010
12 001000010010
12 001000010010
12 001000010010
12 001000010010
2 001000010010
2 001000010010
2 001000010010
2 001000010010

4 001001000100
4 001001000100
4 001001000100
4 001001000100
4 001001000100
4 001001000100
4 001001000100
4 001001000100
4 001001000100
4 001001000100
4 001001000100
4 001001000100
4 001001000100
4 001001000100
4 001001000100
4 001001000100

12 001010001001
12 001010001001
12 001010001001
12 001010001001
12 001010001001
12 001010001001
12 001010001001
12 001010001001
12 001010001001
12 001010001001
12 001010001001
12 001010001001
12 001010001001
12 001010001001
4 001010001001
4 001010001001

2 001000010010
2 001000010010
2 001000010010
2 001000010010
2 001000010010
2 001000010010
2 001000010010
2 001000010010
2 001000010010
2 001000010010
2 001000010010
2 001000010010
2 001000010010
2 001000010010
2 001000010010
2 001000010010

4 001001000100
4 001001000100
4 001001000100
4 001001000100
4 001001000100
4 001001000100
4 001001000100
4 001001000100
4 001001000100
4 001001000100
4 001001000100
4 001001000100
4 001001000100
4 001001000100
4 001001000100
4 001001000100

12 001010001001
12 001010001001
12 001010001001
12 001010001001
12 001010001001
12 001010001001
12 001010001001
12 001010001001
12 001010001001
12 001010001001
12 001010001001
12 001010001001
12 001010001001
12 001010001001
12 001010001001
12 001010001001

12 001010001001
12 001010001001
12 001010001001
12 001010001001
12 001010001001
12 001010001001
12 001010001001
12 001010001001
12 001010001001
12 001010001001
12 001010001001
12 001010001001
12 001010001001
12 001010001001
12 001010001001
12 001010001001

12 100100010000
12 100100010000
12 100100010000
12 100100010000
0 100100010000
0 100100010000
0 100100010000
0 100100010000
0 100100010000
0 100100010000
10 100100010000
10 100100010000
10 100100010000
10 100100010000
9 100100010000
9 100100010000

12 100001000100
12 100001000100
12 100001000100
12 100001000100
9 100001000100
9 100001000100
0 100001000100
0 100001000100
0 100001000100
0 100001000100
2 100001000100
2 100001000100
2 100001000100
2 100001000100
2 100001000100
2 100001000100

12 001000010010
12 001000010010
0 001000010010
0 001000010010
0 001000010010
0 001000010010
10 001000010010
10 001000010010
10 001000010010
10 001000010010
9 001000010010
9 001000010010
9 001000010010
9 001000010010
10 001000010010
9 001000010010

7 001010010010
7 001010010010
7 001010010010
7 001010010010
7 001010010010
7 001010010010
7 001010010010
7 001010010010
7 001010010010
7 001010010010
7 001010010010
7 001010010010
7 001010010010
7 001010010010
7 001010010010
7 001010010010

12 001000010010
12 001000010010
12 001000010010
12 001000010010
12 001000010010
12 001000010010
12 001000010010
12 001000010010
12 001000010010
12 001000010010
12 001000010010
12 001000010010
12 001000010010
12 001000010010
12 001000010010
12 001000010010

12 001010010010
12 001010010010
12 001010010010
12 001010010010
12 001010010010
12 001010010010
12 001010010010
12 001010010010
12 001010010010
12 001010010010
12 001010010010
12 001010010010
12 001010010010
12 001010010010
12 001010010010
12 001010010010

12 100100010000
12 100100010000
12 100100010000
12 100100010000
0 100100010000
0 100100010000
0 100100010000
0 100100010000
0 100100010000
0 100100010000
2 100100010000
2 100100010000
2 100100010000
2 100100010000
3 100100010000
3 100100010000

12 100001000100
12 100001000100
2 100001000100
2 100001000100
2 100001000100
2 100001000100
0 100001000100
0 100001000100
0 100001000100
0 100001000100
3 100001000100
3 100001000100
3 100001000100
3 100001000100
2 100001000100
2 100001000100

12 001000010010
12 001000010010
0 001000010010
0 001000010010
0 001000010010
0 001000010010
10 001000010010
10 001000010010
10 001000010010
10 001000010010
9 001000010010
9 001000010010
9 001000010010
9 001000010010
10 001000010010
10 001000010010

12 001010010010
12 001010010010
12 001010010010
12 001010010010
12 001010010010
12 001010010010
12 001010010010
12 001010010010
9 001010010010
9 001010010010
9 001010010010
9 001010010010
9 001010010010
9 001010010010
9 001010010010
9 001010010010

7 001000010010
7 001000010010
7 001000010010
7 001000010010
7 001000010010
7 001000010010
7 001000010010
7 001000010010
7 001000010010
7 001000010010
7 001000010010
7 001000010010
2 001000010010
2 001000010010
2 001000010010
2 001000010010

4 001001000100
4 001001000100
4 001001000100
4 001001000100
4 001001000100
4 001001000100
4 001001000100
4 001001000100
4 001001000100
4 001001000100
4 001001000100
4 001001000100
4 001001000100
4 001001000100
4 001001000100
4 001001000100

12 001010001001
12 001010001001
12 001010001001
12 001010001001
12 001010001001
12 001010001001
12 001010001001
12 001010001001
12 001010001001
12 001010001001
12 001010001001
12 001010001001
12 001010001001
12 001010001001
4 001010001001
4 001010001001

2 001000010010
2 001000010010
2 001000010010
2 001000010010
2 001000010010
2 001000010010
2 001000010010
2 001000010010
2 001000010010
2 001000010010
2 001000010010
2 001000010010
2 001000010010
2 001000010010
2 001000010010
2 001000010010

4 001001000100
4 001001000100
4 001001000100
4 001001000100
4 001001000100
4 001001000100
4 001001000100
4 001001000100
4 001001000100
4 001001000100
4 001001000100
4 001001000100
4 001001000100
4 001001000100
4 001001000100
4 001001000100

12 001010001001
12 001010001001
12 001010001001
12 001010001001
12 001010001001
12 001010001001
12 001010001001
12 001010001001
12 001010001001
12 001010001001
12 001010001001
12 001010001001
12 001010001001
12 001010001001
12 001010001001
12 001010001001

12 001010001001
12 001010001001
12 001010001001
12 001010001001
12 001010001001
12 001010001001
12 001010001001
12 001010001001
12 001010001001
12 001010001001
12 001010001001
12 001010001001
12 001010001001
12 001010001001
12 001010001001
12 001010001001

12 100010000100
12 100010000100
12 100010000100
12 100010000100
12 100010000100
12 100010000100
12 100010000100
12 100010000100
12 100100001000
12 100100001000
12 100100001000
12 100100001000
12 100100001000
12 100100001000
12 100100001000
12 100100001000

12 100010000100
12 100010000100
12 100010000100
12 100010000100
12 100010000100
12 100010000100
12 100010000100
12 100010000100
12 100100001000
12 100100001000
12 100100001000
12 100100001000
12 100100001000
12 100100001000
12 100100001000
12 100100001000

12 100010000100
12 100010000100
12 100010000100
12 100010000100
12 100010000100
12 100010000100
12 100010000100
12 100010000100
12 100100001000
12 100100001000
12 100100001000
12 100100001000
12 100100001000
12 100100001000
12 100100001000
12 100100001000

12 100010000100
12 100010000100
12 100010000100
12 100010000100
12 100010000100
12 100010000100
12 100010000100
12 100010000100
12 100100001000
12 100100001000
12 100100001000
12 100100001000
12 100100001000
12 100100001000
12 100100001000
12 100100001000

12 100010010000
12 100010010000
12 100010010000
12 100010010000
12 100010010000
12 100010010000
12 100010010000
12 100010010000
12 100010010000
12 100010010000
12 100100001000
12 100100001000
12 100100001000
12 100100001000
12 100100001000
12 100100001000

12 100010010000
12 100010010000
12 100010010000
12 100010010000
12 100010010000
12 100010010000
12 100010010000
12 100010010000
12 100010010000
12 100010010000
12 100100001000
12 100100001000
12 100100001000
12 100100001000
12 100100001000
12 100100001000

12 100010010000
12 100010010000
12 100010010000
12 100010010000
12 100010010000
12 100010010000
12 100010010000
12 100010010000
12 100010010000
12 100010010000
12 100100001000
12 100100001000
12 100100001000
12 100100001000
12 100100001000
12 100100001000

12 100010010000
12 100010010000
12 100010010000
12 100010010000
12 100010010000
12 100010010000
12 100010010000
12 100010010000
12 100010010000
12 100010010000
12 100010010000
12 100010010000
5 100010010000
5 100010010000
5 100010010000
5 100010010000

7 100010000100
7 100010000100
9 100010000100
9 100010000100
0 100010000100
9 100010000100
9 100010000100
8 100010000100
8 100100001000
8 100100001000
8 100100001000
8 100100001000
0 100100001000
0 100100001000
2 100100001000
2 100100001000

12 100010000100
12 100010000100
12 100010000100
12 100010000100
12 100010000100
12 100010000100
12 100010000100
12 100010000100
12 100100001000
12 100100001000
12 100100001000
12 100100001000
12 100100001000
12 100100001000
12 100100001000
12 100100001000

9 100010000100
9 100010000100
9 100010000100
9 100010000100
0 100010000100
9 100010000100
9 100010000100
8 100010000100
8 100100001000
8 100100001000
8 100100001000
8 100100001000
0 100100001000
0 100100001000
2 100100001000
2 100100001000

12 100010000100
12 100010000100
12 100010000100
12 100010000100
12 100010000100
12 100010000100
12 100010000100
12 100010000100
12 100100001000
12 100100001000
12 100100001000
12 100100001000
12 100100001000
12 100100001000
12 100100001000
12 100100001000

12 100010010000
12 100010010000
12 100010010000
12 100010010000
12 100010010000
12 100010010000
12 100010010000
12 100010010000
12 100010010000
12 100010010000
12 100100001000
12 100100001000
12 100100001000
12 100100001000
12 100100001000
12 100100001000

12 100010010000
12 100010010000
12 100010010000
12 100010010000
12 100010010000
12 100010010000
12 100010010000
12 100010010000
12 100010010000
12 100010010000
12 100100001000
12 100100001000
12 100100001000
12 100100001000
12 100100001000
12 100100001000

12 100010010000
12 100010010000
12 100010010000
12 100010010000
12 100010010000
12 100010010000
12 100010010000
12 100010010000
12 100010010000
12 100010010000
12 100100001000
12 100100001000
12 100100001000
12 100100001000
12 100100001000
12 100100001000

12 100010010000
12 100010010000
12 100010010000
12 100010010000
12 100010010000
12 100010010000
12 100010010000
12 100010010000
12 100010010000
12 100010010000
12 100010010000
12 100010010000
12 100010010000
12 100010010000
12 100010010000
12 100010010000

5 100010000100
4 100010000100
2 100010000100
4 100010000100
4 100010000100
2 100010000100
2 100010000100
2 100010000100
4 100100001000
2 100100001000
2 100100001000
2 100100001000
2 100100001000
2 100100001000
2 100100001000
2 100100001000

0 100010000100
0 100010000100
2 100010000100
2 100010000100
2 100010000100
2 100010000100
2 100010000100
3 100010000100
3 100100001000
0 100100001000
0 100100001000
0 100100001000
0 100100001000
0 100100001000
0 100100001000
0 100100001000

2 001001000100
2 001001000100
2 001001000100
3 001001000100
3 001001000100
3 001001000100
3 001001000100
4 001001000100
4 001001000100
3 001001000100
3 001001000100
3 001001000100
3 001001000100
3 001001000100
3 001001000100
3 001001000100

3 100010000100
3 100010000100
3 100010000100
3 100010000100
3 100010000100
3 100010000100
3 100010000100
3 100010000100
3 100100001000
3 100100001000
3 100100001000
3 100100001000
3 100100001000
3 100100001000
3 100100001000
3 100100001000

12 100010010000
12 100010010000
0 100010010000
0 100010010000
0 100010010000
0 100010010000
0 100010010000
0 100010010000
0 100010010000
0 100010010000
0 100100001000
0 100100001000
0 100100001000
0 100100001000
0 100100001000
0 100100001000

12 100010010000
12 100010010000
12 100010010000
12 100010010000
12 100010010000
12 100010010000
12 100010010000
12 100010010000
12 100010010000
12 100010010000
12 100100001000
12 100100001000
12 100100001000
12 100100001000
12 100100001000
12 100100001000

0 100010010000
0 100010010000
0 100010010000
0 100010010000
0 100010010000
0 100010010000
0 100010010000
0 100010010000
0 100010010000
0 100010010000
0 100100001000
0 100100001000
0 100100001000
0 100100001000
0 100100001000
0 100100001000

12 100010010000
12 100010010000
12 100010010000
12 100010010000
12 100010010000
12 100010010000
12 100010010000
12 100010010000
12 100010010000
12 100010010000
12 100010010000
12 100010010000
12 100010010000
12 100010010000
12 100010010000
12 100010010000

12 100010000100
12 100010000100
12 100010000100
12 100010000100
12 100010000100
12 100010000100
12 100010000100
12 100010000100
12 100100001000
12 100100001000
12 100100001000
12 100100001000
12 100100001000
12 100100001000
12 100100001000
12 100100001000

12 100010000100
12 100010000100
12 100010000100
12 100010000100
12 100010000100
12 100010000100
12 100010000100
12 100010000100
12 100100001000
12 100100001000
12 100100001000
12 100100001000
12 100100001000
12 100100001000
12 100100001000
12 100100001000

12 100010000100
12 100010000100
12 100010000100
12 100010000100
12 100010000100
12 100010000100
12 100010000100
12 100010000100
12 100100001000
12 100100001000
12 100100001000
12 100100001000
12 100100001000
12 100100001000
12 100100001000
12 100100001000

12 100010000100
12 100010000100
12 100010000100
12 100010000100
12 100010000100
12 100010000100
12 100010000100
12 100010000100
12 100100001000
12 100100001000
12 100100001000
12 100100001000
12 100100001000
12 100100001000
12 100100001000
12 100100001000

12 100010010000
12 100010010000
12 100010010000
12 100010010000
12 100010010000
12 100010010000
12 100010010000
12 100010010000
12 100010010000
12 100010010000
12 100100001000
12 100100001000
12 100100001000
12 100100001000
12 100100001000
12 100100001000

12 100010010000
12 100010010000
12 100010010000
12 100010010000
12 100010010000
12 100010010000
12 100010010000
12 100010010000
12 100010010000
12 100010010000
12 100100001000
12 100100001000
12 100100001000
12 100100001000
12 100100001000
12 100100001000

12 100010010000
12 100010010000
12 100010010000
12 100010010000
12 100010010000
12 100010010000
12 100010010000
12 100010010000
12 100010010000
12 100010010000
12 100100001000
12 100100001000
12 100100001000
12 100100001000
12 100100001000
12 100100001000

12 100010010000
12 100010010000
12 100010010000
12 100010010000
12 100010010000
12 100010010000
12 100010010000
12 100010010000
12 100010010000
12 100010010000
12 100010010000
12 100010010000
12 100010010000
12 100010010000
12 100010010000
12 100010010000

12 100001000100
12 100001000100
12 100001000100
12 100001000100
12 100001000100
12 100001000100
12 100001000100
12 100001000100
12 100001000100
12 100001000100
12 100001000100
12 100001000100
12 100001000100
12 100001000100
12 100001000100
12 100001000100

12 100100010000
12 100100010000
12 100100010000
12 100100010000
12 100100010000
12 100100010000
12 100100010000
12 100100010000
12 001000010001
12 001000010001
12 001000010001
12 001000010001
12 001000010001
12 001000010001
12 001000010001
12 001000010001

12 001000010010
12 001000010010
12 001000010010
12 001000010010
12 001000010010
12 001000010010
12 001000010010
12 001000010010
12 010010000100
12 010010000100
12 010010000100
12 010010000100
12 010010000100
12 010010000100
12 010010000100
12 010010000100

12 001001000100
12 001001000100
12 001001000100
12 001001000100
12 001001000100
12 001001000100
12 001001000100
12 001001000100
12 010010000100
12 010010000100
12 010010000100
12 010010000100
12 010010000100
12 010010000100
12 010010000100
12 010010000100

12 001001000100
12 001001000100
12 001001000100
12 001001000100
12 001001000100
12 001001000100
12 001001000100
12 001001000100
12 100010000100
12 100010000100
12 100010000100
12 100010000100
12 100010000100
12 100010000100
12 100010000100
12 100010000100

12 001001000010
12 001001000010
12 001001000010
12 001001000010
12 001001000010
12 001001000010
12 001001000010
12 001001000010
12 100001000100
12 100001000100
12 100001000100
12 100001000100
12 100001000100
12 100001000100
12 100001000100
12 100001000100

12 001000010010
12 001000010010
12 001000010010
12 001000010010
12 001000010010
12 001000010010
12 001000010010
12 001000010010
12 100001000100
12 100001000100
12 100001000100
12 100001000100
12 100001000100
12 100001000100
12 100001000100
12 100001000100

12 000010001001
12 000010001001
12 000010001001
12 000010001001
12 000010001001
12 000010001001
12 000010001001
12 000010001001
12 000010001001
12 000010001001
12 000010001001
12 000010001001
12 000010001001
12 000010001001
12 000010001001
12 000010001001

12 010010000100
12 010010000100
12 010010000100
12 010010000100
12 010010000100
12 010010000100
12 010010000100
12 010010000100
12 010010000100
12 010010000100
12 010010000100
12 010010000100
12 010010000100
12 010010000100
12 010010000100
12 010010000100

3 100100010000
3 100100010000
3 100100010000
3 100100010000
3 100100010000
3 100100010000
3 100100010000
3 100100010000
2 001000010001
2 001000010001
2 001000010001
2 001000010001
2 001000010001
2 001000010001
2 001000010001
2 001000010001

12 001000010010
12 001000010010
12 001000010010
12 001000010010
2 001000010010
2 001000010010
2 001000010010
2 001000010010
1 010010000100
1 010010000100
1 010010000100
1 010010000100
1 010010000100
2 010010000100
2 010010000100
4 010010000100

5 001001000100
5 001001000100
5 001001000100
5 001001000100
5 001001000100
5 001001000100
5 001001000100
5 001001000100
4 010010000100
4 010010000100
4 010010000100
4 010010000100
4 010010000100
4 010010000100
4 010010000100
4 010010000100

12 001001000100
12 001001000100
2 001001000100
2 001001000100
2 001001000100
2 001001000100
2 001001000100
2 001001000100
2 100010000100
2 100010000100
2 100010000100
2 100010000100
2 100010000100
2 100010000100
2 100010000100
2 100010000100

12 001001000010
12 001001000010
12 001001000010
12 001001000010
2 001001000010
2 001001000010
2 001001000010
4 001001000010
5 100001000100
5 100001000100
5 100001000100
5 100001000100
0 100001000100
0 100001000100
0 100001000100
0 100001000100

12 001000010010
12 001000010010
12 001000010010
12 001000010010
2 001000010010
2 001000010010
2 001000010010
4 001000010010
5 100001000100
5 100001000100
5 100001000100
5 100001000100
0 100001000100
0 100001000100
0 100001000100
0 100001000100

11 000010001001
11 000010001001
4 000010001001
4 000010001001
4 000010001001
4 000010001001
5 000010001001
5 000010001001
4 000010001001
4 000010001001
4 000010001001
4 000010001001
4 000010001001
4 000010001001
4 000010001001
4 000010001001

9 010010000100
9 010010000100
4 010010000100
4 010010000100
4 010010000100
4 010010000100
5 010010000100
5 010010000100
4 010010000100
4 010010000100
4 010010000100
4 010010000100
4 010010000100
4 010010000100
4 010010000100
4 010010000100

3 100100010000
3 100100010000
3 100100010000
3 100100010000
3 100100010000
3 100100010000
3 100100010000
3 100100010000
2 001000010001
2 001000010001
2 001000010001
2 001000010001
2 001000010001
2 001000010001
2 001000010001
2 001000010001

12 001000010010
12 001000010010
12 001000010010
12 001000010010
2 001000010010
2 001000010010
2 001000010010
2 001000010010
1 010010000100
1 010010000100
1 010010000100
1 010010000100
1 010010000100
2 010010000100
2 010010000100
4 010010000100

5 001001000100
5 001001000100
5 001001000100
5 001001000100
5 001001000100
5 001001000100
5 001001000100
5 001001000100
7 010010000100
7 010010000100
7 010010000100
7 010010000100
7 010010000100
7 010010000100
5 010010000100
5 010010000100

12 001001000100
5 001001000100
5 001001000100
5 001001000100
5 001001000100
5 001001000100
5 001001000100
5 001001000100
4 100010000100
4 100010000100
4 100010000100
4 100010000100
2 100010000100
2 100010000100
2 100010000100
2 100010000100

12 001001000010
12 001001000010
12 001001000010
12 001001000010
2 001001000010
2 001001000010
2 001001000010
4 001001000010
5 100001000100
5 100001000100
5 100001000100
5 100001000100
0 100001000100
0 100001000100
0 100001000100
0 100001000100

12 001000010010
12 001000010010
12 001000010010
12 001000010010
2 001000010010
2 001000010010
2 001000010010
4 001000010010
5 100001000100
5 100001000100
5 100001000100
5 100001000100
0 100001000100
0 100001000100
0 100001000100
0 100001000100

11 000010001001
11 000010001001
4 000010001001
4 000010001001
4 000010001001
4 000010001001
5 000010001001
5 000010001001
4 000010001001
4 000010001001
4 000010001001
4 000010001001
4 000010001001
4 000010001001
4 000010001001
4 000010001001

9 010010000100
9 010010000100
4 010010000100
4 010010000100
4 010010000100
4 010010000100
5 010010000100
5 010010000100
5 010010000100
5 010010000100
4 010010000100
4 010010000100
4 010010000100
4 010010000100
4 010010000100
4 010010000100

12 100100010000
12 100100010000
3 100100010000
3 100100010000
7 100100010000
7 100100010000
3 100100010000
3 100100010000
3 001000010001
3 001000010001
2 001000010001
2 001000010001
7 001000010001
7 001000010001
2 001000010001
2 001000010001

12 001000010010
12 001000010010
2 001000010010
2 001000010010
5 001000010010
5 001000010010
2 001000010010
2 001000010010
2 010010000100
2 010010000100
1 010010000100
1 010010000100
4 010010000100
4 010010000100
1 010010000100
1 010010000100

12 001001000100
12 001001000100
2 001001000100
2 001001000100
5 001001000100
5 001001000100
2 001001000100
2 001001000100
2 010010000100
2 010010000100
1 010010000100
1 010010000100
4 010010000100
4 010010000100
1 010010000100
1 010010000100

12 001001000100
12 001001000100
2 001001000100
2 001001000100
5 001001000100
5 001001000100
2 001001000100
2 001001000100
5 100010000100
5 100010000100
4 100010000100
4 100010000100
2 100010000100
2 100010000100
1 100010000100
1 100010000100

12 001001000010
12 001001000010
2 001001000010
2 001001000010
5 001001000010
5 001001000010
2 001001000010
2 001001000010
2 100001000100
2 100001000100
0 100001000100
0 100001000100
4 100001000100
4 100001000100
0 100001000100
0 100001000100

12 001000010010
12 001000010010
10 001000010010
10 001000010010
2 001000010010
2 001000010010
10 001000010010
10 001000010010
10 100001000100
10 100001000100
9 100001000100
9 100001000100
0 100001000100
0 100001000100
9 100001000100
9 100001000100

12 000010001001
12 000010001001
8 000010001001
8 000010001001
11 000010001001
11 000010001001
8 000010001001
8 000010001001
9 000010001001
9 000010001001
9 000010001001
9 000010001001
11 000010001001
11 000010001001
11 000010001001
11 000010001001

12 000010001001
12 000010001001
8 000010001001
8 000010001001
11 000010001001
11 000010001001
8 000010001001
8 000010001001
9 000010001001
9 000010001001
9 000010001001
9 000010001001
11 000010001001
11 000010001001
11 000010001001
11 000010001001

9 100010000100
9 100010000100
9 100010000100
9 100010000100
9 100010000100
9 100010000100
9 100010000100
9 100010000100
9 100100001000
9 100100001000
9 100100001000
9 100100001000
9 100100001000
9 100100001000
9 100100001000
9 100100001000

12 100010000100
12 100010000100
12 100010000100
12 100010000100
12 100010000100
12 100010000100
12 100010000100
12 100010000100
12 100100001000
12 100100001000
12 100100001000
12 100100001000
12 100100001000
12 100100001000
12 100100001000
12 100100001000

12 001001000100
12 001001000100
12 001001000100
12 001001000100
12 001001000100
12 001001000100
12 001001000100
12 001001000100
12 001001000100
12 001001000100
12 001001000100
12 001001000100
12 001001000100
12 001001000100
12 001001000100
12 001001000100

12 100010000100
12 100010000100
12 100010000100
12 100010000100
12 100010000100
12 100010000100
12 100010000100
12 100010000100
12 100100001000
12 100100001000
12 100100001000
12 100100001000
12 100100001000
12 100100001000
12 100100001000
12 100100001000

12 100010010000
12 100010010000
12 100010010000
12 100010010000
12 100010010000
12 100010010000
12 100010010000
12 100010010000
12 100010010000
12 100010010000
12 100100001000
12 100100001000
12 100100001000
12 100100001000
12 100100001000
12 100100001000

12 100010010000
12 100010010000
12 100010010000
12 100010010000
12 100010010000
12 100010010000
12 100010010000
12 100010010000
12 100010010000
12 100010010000
12 100100001000
12 100100001000
12 100100001000
12 100100001000
12 100100001000
12 100100001000

12 100010010000
12 100010010000
12 100010010000
12 100010010000
12 100010010000
12 100010010000
12 100010010000
12 100010010000
12 100010010000
12 100010010000
12 100100001000
12 100100001000
12 100100001000
12 100100001000
12 100100001000
12 100100001000

12 100010010000
12 100010010000
12 100010010000
12 100010010000
12 100010010000
12 100010010000
12 100010010000
12 100010010000
12 100010010000
12 100010010000
12 100010010000
12 100010010000
12 100010010000
12 100010010000
12 100010010000
12 100010010000

12 100010000100
12 100010000100
12 100010000100
12 100010000100
12 100010000100
12 100010000100
12 100010000100
12 100010000100
12 100100001000
12 100100001000
12 100100001000
12 100100001000
12 100100001000
12 100100001000
12 100100001000
12 100100001000

12 100010000100
12 100010000100
12 100010000100
12 100010000100
12 100010000100
12 100010000100
12 100010000100
12 100010000100
12 100100001000
12 100100001000
12 100100001000
12 100100001000
12 100100001000
12 100100001000
12 100100001000
12 100100001000

12 100010000100
12 100010000100
12 100010000100
12 100010000100
12 100010000100
12 100010000100
12 100010000100
12 100010000100
12 100100001000
12 100100001000
12 100100001000
12 100100001000
12 100100001000
12 100100001000
12 100100001000
12 100100001000

12 100010000100
12 100010000100
12 100010000100
12 100010000100
12 100010000100
12 100010000100
12 100010000100
12 100010000100
12 100100001000
12 100100001000
12 100100001000
12 100100001000
12 100100001000
12 100100001000
12 100100001000
12 100100001000

12 100010010000
12 100010010000
12 100010010000
12 100010010000
12 100010010000
12 100010010000
12 100010010000
12 100010010000
12 100010010000
12 100010010000
12 100100001000
12 100100001000
12 100100001000
12 100100001000
12 100100001000
12 100100001000

12 100010010000
12 100010010000
12 100010010000
12 100010010000
12 100010010000
12 100010010000
12 100010010000
12 100010010000
12 100010010000
12 100010010000
12 100100001000
12 100100001000
12 100100001000
12 100100001000
12 100100001000
12 100100001000

12 100010010000
12 100010010000
12 100010010000
12 100010010000
12 100010010000
12 100010010000
12 100010010000
12 100010010000
12 100010010000
12 100010010000
12 100100001000
12 100100001000
12 100100001000
12 100100001000
12 100100001000
12 100100001000

12 100010010000
12 100010010000
12 100010010000
12 100010010000
12 100010010000
12 100010010000
12 100010010000
12 100010010000
12 100010010000
12 100010010000
12 100010010000
12 100010010000
12 100010010000
12 100010010000
12 100010010000
12 100010010000

