12 010001001000
12 010001001000
12 010001001000
12 010001001000
12 010001001000
12 010001001000
12 010001001000
12 010001001000
12 010001000010
12 010001000010
12 010001000010
12 010001000010
12 010001000010
12 010001000010
12 010001000010
12 010001000010

12 110100101010
12 110100101010
12 110100101010
12 110100101010
12 110100101010
12 110100101010
12 110100101010
12 110100101010
12 010001001000
12 010001001000
12 010001001000
12 010001001000
12 010001001000
12 010001001000
12 010001001000
12 010001001000

12 010001001000
12 010001001000
12 010001001000
12 010001001000
12 010001001000
12 010001001000
12 010001001000
12 010001001000
12 010001000010
12 010001000010
12 010001000010
12 010001000010
12 010001000010
12 010001000010
12 010001000010
12 010001000010

12 110100101010
12 110100101010
12 110100101010
12 110100101010
12 110100101010
12 110100101010
12 110100101010
12 110100101010
12 010001001000
12 010001001000
12 010001001000
12 010001001000
12 010001001000
12 010001001000
12 010001001000
12 010001001000

12 010001001000
12 010001001000
12 010001001000
12 010001001000
12 010001001000
12 010001001000
5 010001001000
6 010001001000
6 010001000010
5 010001000010
1 010001000010
1 010001000010
10 010001000010
10 010001000010
8 010001000010
10 010001000010

1 110100101010
1 110100101010
1 110100101010
1 110100101010
10 110100101010
10 110100101010
3 110100101010
3 110100101010
3 010001001000
3 010001001000
5 010001001000
5 010001001000
5 010001001000
5 010001001000
5 010001001000
5 010001001000

12 010001001000
12 010001001000
8 010001001000
5 010001001000
5 010001001000
6 010001001000
6 010001001000
5 010001001000
3 010001000010
3 010001000010
1 010001000010
1 010001000010
10 010001000010
10 010001000010
8 010001000010
10 010001000010

1 110100101010
1 110100101010
1 110100101010
1 110100101010
1 110100101010
1 110100101010
10 110100101010
10 110100101010
10 010001001000
10 010001001000
10 010001001000
10 010001001000
10 010001001000
10 010001001000
10 010001001000
10 010001001000

12 010001001000
12 010001001000
12 010001001000
12 010001001000
1 010001001000
3 010001001000
5 010001001000
8 010001001000
8 010001000010
5 010001000010
5 010001000010
5 010001000010
5 010001000010
8 010001000010
8 010001000010
10 010001000010

1 110100101010
1 110100101010
1 110100101010
1 110100101010
10 110100101010
10 110100101010
3 110100101010
3 110100101010
3 010001001000
3 010001001000
5 010001001000
5 010001001000
5 010001001000
5 010001001000
5 010001001000
5 010001001000

10 100001001000
10 100001001000
8 100001001000
8 100001001000
5 100001001000
5 100001001000
3 100001001000
3 100001001000
1 000100100010
8 000100100010
10 000100100010
10 000100100010
10 000100100010
8 000100100010
10 000100100010
10 000100100010

1 010100101011
1 010100101011
1 010100101011
1 010100101011
10 010100101011
10 010100101011
10 010100101011
10 010100101011
10 010001001000
10 010001001000
10 010001001000
10 010001001000
10 010001001000
10 010001001000
10 010001001000
10 010001001000

12 010001001000
12 010001001000
12 010001001000
12 010001001000
12 010001001000
12 010001001000
12 010001001000
12 010001001000
12 010001000010
12 010001000010
12 010001000010
12 010001000010
12 010001000010
12 010001000010
12 010001000010
12 010001000010

12 110100101010
12 110100101010
12 110100101010
12 110100101010
12 110100101010
12 110100101010
12 110100101010
12 110100101010
12 010001001000
12 010001001000
12 010001001000
12 010001001000
12 010001001000
12 010001001000
12 010001001000
12 010001001000

12 010001001000
12 010001001000
12 010001001000
12 010001001000
12 010001001000
8 010001001000
5 010001001000
6 010001001000
6 010001000010
5 010001000010
1 010001000010
1 010001000010
10 010001000010
10 010001000010
8 010001000010
10 010001000010

1 110100101010
1 110100101010
1 110100101010
1 110100101010
10 110100101010
10 110100101010
3 110100101010
3 110100101010
3 010001001000
3 010001001000
5 010001001000
5 010001001000
5 010001001000
5 010001001000
5 010001001000
5 010001001000

12 010001001000
12 010001001000
12 010001001000
12 010001001000
12 010001001000
5 010001001000
6 010001001000
5 010001001000
5 010001000010
3 010001000010
3 010001000010
1 010001000010
10 010001000010
8 010001000010
8 010001000010
8 010001000010

1 110100101010
1 110100101010
1 110100101010
1 110100101010
10 110100101010
10 110100101010
10 110100101010
10 110100101010
10 010001001000
10 010001001000
10 010001001000
10 010001001000
10 010001001000
10 010001001000
10 010001001000
10 010001001000

12 010001001000
12 010001001000
12 010001001000
12 010001001000
12 010001001000
5 010001001000
5 010001001000
6 010001001000
6 010001000010
5 010001000010
1 010001000010
1 010001000010
1 010001000010
8 010001000010
8 010001000010
10 010001000010

1 110100101010
1 110100101010
1 110100101010
1 110100101010
10 110100101010
10 110100101010
3 110100101010
3 110100101010
3 010001001000
5 010001001000
5 010001001000
5 010001001000
5 010001001000
5 010001001000
5 010001001000
5 010001001000

10 100001001000
5 100001001000
5 100001001000
8 100001001000
8 100001001000
5 100001001000
3 100001001000
3 100001001000
1 000100100010
1 000100100010
10 000100100010
10 000100100010
10 000100100010
10 000100100010
10 000100100010
8 000100100010

10 010100101011
1 010100101011
1 010100101011
1 010100101011
10 010100101011
10 010100101011
10 010100101011
10 010100101011
10 010001001000
10 010001001000
10 010001001000
10 010001001000
10 010001001000
10 010001001000
10 010001001000
10 010001001000

12 010001001000
12 010001001000
12 010001001000
12 010001001000
12 010001001000
12 010001001000
12 010001001000
12 010001001000
12 010001000010
12 010001000010
12 010001000010
12 010001000010
12 010001000010
12 010001000010
12 010001000010
12 010001000010

12 110100101010
12 110100101010
12 110100101010
12 110100101010
12 110100101010
12 110100101010
12 110100101010
12 110100101010
12 010001001000
12 010001001000
12 010001001000
12 010001001000
12 010001001000
12 010001001000
12 010001001000
12 010001001000

12 001000100100
12 001000100100
12 001000100100
12 001000100100
12 001000100100
12 001000100100
12 001000100100
12 001000100100
12 001000100001
12 001000100001
12 001000100001
12 001000100001
12 001000100001
12 001000100001
12 001000100001
12 001000100001

12 011010010101
12 011010010101
12 011010010101
12 011010010101
12 011010010101
12 011010010101
12 011010010101
12 011010010101
12 001000100100
12 001000100100
12 001000100100
12 001000100100
12 001000100100
12 001000100100
12 001000100100
12 001000100100

12 001000100100
12 001000100100
12 001000100100
12 001000100100
12 001000100100
6 001000100100
6 001000100100
7 001000100100
6 001000100001
6 001000100001
4 001000100001
4 001000100001
2 001000100001
2 001000100001
11 001000100001
11 001000100001

12 011010010101
12 011010010101
12 011010010101
12 011010010101
9 011010010101
11 011010010101
4 011010010101
4 011010010101
11 001000100100
11 001000100100
4 001000100100
4 001000100100
6 001000100100
6 001000100100
6 001000100100
6 001000100100

12 001000100100
12 001000100100
12 001000100100
12 001000100100
2 001000100100
4 001000100100
6 001000100100
9 001000100100
9 001000100001
9 001000100001
6 001000100001
6 001000100001
4 001000100001
4 001000100001
9 001000100001
11 001000100001

2 011010010101
2 011010010101
2 011010010101
2 011010010101
11 011010010101
11 011010010101
11 011010010101
11 011010010101
11 001000100100
11 001000100100
4 001000100100
4 001000100100
11 001000100100
9 001000100100
9 001000100100
9 001000100100

12 001000100100
12 001000100100
12 001000100100
12 001000100100
12 001000100100
9 001000100100
9 001000100100
6 001000100100
7 001000100001
6 001000100001
4 001000100001
2 001000100001
2 001000100001
11 001000100001
11 001000100001
11 001000100001

12 011010010101
12 011010010101
12 011010010101
12 011010010101
9 011010010101
11 011010010101
2 011010010101
2 011010010101
4 001000100100
4 001000100100
6 001000100100
6 001000100100
6 001000100100
6 001000100100
6 001000100100
9 001000100100

11 010000100100
11 010000100100
9 010000100100
9 010000100100
6 010000100100
6 010000100100
4 010000100100
4 010000100100
2 000010010001
2 000010010001
11 000010010001
11 000010010001
11 000010010001
9 000010010001
9 000010010001
11 000010010001

2 101010010101
2 101010010101
2 101010010101
2 101010010101
11 101010010101
11 101010010101
11 101010010101
11 101010010101
11 001000100100
11 001000100100
11 001000100100
11 001000100100
11 001000100100
11 001000100100
9 001000100100
9 001000100100

6 001000100100
6 001000100100
7 001000100100
7 001000100100
6 001000100100
6 001000100100
4 001000100100
2 001000100100
2 001000100001
11 001000100001
11 001000100001
11 001000100001
11 001000100001
11 001000100001
9 001000100001
11 001000100001

2 011010010101
2 011010010101
2 011010010101
2 011010010101
11 011010010101
11 011010010101
4 011010010101
4 011010010101
4 001000100100
6 001000100100
6 001000100100
6 001000100100
6 001000100100
6 001000100100
6 001000100100
6 001000100100

6 001000100100
6 001000100100
7 001000100100
7 001000100100
6 001000100100
6 001000100100
4 001000100100
2 001000100100
2 001000100001
11 001000100001
11 001000100001
11 001000100001
11 001000100001
9 001000100001
11 001000100001
11 001000100001

2 011010010101
2 011010010101
2 011010010101
2 011010010101
2 011010010101
2 011010010101
11 011010010101
11 011010010101
11 001000100100
11 001000100100
11 001000100100
11 001000100100
11 001000100100
11 001000100100
2 001000100100
4 001000100100

6 001000100100
6 001000100100
9 001000100100
9 001000100100
9 001000100100
9 001000100100
6 001000100100
6 001000100100
6 001000100001
6 001000100001
11 001000100001
11 001000100001
9 001000100001
9 001000100001
11 001000100001
11 001000100001

2 011010010101
2 011010010101
2 011010010101
2 011010010101
11 011010010101
11 011010010101
4 011010010101
4 011010010101
4 001000100100
6 001000100100
6 001000100100
6 001000100100
6 001000100100
6 001000100100
6 001000100100
6 001000100100

11 010000100100
11 010000100100
9 010000100100
9 010000100100
6 010000100100
6 010000100100
4 010000100100
4 010000100100
2 000010010001
9 000010010001
11 000010010001
11 000010010001
11 000010010001
9 000010010001
11 000010010001
11 000010010001

2 101010010101
2 101010010101
2 101010010101
2 101010010101
2 101010010101
2 101010010101
2 101010010101
2 101010010101
2 001000100100
2 001000100100
2 001000100100
2 001000100100
2 001000100100
2 001000100100
2 001000100100
2 001000100100

12 001000100100
12 001000100100
12 001000100100
12 001000100100
12 001000100100
12 001000100100
12 001000100100
12 001000100100
12 001000100001
12 001000100001
12 001000100001
12 001000100001
12 001000100001
12 001000100001
12 001000100001
12 001000100001

12 011010010101
12 011010010101
12 011010010101
12 011010010101
12 011010010101
12 011010010101
12 011010010101
12 011010010101
12 001000100100
12 001000100100
12 001000100100
12 001000100100
12 001000100100
12 001000100100
12 001000100100
12 001000100100

