10 000000000000
10 000000000000
10 000000000000
10 000000000000
10 000000000000
10 000000000000
10 000000000000
7 000000000000
5 000000000000
2 000000000000
0 000000000000
0 000000000000
5 000000000000
5 000000000000
2 000000000000
0 000000000000

5 100001000100
5 100001000100
5 100001000100
2 100001000100
0 100001000100
0 100001000100
0 100001000100
0 100001000100
0 001001000010
0 001001000010
0 001001000010
0 001001000010
0 100010010000
0 100010010000
0 100010010000
10 100010010000

12 100001000100
12 100001000100
12 100001000100
12 100001000100
12 100001000100
12 100001000100
12 100001000100
10 100001000100
8 100010010000
7 100010010000
5 100010010000
3 100010010000
0 100010010000
0 100010010000
0 100010010000
5 100010010000

12 100001000100
12 100001000100
12 100001000100
12 100001000100
3 100001000100
3 100001000100
0 100001000100
0 100001000100
0 001001000010
0 001001000010
0 001001000010
0 001001000010
0 100010010000
0 100010010000
0 100010010000
0 100010010000

12 100001000100
12 100001000100
12 100001000100
12 100001000100
3 100001000100
3 100001000100
5 100001000100
7 100001000100
5 100010010000
3 100010010000
0 100010010000
0 100010010000
0 100010010000
0 100010010000
7 100010010000
7 100010010000

12 100001000100
12 100001000100
12 100001000100
12 100001000100
12 100001000100
12 100001000100
8 100001000100
8 100001000100
8 001001000100
8 001001000100
8 001001000100
8 001001000100
8 001001000100
8 001001000100
10 001001000100
10 001001000100

5 001000010001
5 001000010001
5 001000010001
5 001000010001
5 001000010001
5 001000010001
8 001000010001
5 001000010001
2 100010010000
0 100010010000
0 100010010000
0 100010010000
5 100010010000
5 100010010000
2 100010010000
5 100010010000

12 100001000100
12 100001000100
8 100001000100
8 100001000100
8 100001000100
8 100001000100
8 100001000100
8 100001000100
8 001001000010
8 001001000010
8 001001000010
8 001001000010
8 100010010000
8 100010010000
8 100010010000
8 100010010000

12 100001000100
12 100001000100
12 100001000100
12 100001000100
10 100001000100
10 100001000100
10 100001000100
10 100001000100
10 100001000100
10 100001000100
10 100001000100
0 100001000100
5 100001000100
5 100001000100
2 100001000100
5 100001000100

5 100001000100
5 100001000100
5 100001000100
3 100001000100
0 100001000100
0 100001000100
0 100001000100
0 100001000100
0 001001000010
0 001001000010
0 001001000010
0 001001000010
0 100010010000
0 100010010000
0 100010010000
0 100010010000

8 100001000100
8 100001000100
8 100001000100
8 100001000100
8 100001000100
8 100001000100
8 100001000100
8 100001000100
7 100010010000
5 100010010000
2 100010010000
0 100010010000
0 100010010000
5 100010010000
2 100010010000
5 100010010000

5 100001000100
5 100001000100
5 100001000100
3 100001000100
0 100001000100
0 100001000100
0 100001000100
0 100001000100
0 001001000010
0 001001000010
0 001001000010
0 001001000010
0 100010010000
0 100010010000
0 100010010000
0 100010010000

12 100001000100
12 100001000100
12 100001000100
12 100001000100
3 100001000100
3 100001000100
5 100001000100
8 100001000100
8 100010010000
8 100010010000
8 100010010000
8 100010010000
8 100010010000
8 100010010000
7 100010010000
7 100010010000

5 100001000100
5 100001000100
2 100001000100
0 100001000100
0 100001000100
0 100001000100
0 100001000100
8 100001000100
8 001001000100
8 001001000100
8 001001000100
8 001001000100
8 001001000100
8 001001000100
9 001001000100
0 001001000100

5 001000010001
5 001000010001
5 001000010001
5 001000010001
8 001000010001
8 001000010001
8 001000010001
7 001000010001
5 100010010000
0 100010010000
0 100010010000
0 100010010000
5 100010010000
5 100010010000
2 100010010000
5 100010010000

5 100001000100
5 100001000100
2 100001000100
0 100001000100
0 100001000100
0 100001000100
0 100001000100
0 100001000100
0 001001000010
0 001001000010
0 001001000010
0 001001000010
0 100010010000
0 100010010000
0 100010010000
10 100010010000

0 100001000100
0 100001000100
0 100001000100
0 100001000100
0 100001000100
0 100001000100
0 100001000100
7 100001000100
5 100001000100
2 100001000100
0 100001000100
0 100001000100
5 100001000100
5 100001000100
2 100001000100
0 100001000100

5 100001000100
5 100001000100
2 100001000100
0 100001000100
0 100001000100
0 100001000100
5 100001000100
2 100001000100
0 001001000010
0 001001000010
0 001001000010
0 001001000010
5 100010010000
5 100010010000
2 100010010000
0 100010010000

12 100001000100
12 100001000100
12 100001000100
12 100001000100
5 100001000100
5 100001000100
2 100001000100
0 100001000100
0 100010010000
0 100010010000
0 100010010000
0 100010010000
0 100010010000
5 100010010000
2 100010010000
0 100010010000

12 100001000100
12 100001000100
12 100001000100
12 100001000100
5 100001000100
5 100001000100
2 100001000100
0 100001000100
0 001001000010
0 001001000010
0 001001000010
0 001001000010
0 100010010000
5 100010010000
2 100010010000
0 100010010000

12 100001000100
12 100001000100
12 100001000100
12 100001000100
3 100001000100
3 100001000100
5 100001000100
7 100001000100
5 100010010000
2 100010010000
0 100010010000
0 100010010000
0 100010010000
0 100010010000
7 100010010000
7 100010010000

12 100001000100
12 100001000100
12 100001000100
12 100001000100
12 100001000100
12 100001000100
8 100001000100
8 100001000100
8 001001000100
8 001001000100
8 001001000100
8 001001000100
8 001001000100
8 001001000100
9 001001000100
0 001001000100

5 001000010001
5 001000010001
5 001000010001
5 001000010001
5 001000010001
5 001000010001
7 001000010001
5 001000010001
2 100010010000
0 100010010000
0 100010010000
0 100010010000
5 100010010000
5 100010010000
2 100010010000
5 100010010000

5 100001000100
5 100001000100
8 100001000100
8 100001000100
8 100001000100
8 100001000100
8 100001000100
8 100001000100
8 001001000010
8 001001000010
8 001001000010
8 001001000010
8 100010010000
8 100010010000
8 100010010000
8 100010010000

12 100001000100
12 100001000100
3 100001000100
5 100001000100
5 100001000100
2 100001000100
5 100001000100
2 100001000100
5 100001000100
5 100001000100
5 100001000100
5 100001000100
5 100001000100
2 100001000100
0 100001000100
0 100001000100

5 100001000100
5 100001000100
2 100001000100
0 100001000100
0 100001000100
0 100001000100
8 100001000100
5 100001000100
2 001001000010
2 001001000010
2 001001000010
2 001001000010
7 100010010000
7 100010010000
5 100010010000
2 100010010000

12 100001000100
12 100001000100
12 100001000100
12 100001000100
5 100001000100
5 100001000100
2 100001000100
0 100001000100
0 100010010000
0 100010010000
0 100010010000
0 100010010000
0 100010010000
5 100010010000
2 100010010000
0 100010010000

12 100001000100
12 100001000100
12 100001000100
12 100001000100
5 100001000100
5 100001000100
2 100001000100
0 100001000100
0 001001000010
0 001001000010
0 001001000010
0 001001000010
0 100010010000
5 100010010000
2 100010010000
0 100010010000

12 100001000100
12 100001000100
12 100001000100
12 100001000100
3 100001000100
3 100001000100
5 100001000100
7 100001000100
5 100010010000
2 100010010000
0 100010010000
0 100010010000
0 100010010000
0 100010010000
7 100010010000
7 100010010000

12 100001000100
12 100001000100
12 100001000100
12 100001000100
12 100001000100
7 100001000100
7 100001000100
9 100001000100
9 001001000100
9 001001000100
9 001001000100
9 001001000100
9 001001000100
9 001001000100
9 001001000100
5 001001000100

12 001000010001
12 001000010001
12 001000010001
12 001000010001
12 001000010001
12 001000010001
8 001000010001
9 001000010001
9 100010010000
9 100010010000
9 100010010000
0 100010010000
5 100010010000
5 100010010000
3 100010010000
5 100010010000

5 100001000100
5 100001000100
8 100001000100
8 100001000100
8 100001000100
8 100001000100
8 100001000100
8 100001000100
8 001001000010
8 001001000010
8 001001000010
8 001001000010
8 100010010000
8 100010010000
8 100010010000
8 100010010000

12 100001000100
12 100001000100
12 100001000100
12 100001000100
9 100001000100
9 100001000100
7 100001000100
9 100001000100
9 100001000100
9 100001000100
9 100001000100
9 100001000100
7 100001000100
7 100001000100
5 100001000100
5 100001000100

5 100001000100
5 100001000100
5 100001000100
3 100001000100
0 100001000100
0 100001000100
0 100001000100
0 100001000100
0 001001000010
0 001001000010
0 001001000010
0 001001000010
0 100010010000
0 100010010000
0 100010010000
0 100010010000

12 100001000100
12 100001000100
12 100001000100
2 100001000100
5 100001000100
8 100001000100
9 100001000100
8 100001000100
9 100010010000
9 100010010000
9 100010010000
9 100010010000
7 100010010000
7 100010010000
7 100010010000
5 100010010000

5 100001000100
5 100001000100
3 100001000100
0 100001000100
0 100001000100
0 100001000100
0 100001000100
7 100001000100
5 001001000010
5 001001000010
7 001001000010
5 001001000010
2 100010010000
5 100010010000
5 100010010000
2 100010010000

12 100001000100
12 100001000100
12 100001000100
12 100001000100
3 100001000100
3 100001000100
5 100001000100
7 100001000100
5 100010010000
2 100010010000
0 100010010000
0 100010010000
0 100010010000
0 100010010000
7 100010010000
7 100010010000

12 100001000100
12 100001000100
12 100001000100
12 100001000100
12 100001000100
12 100001000100
12 100001000100
8 100001000100
9 001001000100
9 001001000100
9 001001000100
9 001001000100
9 001001000100
9 001001000100
8 001001000100
9 001001000100

5 001000010001
5 001000010001
5 001000010001
5 001000010001
5 001000010001
5 001000010001
7 001000010001
5 001000010001
2 100010010000
0 100010010000
0 100010010000
0 100010010000
5 100010010000
5 100010010000
3 100010010000
5 100010010000

5 100001000100
5 100001000100
8 100001000100
8 100001000100
8 100001000100
8 100001000100
8 100001000100
8 100001000100
8 001001000010
8 001001000010
8 001001000010
8 001001000010
8 100010010000
8 100010010000
8 100010010000
3 100010010000

12 100001000100
12 100001000100
12 100001000100
12 100001000100
12 100001000100
12 100001000100
12 100001000100
12 100001000100
12 100001000100
12 100001000100
12 100001000100
12 100001000100
12 100001000100
12 100001000100
12 100001000100
3 100001000100

5 100001000100
5 100001000100
8 100001000100
8 100001000100
8 100001000100
8 100001000100
8 100001000100
8 100001000100
8 001001000010
8 001001000010
8 001001000010
8 001001000010
8 100010010000
8 100010010000
8 100010010000
3 100010010000

12 100001000100
12 100001000100
12 100001000100
12 100001000100
12 100001000100
12 100001000100
12 100001000100
0 100001000100
10 100010010000
0 100010010000
0 100010010000
0 100010010000
0 100010010000
0 100010010000
3 100010010000
3 100010010000

12 100001000100
12 100001000100
12 100001000100
5 100001000100
5 100001000100
5 100001000100
3 100001000100
0 100001000100
0 001001000010
0 001001000010
0 001001000010
0 001001000010
0 100010010000
0 100010010000
0 100010010000
0 100010010000

12 100001000100
12 100001000100
12 100001000100
12 100001000100
3 100001000100
3 100001000100
5 100001000100
8 100001000100
8 100010010000
8 100010010000
8 100010010000
9 100010010000
9 100010010000
9 100010010000
9 100010010000
11 100010010000

12 100001000100
12 100001000100
0 100001000100
0 100001000100
0 100001000100
0 100001000100
8 100001000100
8 100001000100
7 001001000100
5 001001000100
5 001001000100
5 001001000100
5 001001000100
5 001001000100
5 001001000100
5 001001000100

12 001000010001
12 001000010001
12 001000010001
12 001000010001
5 001000010001
5 001000010001
2 001000010001
0 001000010001
0 100010010000
0 100010010000
0 100010010000
0 100010010000
7 100010010000
7 100010010000
7 100010010000
5 100010010000

5 100001000100
5 100001000100
3 100001000100
0 100001000100
0 100001000100
0 100001000100
0 100001000100
8 100001000100
9 001001000010
9 001001000010
9 001001000010
9 001001000010
9 100010010000
9 100010010000
10 100010010000
9 100010010000

12 100001000100
12 100001000100
12 100001000100
12 100001000100
12 100001000100
12 100001000100
12 100001000100
12 100001000100
12 100001000100
12 100001000100
12 100001000100
12 100001000100
12 100001000100
12 100001000100
12 100001000100
12 100001000100

