12 001001000010
12 001001000010
12 001001000010
12 001001000010
12 001001000010
12 001001000010
12 001001000010
12 001001000010
12 001001000010
12 001001000010
12 001001000010
12 001001000010
12 001001000010
12 001001000010
12 001001000010
12 001001000010

12 001000010010
12 001000010010
12 001000010010
12 001000010010
12 001000010010
12 001000010010
12 001000010010
12 001000010010
12 001000010010
12 001000010010
12 001000010010
12 001000010010
12 001000010010
12 001000010010
12 001000010010
12 001000010010

12 100001000100
12 100001000100
12 100001000100
12 100001000100
12 100001000100
12 100001000100
12 100001000100
12 100001000100
12 100001000100
12 100001000100
12 100001000100
12 100001000100
12 100001000100
12 100001000100
12 100001000100
12 100001000100

12 000100010010
12 000100010010
12 000100010010
12 000100010010
12 000100010010
12 000100010010
12 000100010010
12 000100010010
12 000100010010
12 000100010010
12 000100010010
12 000100010010
12 000100010010
12 000100010010
12 000100010010
12 000100010010

12 001001000010
12 001001000010
12 001001000010
12 001001000010
12 001001000010
12 001001000010
12 001001000010
12 001001000010
12 001001000010
12 001001000010
5 001001000010
0 001001000010
0 001001000010
0 001001000010
0 001001000010
0 001001000010

10 001000010010
0 001000010010
0 001000010010
0 001000010010
0 001000010010
0 001000010010
0 001000010010
0 001000010010
0 001000010010
0 001000010010
0 001000010010
0 001000010010
0 001000010010
0 001000010010
0 001000010010
0 001000010010

12 100001000100
12 100001000100
12 100001000100
12 100001000100
12 100001000100
12 100001000100
12 100001000100
12 100001000100
12 100001000100
5 100001000100
0 100001000100
0 100001000100
0 100001000100
0 100001000100
0 100001000100
0 100001000100

12 000100010010
12 000100010010
12 000100010010
12 000100010010
12 000100010010
12 000100010010
12 000100010010
12 000100010010
12 000100010010
12 000100010010
12 000100010010
12 000100010010
12 000100010010
12 000100010010
12 000100010010
12 000100010010

12 001001000010
12 001001000010
12 001001000010
12 001001000010
12 001001000010
12 001001000010
12 001001000010
12 001001000010
12 001001000010
0 001001000010
0 001001000010
0 001001000010
0 001001000010
0 001001000010
0 001001000010
0 001001000010

12 001000010010
0 001000010010
0 001000010010
0 001000010010
0 001000010010
0 001000010010
0 001000010010
0 001000010010
0 001000010010
0 001000010010
0 001000010010
0 001000010010
0 001000010010
0 001000010010
0 001000010010
0 001000010010

3 100001000100
3 100001000100
3 100001000100
3 100001000100
3 100001000100
3 100001000100
3 100001000100
3 100001000100
3 100001000100
3 100001000100
3 100001000100
3 100001000100
3 100001000100
3 100001000100
3 100001000100
3 100001000100

3 100001000100
3 100001000100
3 100001000100
3 100001000100
3 100001000100
3 100001000100
3 100001000100
3 100001000100
2 100001000100
2 100001000100
2 100001000100
2 100001000100
0 100001000100
0 100001000100
10 100001000100
10 100001000100

10 001001000010
10 001001000010
10 001001000010
10 001001000010
10 001001000010
10 001001000010
0 001001000010
10 001001000010
2 001001000010
2 001001000010
2 001001000010
2 001001000010
2 001001000010
0 001001000010
10 001001000010
10 001001000010

12 000100010010
12 000100010010
12 000100010010
12 000100010010
12 000100010010
12 000100010010
12 000100010010
12 000100010010
12 000100010010
12 000100010010
12 000100010010
12 000100010010
12 000100010010
12 000100010010
12 000100010010
12 000100010010

12 000100010010
12 000100010010
12 000100010010
12 000100010010
10 000100010010
10 000100010010
0 000100010010
10 000100010010
2 000100010010
2 000100010010
2 000100010010
2 000100010010
2 000100010010
0 000100010010
10 000100010010
10 000100010010

12 001001000010
12 001001000010
12 001001000010
12 001001000010
12 001001000010
12 001001000010
12 001001000010
12 001001000010
12 001001000010
12 001001000010
12 001001000010
12 001001000010
12 001001000010
12 001001000010
12 001001000010
12 001001000010

12 001000010010
12 001000010010
12 001000010010
12 001000010010
10 001000010010
10 001000010010
0 001000010010
10 001000010010
2 001000010010
2 001000010010
2 001000010010
2 001000010010
2 001000010010
0 001000010010
10 001000010010
7 001000010010

5 100001000100
5 100001000100
5 100001000100
5 100001000100
5 100001000100
5 100001000100
5 100001000100
5 100001000100
5 100001000100
5 100001000100
5 100001000100
5 100001000100
5 100001000100
5 100001000100
5 100001000100
5 100001000100

12 100001000100
12 100001000100
12 100001000100
12 100001000100
12 100001000100
12 100001000100
12 100001000100
12 100001000100
12 100001000100
12 100001000100
12 100001000100
12 100001000100
12 100001000100
12 100001000100
12 100001000100
12 100001000100

3 100001000100
3 100001000100
3 100001000100
3 100001000100
3 100001000100
3 100001000100
3 100001000100
3 100001000100
3 100001000100
3 100001000100
3 100001000100
3 100001000100
3 100001000100
3 100001000100
3 100001000100
3 100001000100

3 100001000100
3 100001000100
3 100001000100
3 100001000100
3 100001000100
3 100001000100
3 100001000100
3 100001000100
2 100001000100
2 100001000100
2 100001000100
2 100001000100
0 100001000100
0 100001000100
10 100001000100
10 100001000100

10 001001000010
10 001001000010
10 001001000010
2 001001000010
2 001001000010
0 001001000010
2 001001000010
0 001001000010
0 001001000010
2 001001000010
2 001001000010
2 001001000010
2 001001000010
5 001001000010
0 001001000010
10 001001000010

10 001001000010
10 001001000010
10 001001000010
10 001001000010
10 001001000010
10 001001000010
10 001001000010
10 001001000010
10 001001000010
10 001001000010
10 001001000010
10 001001000010
10 001001000010
10 001001000010
10 001001000010
10 001001000010

12 001000010010
12 001000010010
12 001000010010
12 001000010010
12 001000010010
12 001000010010
12 001000010010
12 001000010010
12 001000010010
12 001000010010
12 001000010010
12 001000010010
12 001000010010
12 001000010010
12 001000010010
12 001000010010

12 100001000100
12 100001000100
12 100001000100
12 100001000100
12 100001000100
12 100001000100
12 100001000100
12 100001000100
12 100001000100
0 100001000100
0 100001000100
0 100001000100
0 100001000100
0 100001000100
0 100001000100
0 100001000100

12 000100010010
12 000100010010
12 000100010010
12 000100010010
12 000100010010
2 000100010010
0 000100010010
0 000100010010
0 000100010010
0 000100010010
0 000100010010
0 000100010010
0 000100010010
0 000100010010
0 000100010010
0 000100010010

12 001001000010
12 001001000010
12 001001000010
12 001001000010
12 001001000010
12 001001000010
12 001001000010
0 001001000010
0 001001000010
2 001001000010
2 001001000010
2 001001000010
2 001001000010
5 001001000010
2 001001000010
0 001001000010

12 001000010010
12 001000010010
12 001000010010
12 001000010010
12 001000010010
12 001000010010
12 001000010010
12 001000010010
12 001000010010
12 001000010010
12 001000010010
12 001000010010
12 001000010010
12 001000010010
12 001000010010
12 001000010010

12 100001000100
12 100001000100
12 100001000100
12 100001000100
12 100001000100
12 100001000100
12 100001000100
5 100001000100
3 100001000100
3 100001000100
3 100001000100
3 100001000100
3 100001000100
3 100001000100
3 100001000100
3 100001000100

3 100001000100
3 100001000100
3 100001000100
3 100001000100
3 100001000100
3 100001000100
3 100001000100
3 100001000100
2 100001000100
2 100001000100
2 100001000100
2 100001000100
0 100001000100
0 100001000100
10 100001000100
10 100001000100

10 001001000010
10 001001000010
10 001001000010
10 001001000010
10 001001000010
10 001001000010
0 001001000010
10 001001000010
2 001001000010
2 001001000010
2 001001000010
2 001001000010
2 001001000010
0 001001000010
10 001001000010
10 001001000010

12 000100010010
12 000100010010
12 000100010010
12 000100010010
12 000100010010
12 000100010010
12 000100010010
12 000100010010
12 000100010010
12 000100010010
12 000100010010
12 000100010010
12 000100010010
12 000100010010
12 000100010010
12 000100010010

12 000100010010
12 000100010010
12 000100010010
12 000100010010
10 000100010010
10 000100010010
0 000100010010
10 000100010010
2 000100010010
2 000100010010
2 000100010010
2 000100010010
2 000100010010
0 000100010010
10 000100010010
10 000100010010

12 001001000010
12 001001000010
12 001001000010
12 001001000010
12 001001000010
12 001001000010
12 001001000010
12 001001000010
12 001001000010
12 001001000010
12 001001000010
12 001001000010
12 001001000010
12 001001000010
12 001001000010
12 001001000010

12 001000010010
12 001000010010
12 001000010010
12 001000010010
10 001000010010
10 001000010010
0 001000010010
10 001000010010
2 001000010010
2 001000010010
2 001000010010
2 001000010010
2 001000010010
0 001000010010
10 001000010010
7 001000010010

5 100001000100
5 100001000100
5 100001000100
5 100001000100
5 100001000100
5 100001000100
5 100001000100
5 100001000100
5 100001000100
5 100001000100
5 100001000100
5 100001000100
5 100001000100
5 100001000100
5 100001000100
5 100001000100

12 100001000100
12 100001000100
12 100001000100
12 100001000100
12 100001000100
12 100001000100
12 100001000100
12 100001000100
12 100001000100
12 100001000100
12 100001000100
12 100001000100
12 100001000100
12 100001000100
12 100001000100
12 100001000100

3 100001000100
3 100001000100
3 100001000100
3 100001000100
3 100001000100
3 100001000100
3 100001000100
3 100001000100
3 100001000100
3 100001000100
3 100001000100
3 100001000100
3 100001000100
3 100001000100
3 100001000100
3 100001000100

3 100001000100
3 100001000100
3 100001000100
3 100001000100
3 100001000100
3 100001000100
3 100001000100
3 100001000100
2 100001000100
2 100001000100
2 100001000100
2 100001000100
0 100001000100
0 100001000100
10 100001000100
10 100001000100

10 001001000010
10 001001000010
0 001001000010
0 001001000010
3 001001000010
5 001001000010
5 001001000010
2 001001000010
5 001001000010
5 001001000010
5 001001000010
5 001001000010
2 001001000010
5 001001000010
2 001001000010
2 001001000010

5 001001000010
2 001001000010
0 001001000010
10 001001000010
10 001001000010
10 001001000010
10 001001000010
10 001001000010
10 001001000010
10 001001000010
10 001001000010
10 001001000010
10 001001000010
10 001001000010
10 001001000010
10 001001000010

12 001000010010
12 001000010010
12 001000010010
12 001000010010
12 001000010010
12 001000010010
12 001000010010
12 001000010010
12 001000010010
12 001000010010
12 001000010010
12 001000010010
12 001000010010
12 001000010010
12 001000010010
12 001000010010

12 100001000100
12 100001000100
12 100001000100
12 100001000100
12 100001000100
12 100001000100
12 100001000100
12 100001000100
12 100001000100
0 100001000100
0 100001000100
0 100001000100
0 100001000100
0 100001000100
0 100001000100
10 100001000100

12 000100010010
12 000100010010
12 000100010010
12 000100010010
10 000100010010
10 000100010010
2 000100010010
10 000100010010
1 000100010010
1 000100010010
1 000100010010
1 000100010010
1 000100010010
1 000100010010
1 000100010010
1 000100010010

12 001001000010
12 001001000010
12 001001000010
12 001001000010
12 001001000010
12 001001000010
12 001001000010
12 001001000010
12 001001000010
1 001001000010
1 001001000010
1 001001000010
1 001001000010
1 001001000010
1 001001000010
10 001001000010

12 001000010010
10 001000010010
10 001000010010
10 001000010010
10 001000010010
10 001000010010
10 001000010010
10 001000010010
10 001000010010
0 001000010010
7 001000010010
7 001000010010
7 001000010010
7 001000010010
10 001000010010
10 001000010010

12 100001000100
12 100001000100
12 100001000100
12 100001000100
12 100001000100
12 100001000100
12 100001000100
12 100001000100
12 100001000100
5 100001000100
7 100001000100
10 100001000100
10 100001000100
0 100001000100
10 100001000100
7 100001000100

12 100001000100
12 100001000100
12 100001000100
12 100001000100
2 100001000100
2 100001000100
5 100001000100
5 100001000100
2 100001000100
2 100001000100
2 100001000100
2 100001000100
10 100001000100
10 100001000100
10 100001000100
10 100001000100

12 001001000010
12 001001000010
12 001001000010
12 001001000010
10 001001000010
10 001001000010
0 001001000010
10 001001000010
2 001001000010
2 001001000010
2 001001000010
2 001001000010
2 001001000010
0 001001000010
10 001001000010
10 001001000010

12 000100010010
12 000100010010
12 000100010010
1 000100010010
10 000100010010
10 000100010010
7 000100010010
7 000100010010
7 000100010010
7 000100010010
7 000100010010
7 000100010010
7 000100010010
7 000100010010
7 000100010010
7 000100010010

12 000100010010
12 000100010010
12 000100010010
12 000100010010
10 000100010010
10 000100010010
0 000100010010
10 000100010010
2 000100010010
2 000100010010
2 000100010010
2 000100010010
2 000100010010
0 000100010010
10 000100010010
10 000100010010

12 001001000010
12 001001000010
12 001001000010
12 001001000010
12 001001000010
12 001001000010
12 001001000010
12 001001000010
12 001001000010
12 001001000010
12 001001000010
3 001001000010
5 001001000010
4 001001000010
3 001001000010
3 001001000010

3 001000010010
3 001000010010
3 001000010010
0 001000010010
3 001000010010
5 001000010010
10 001000010010
0 001000010010
10 001000010010
2 001000010010
2 001000010010
2 001000010010
2 001000010010
0 001000010010
10 001000010010
7 001000010010

5 100001000100
5 100001000100
5 100001000100
5 100001000100
5 100001000100
5 100001000100
5 100001000100
5 100001000100
5 100001000100
5 100001000100
5 100001000100
5 100001000100
5 100001000100
5 100001000100
5 100001000100
5 100001000100

12 100001000100
12 100001000100
12 100001000100
12 100001000100
12 100001000100
12 100001000100
12 100001000100
12 100001000100
12 100001000100
12 100001000100
12 100001000100
12 100001000100
12 100001000100
12 100001000100
12 100001000100
12 100001000100

12 100001000100
12 100001000100
8 100001000100
8 100001000100
8 100001000100
5 100001000100
3 100001000100
3 100001000100
1 100001000100
10 100001000100
10 100001000100
8 100001000100
8 100001000100
8 100001000100
5 100001000100
3 100001000100

10 100001000100
10 100001000100
10 100001000100
10 100001000100
10 100001000100
10 100001000100
10 100001000100
10 100001000100
2 100001000100
2 100001000100
2 100001000100
2 100001000100
2 100001000100
2 100001000100
2 100001000100
2 100001000100

12 001001000010
12 001001000010
12 001001000010
12 001001000010
12 001001000010
12 001001000010
12 001001000010
12 001001000010
12 001001000010
12 001001000010
12 001001000010
12 001001000010
12 001001000010
12 001001000010
12 001001000010
12 001001000010

12 001001000010
12 001001000010
12 001001000010
12 001001000010
12 001001000010
12 001001000010
12 001001000010
12 001001000010
12 001001000010
12 001001000010
12 001001000010
12 001001000010
12 001001000010
12 001001000010
12 001001000010
12 001001000010

12 001000010010
12 001000010010
12 001000010010
12 001000010010
12 001000010010
12 001000010010
12 001000010010
12 001000010010
12 001000010010
12 001000010010
12 001000010010
12 001000010010
12 001000010010
12 001000010010
12 001000010010
12 001000010010

12 100001000100
12 100001000100
12 100001000100
12 100001000100
12 100001000100
12 100001000100
12 100001000100
12 100001000100
12 100001000100
12 100001000100
12 100001000100
12 100001000100
12 100001000100
12 100001000100
12 100001000100
12 100001000100

12 000100010010
12 000100010010
12 000100010010
12 000100010010
12 000100010010
12 000100010010
12 000100010010
12 000100010010
12 000100010010
12 000100010010
12 000100010010
12 000100010010
12 000100010010
12 000100010010
12 000100010010
12 000100010010

12 001001000010
12 001001000010
12 001001000010
12 001001000010
12 001001000010
12 001001000010
12 001001000010
12 001001000010
12 001001000010
12 001001000010
12 001001000010
12 001001000010
12 001001000010
12 001001000010
12 001001000010
12 001001000010

12 001000010010
12 001000010010
12 001000010010
12 001000010010
12 001000010010
12 001000010010
12 001000010010
12 001000010010
12 001000010010
12 001000010010
12 001000010010
12 001000010010
12 001000010010
12 001000010010
12 001000010010
12 001000010010

12 100001000100
12 100001000100
12 100001000100
12 100001000100
12 100001000100
12 100001000100
12 100001000100
12 100001000100
12 100001000100
12 100001000100
12 100001000100
12 100001000100
12 100001000100
12 100001000100
12 100001000100
12 100001000100

12 000100010010
12 000100010010
12 000100010010
12 000100010010
12 000100010010
12 000100010010
12 000100010010
12 000100010010
12 000100010010
12 000100010010
12 000100010010
12 000100010010
12 000100010010
12 000100010010
12 000100010010
12 000100010010

12 001001000010
12 001001000010
12 001001000010
12 001001000010
12 001001000010
12 001001000010
12 001001000010
12 001001000010
12 001001000010
12 001001000010
12 001001000010
12 001001000010
12 001001000010
12 001001000010
12 001001000010
12 001001000010

12 001000010010
12 001000010010
12 001000010010
12 001000010010
12 001000010010
12 001000010010
12 001000010010
12 001000010010
12 001000010010
12 001000010010
12 001000010010
12 001000010010
12 001000010010
12 001000010010
12 001000010010
12 001000010010

12 100001000100
12 100001000100
12 100001000100
12 100001000100
12 100001000100
12 100001000100
12 100001000100
12 100001000100
12 100001000100
12 100001000100
12 100001000100
12 100001000100
12 100001000100
12 100001000100
12 100001000100
12 100001000100

12 000100010010
12 000100010010
12 000100010010
12 000100010010
12 000100010010
12 000100010010
12 000100010010
12 000100010010
12 000100010010
12 000100010010
12 000100010010
12 000100010010
12 000100010010
12 000100010010
12 000100010010
12 000100010010

12 001001000010
12 001001000010
12 001001000010
12 001001000010
12 001001000010
12 001001000010
12 001001000010
12 001001000010
12 001001000010
12 001001000010
12 001001000010
12 001001000010
12 001001000010
12 001001000010
12 001001000010
12 001001000010

12 001000010010
12 001000010010
12 001000010010
12 001000010010
12 001000010010
12 001000010010
12 001000010010
12 001000010010
12 001000010010
12 001000010010
12 001000010010
12 001000010010
12 001000010010
12 001000010010
12 001000010010
12 001000010010

12 100001000100
12 100001000100
12 100001000100
12 100001000100
12 100001000100
12 100001000100
12 100001000100
12 100001000100
12 100001000100
12 100001000100
12 100001000100
12 100001000100
12 100001000100
12 100001000100
12 100001000100
12 100001000100

12 000100010010
12 000100010010
12 000100010010
12 000100010010
12 000100010010
12 000100010010
12 000100010010
12 000100010010
12 000100010010
12 000100010010
12 000100010010
12 000100010010
12 000100010010
12 000100010010
12 000100010010
12 000100010010

12 001001000010
12 001001000010
12 001001000010
12 001001000010
12 001001000010
12 001001000010
12 001001000010
12 001001000010
12 001001000010
12 001001000010
12 001001000010
12 001001000010
12 001001000010
12 001001000010
12 001001000010
12 001001000010

12 001000010010
12 001000010010
12 001000010010
12 001000010010
12 001000010010
12 001000010010
12 001000010010
12 001000010010
12 001000010010
12 001000010010
12 001000010010
12 001000010010
12 001000010010
12 001000010010
12 001000010010
12 001000010010

12 100001000100
12 100001000100
12 100001000100
12 100001000100
12 100001000100
12 100001000100
12 100001000100
12 100001000100
12 100001000100
12 100001000100
12 100001000100
12 100001000100
12 100001000100
12 100001000100
12 100001000100
12 100001000100

12 000100010010
12 000100010010
12 000100010010
12 000100010010
12 000100010010
12 000100010010
12 000100010010
12 000100010010
12 000100010010
12 000100010010
12 000100010010
12 000100010010
12 000100010010
12 000100010010
12 000100010010
12 000100010010

12 001001000010
12 001001000010
12 001001000010
12 001001000010
12 001001000010
12 001001000010
12 001001000010
12 001001000010
7 001001000010
7 001001000010
7 001001000010
5 001001000010
5 001001000010
5 001001000010
3 001001000010
2 001001000010

0 001000010010
2 001000010010
2 001000010010
2 001000010010
2 001000010010
2 001000010010
2 001000010010
2 001000010010
5 001000010010
5 001000010010
5 001000010010
3 001000010010
3 001000010010
3 001000010010
2 001000010010
0 001000010010

0 100001000100
0 100001000100
0 100001000100
0 100001000100
0 100001000100
0 100001000100
0 100001000100
0 100001000100
3 100001000100
3 100001000100
3 100001000100
2 100001000100
2 100001000100
5 100001000100
0 100001000100
10 100001000100

10 000100010010
10 000100010010
10 000100010010
10 000100010010
10 000100010010
10 000100010010
10 000100010010
10 000100010010
10 000100010010
10 000100010010
10 000100010010
10 000100010010
10 000100010010
10 000100010010
10 000100010010
10 000100010010

12 001001000010
12 001001000010
12 001001000010
12 001001000010
12 001001000010
12 001001000010
12 001001000010
12 001001000010
7 001001000010
7 001001000010
7 001001000010
5 001001000010
5 001001000010
5 001001000010
3 001001000010
2 001001000010

0 001000010010
2 001000010010
2 001000010010
2 001000010010
2 001000010010
2 001000010010
2 001000010010
2 001000010010
5 001000010010
5 001000010010
5 001000010010
3 001000010010
3 001000010010
3 001000010010
2 001000010010
0 001000010010

0 100001000100
0 100001000100
0 100001000100
0 100001000100
0 100001000100
0 100001000100
0 100001000100
0 100001000100
3 100001000100
3 100001000100
3 100001000100
7 100001000100
7 100001000100
10 100001000100
7 100001000100
5 100001000100

12 000100010010
12 000100010010
12 000100010010
12 000100010010
12 000100010010
12 000100010010
12 000100010010
12 000100010010
12 000100010010
12 000100010010
12 000100010010
12 000100010010
12 000100010010
12 000100010010
12 000100010010
12 000100010010

12 001001000010
12 001001000010
12 001001000010
12 001001000010
12 001001000010
12 001001000010
12 001001000010
12 001001000010
7 001001000010
7 001001000010
7 001001000010
5 001001000010
5 001001000010
5 001001000010
3 001001000010
5 001001000010

0 001000010010
2 001000010010
2 001000010010
2 001000010010
2 001000010010
2 001000010010
2 001000010010
2 001000010010
5 001000010010
5 001000010010
5 001000010010
3 001000010010
3 001000010010
3 001000010010
2 001000010010
0 001000010010

0 100001000100
0 100001000100
0 100001000100
0 100001000100
0 100001000100
0 100001000100
0 100001000100
0 100001000100
3 100001000100
3 100001000100
3 100001000100
7 100001000100
7 100001000100
10 100001000100
10 100001000100
7 100001000100

12 000100010010
5 000100010010
0 000100010010
2 000100010010
0 000100010010
10 000100010010
10 000100010010
10 000100010010
10 000100010010
10 000100010010
10 000100010010
10 000100010010
10 000100010010
10 000100010010
10 000100010010
10 000100010010

12 001001000010
12 001001000010
12 001001000010
12 001001000010
12 001001000010
12 001001000010
12 001001000010
12 001001000010
12 001001000010
12 001001000010
12 001001000010
12 001001000010
12 001001000010
12 001001000010
12 001001000010
12 001001000010

12 001000010010
12 001000010010
12 001000010010
12 001000010010
12 001000010010
12 001000010010
12 001000010010
12 001000010010
12 001000010010
12 001000010010
12 001000010010
12 001000010010
12 001000010010
12 001000010010
12 001000010010
12 001000010010

12 100001000100
12 100001000100
12 100001000100
12 100001000100
12 100001000100
12 100001000100
12 100001000100
12 100001000100
12 100001000100
12 100001000100
12 100001000100
12 100001000100
12 100001000100
12 100001000100
12 100001000100
12 100001000100

12 000100010010
12 000100010010
12 000100010010
12 000100010010
12 000100010010
12 000100010010
12 000100010010
12 000100010010
12 000100010010
12 000100010010
12 000100010010
12 000100010010
12 000100010010
12 000100010010
12 000100010010
12 000100010010

12 001001000010
12 001001000010
12 001001000010
12 001001000010
12 001001000010
12 001001000010
12 001001000010
12 001001000010
12 001001000010
12 001001000010
12 001001000010
12 001001000010
12 001001000010
12 001001000010
12 001001000010
12 001001000010

