12 000000000000
12 000000000000
12 000000000000
12 000000000000
12 000000000000
12 000000000000
12 000000000000
12 000000000000
12 010010000100
12 010010000100
12 010010000100
12 010010000100
12 010010000100
12 010010000100
12 010010000100
12 010010000100

12 000100100001
12 000100100001
12 000100100001
12 000100100001
12 000100100001
12 000100100001
12 000100100001
12 000100100001
12 010010000100
12 010010000100
12 010010000100
12 010010000100
12 010010000100
12 010010000100
12 010010000100
12 010010000100

12 000010001001
12 000010001001
12 000010001001
12 000010001001
12 000010001001
12 000010001001
12 000010001001
12 000010001001
12 000010001001
12 000010001001
12 000010001001
12 000010001001
12 000010001001
12 000010001001
12 000010001001
12 000010001001

12 000010001001
12 000010001001
12 000010001001
12 000010001001
12 000010001001
12 000010001001
12 000010001001
12 000010001001
12 000010001001
12 000010001001
12 000010001001
12 000010001001
12 000010001001
12 000010001001
11 000010001001
11 000010001001

6 000010001001
6 000010001001
8 000010001001
8 000010001001
6 000010001001
6 000010001001
4 000010001001
4 000010001001
4 000010001001
1 000010001001
11 000010001001
11 000010001001
11 000010001001
11 000010001001
11 000010001001
11 000010001001

6 000100100001
6 000100100001
4 000100100001
4 000100100001
3 000100100001
3 000100100001
3 000100100001
3 000100100001
3 000100100001
3 000100100001
3 000100100001
3 000100100001
3 000100100001
3 000100100001
4 000100100001
4 000100100001

4 010010000100
4 010010000100
1 010010000100
1 010010000100
1 010010000100
1 010010000100
9 010010000100
9 010010000100
9 010010000100
9 010010000100
9 010010000100
9 010010000100
9 010010000100
9 010010000100
4 010010000100
4 010010000100

4 010010100100
4 010010100100
4 010010100100
4 010010100100
1 010010100100
1 010010100100
9 010010100100
9 010010100100
9 010010100100
9 010010100100
9 010010100100
9 010010100100
9 010010100100
9 010010100100
9 010010100100
9 010010100100

8 000010001001
8 000010001001
6 000010001001
6 000010001001
4 000010001001
4 000010001001
4 000010001001
4 000010001001
4 000010001001
4 000010001001
4 000010001001
4 000010001001
6 000010001001
6 000010001001
6 000010001001
6 000010001001

12 000100100001
12 000100100001
6 000100100001
6 000100100001
4 000100100001
4 000100100001
3 000100100001
3 000100100001
11 000100100001
11 000100100001
11 000100100001
11 000100100001
11 000100100001
11 000100100001
11 000100100001
11 000100100001

4 010010000100
4 010010000100
1 010010000100
1 010010000100
1 010010000100
1 010010000100
9 010010000100
9 010010000100
9 010010000100
9 010010000100
9 010010000100
9 010010000100
9 010010000100
9 010010000100
9 010010000100
9 010010000100

4 010010100100
4 010010100100
4 010010100100
4 010010100100
1 010010100100
1 010010100100
9 010010100100
9 010010100100
9 010010100100
9 010010100100
9 010010100100
9 010010100100
9 010010100100
9 010010100100
11 010010100100
11 010010100100

6 000010001001
6 000010001001
8 000010001001
8 000010001001
8 000010001001
8 000010001001
6 000010001001
6 000010001001
6 000100100001
6 000100100001
4 000100100001
4 000100100001
3 000100100001
3 000100100001
4 000100100001
4 000100100001

12 010010000100
3 010010000100
1 010010000100
1 010010000100
1 010010000100
1 010010000100
1 010010000100
1 010010000100
1 010010000100
1 010010000100
1 010010000100
1 010010000100
1 010010000100
1 010010000100
11 010010000100
11 010010000100

6 000010001001
6 000010001001
8 000010001001
8 000010001001
8 000010001001
8 000010001001
6 000010001001
6 000010001001
6 000100100001
6 000100100001
4 000100100001
4 000100100001
3 000100100001
3 000100100001
4 000100100001
4 000100100001

12 010010000100
3 010010000100
1 010010000100
1 010010000100
1 010010000100
1 010010000100
1 010010000100
1 010010000100
1 010010000100
1 010010000100
1 010010000100
1 010010000100
1 010010000100
1 010010000100
1 010010000100
1 010010000100

12 000010001001
12 000010001001
12 000010001001
12 000010001001
12 000010001001
12 000010001001
12 000010001001
12 000010001001
12 000010001001
12 000010001001
12 000010001001
12 000010001001
12 000010001001
12 000010001001
12 000010001001
12 000010001001

12 000010001001
12 000010001001
12 000010001001
12 000010001001
12 000010001001
12 000010001001
12 000010001001
12 000010001001
12 000010001001
12 000010001001
12 000010001001
12 000010001001
12 000010001001
12 000010001001
12 000010001001
12 000010001001

12 000010001001
12 000010001001
12 000010001001
12 000010001001
12 000010001001
12 000010001001
12 000010001001
12 000010001001
12 000010001001
12 000010001001
12 000010001001
12 000010001001
12 000010001001
12 000010001001
12 000010001001
12 000010001001

12 010110100101
12 010110100101
12 010110100101
12 010110100101
12 010110100101
12 010110100101
12 010110100101
12 010110100101
12 010110100101
12 010110100101
12 010110100101
12 010110100101
12 010110100101
12 010110100101
11 010110100101
11 010110100101

6 000010001001
6 000010001001
8 000010001001
8 000010001001
6 000010001001
6 000010001001
4 000010001001
4 000010001001
4 000010001001
1 000010001001
11 000010001001
11 000010001001
11 000010001001
11 000010001001
11 000010001001
11 000010001001

6 000100100001
6 000100100001
4 000100100001
4 000100100001
3 000100100001
3 000100100001
3 000100100001
3 000100100001
3 000100100001
3 000100100001
3 000100100001
3 000100100001
3 000100100001
3 000100100001
4 000100100001
4 000100100001

12 010010000100
4 010010000100
1 010010000100
1 010010000100
1 010010000100
9 010010000100
9 010010000100
9 010010000100
9 010010000100
9 010010000100
9 010010000100
9 010010000100
9 010010000100
9 010010000100
9 010010000100
9 010010000100

4 010010100100
4 010010100100
1 010010100100
1 010010100100
1 010010100100
1 010010100100
9 010010100100
9 010010100100
1 010010100100
1 010010100100
1 010010100100
1 010010100100
1 010010100100
1 010010100100
1 010010100100
1 010010100100

8 000010001001
8 000010001001
8 000010001001
8 000010001001
6 000010001001
6 000010001001
4 000010001001
4 000010001001
4 000010001001
4 000010001001
4 000010001001
4 000010001001
6 000010001001
6 000010001001
6 000010001001
6 000010001001

12 000100100001
12 000100100001
6 000100100001
6 000100100001
4 000100100001
4 000100100001
3 000100100001
3 000100100001
11 000100100001
11 000100100001
11 000100100001
11 000100100001
11 000100100001
11 000100100001
11 000100100001
11 000100100001

4 010010000100
4 010010000100
1 010010000100
1 010010000100
1 010010000100
1 010010000100
9 010010000100
9 010010000100
9 010010000100
9 010010000100
9 010010000100
9 010010000100
9 010010000100
9 010010000100
9 010010000100
9 010010000100

4 010010100100
4 010010100100
1 010010100100
1 010010100100
1 010010100100
1 010010100100
9 010010100100
9 010010100100
9 010010100100
9 010010100100
9 010010100100
9 010010100100
9 010010100100
9 010010100100
11 010010100100
11 010010100100

6 000010001001
6 000010001001
8 000010001001
8 000010001001
8 000010001001
8 000010001001
6 000010001001
6 000010001001
6 000100100001
6 000100100001
4 000100100001
4 000100100001
3 000100100001
3 000100100001
4 000100100001
4 000100100001

12 010010000100
3 010010000100
1 010010000100
1 010010000100
1 010010000100
1 010010000100
1 010010000100
1 010010000100
1 010010000100
1 010010000100
1 010010000100
1 010010000100
1 010010000100
1 010010000100
11 010010000100
11 010010000100

6 000010001001
6 000010001001
8 000010001001
8 000010001001
8 000010001001
8 000010001001
6 000010001001
6 000010001001
6 000100100001
6 000100100001
4 000100100001
4 000100100001
3 000100100001
3 000100100001
4 000100100001
4 000100100001

12 010010000100
3 010010000100
1 010010000100
1 010010000100
1 010010000100
1 010010000100
1 010010000100
1 010010000100
1 010010000100
1 010010000100
1 010010000100
1 010010000100
1 010010000100
1 010010000100
1 010010000100
1 010010000100

12 000010001001
12 000010001001
12 000010001001
12 000010001001
12 000010001001
12 000010001001
12 000010001001
12 000010001001
12 000010001001
12 000010001001
12 000010001001
12 000010001001
12 000010001001
12 000010001001
12 000010001001
12 000010001001

12 000010001001
12 000010001001
12 000010001001
12 000010001001
12 000010001001
12 000010001001
12 000010001001
12 000010001001
12 000010001001
12 000010001001
12 000010001001
12 000010001001
12 000010001001
12 000010001001
11 000010001001
11 000010001001

9 000100100001
9 000100100001
9 000100100001
9 000100100001
9 000100100001
9 000100100001
8 000100100001
8 000100100001
8 010110100101
8 010110100101
8 010110100101
8 010110100101
8 010110100101
8 010110100101
8 010110100101
8 010110100101

6 000100100001
6 000100100001
6 000100100001
6 000100100001
6 000100100001
6 000100100001
4 000100100001
3 000100100001
1 010110100101
1 010110100101
1 010110100101
1 010110100101
1 010110100101
1 010110100101
1 010110100101
1 010110100101

9 000100100001
9 000100100001
9 000100100001
9 000100100001
9 000100100001
9 000100100001
8 000100100001
8 000100100001
8 010110100101
8 010110100101
8 010110100101
8 010110100101
8 010110100101
8 010110100101
8 010110100101
8 010110100101

6 000100100001
6 000100100001
3 000100100001
3 000100100001
3 000100100001
3 000100100001
4 000100100001
3 000100100001
1 010110100101
1 010110100101
1 010110100101
1 010110100101
1 010110100101
1 010110100101
1 010110100101
1 010110100101

9 000100100001
9 000100100001
9 000100100001
9 000100100001
9 000100100001
9 000100100001
8 000100100001
8 000100100001
8 010110100101
8 010110100101
8 010110100101
8 010110100101
8 010110100101
8 010110100101
8 010110100101
8 010110100101

6 000100100001
6 000100100001
6 000100100001
6 000100100001
3 000100100001
3 000100100001
4 000100100001
4 000100100001
1 010110100101
1 010110100101
1 010110100101
1 010110100101
1 010110100101
1 010110100101
1 010110100101
1 010110100101

12 010110100101
12 010110100101
12 010110100101
12 010110100101
12 010110100101
12 010110100101
12 010110100101
12 010110100101
12 010110100101
12 010110100101
12 010110100101
12 010110100101
12 010110100101
12 010110100101
12 010110100101
12 010110100101

12 000010001001
12 000010001001
12 000010001001
12 000010001001
12 000010001001
12 000010001001
12 000010001001
12 000010001001
12 000010001001
12 000010001001
12 000010001001
12 000010001001
12 000010001001
12 000010001001
12 000010001001
12 000010001001

12 000100100001
12 000100100001
12 000100100001
12 000100100001
12 000100100001
12 000100100001
12 000100100001
12 000100100001
12 010010000100
12 010010000100
12 010010000100
12 010010000100
12 010010000100
12 010010000100
12 010010000100
12 010010000100

12 000010001001
12 000010001001
12 000010001001
12 000010001001
12 000010001001
12 000010001001
12 000010001001
12 000010001001
12 000100100001
12 000100100001
12 000100100001
12 000100100001
12 000100100001
12 000100100001
12 000100100001
12 000100100001

12 010010000100
12 010010000100
12 010010000100
12 010010000100
12 010010000100
12 010010000100
12 010010000100
12 010010000100
12 010010000100
12 010010000100
12 010010000100
12 010010000100
12 010010000100
12 010010000100
12 010010000100
12 010010000100

12 000010001001
12 000010001001
12 000010001001
12 000010001001
12 000010001001
12 000010001001
12 000010001001
12 000010001001
12 000100100001
12 000100100001
12 000100100001
12 000100100001
12 000100100001
12 000100100001
12 000100100001
12 000100100001

12 010010000100
12 010010000100
12 010010000100
12 010010000100
12 010010000100
12 010010000100
12 010010000100
12 010010000100
12 010010000100
12 010010000100
12 010010000100
12 010010000100
12 010010000100
12 010010000100
12 010010000100
12 010010000100

12 000010001001
12 000010001001
12 000010001001
12 000010001001
12 000010001001
12 000010001001
12 000010001001
12 000010001001
12 000100100001
12 000100100001
12 000100100001
12 000100100001
12 000100100001
12 000100100001
12 000100100001
12 000100100001

12 010010000100
12 010010000100
12 010010000100
12 010010000100
12 010010000100
12 010010000100
12 010010000100
12 010010000100
12 010010000100
12 010010000100
12 010010000100
12 010010000100
12 010010000100
12 010010000100
12 010010000100
12 010010000100

12 010010000100
12 010010000100
12 010010000100
12 010010000100
12 010010000100
12 010010000100
12 010010000100
12 010010000100
12 010010000100
12 010010000100
12 010010000100
12 010010000100
12 010010000100
12 010010000100
12 010010000100
12 010010000100

12 000010001001
12 000010001001
12 000010001001
12 000010001001
12 000010001001
12 000010001001
12 000010001001
12 000010001001
12 000010001001
12 000010001001
12 000010001001
12 000010001001
12 000010001001
12 000010001001
12 000010001001
12 000010001001

12 000010001001
12 000010001001
12 000010001001
12 000010001001
12 000010001001
12 000010001001
12 000010001001
12 000010001001
12 000010001001
12 000010001001
12 000010001001
12 000010001001
12 000010001001
12 000010001001
11 000010001001
11 000010001001

8 000010001001
8 000010001001
8 000010001001
8 000010001001
6 000010001001
6 000010001001
4 000010001001
4 000010001001
4 000010001001
1 000010001001
11 000010001001
11 000010001001
11 000010001001
11 000010001001
11 000010001001
11 000010001001

6 000100100001
6 000100100001
4 000100100001
4 000100100001
3 000100100001
3 000100100001
3 000100100001
3 000100100001
3 000100100001
3 000100100001
3 000100100001
3 000100100001
3 000100100001
3 000100100001
4 000100100001
4 000100100001

4 010010000100
4 010010000100
1 010010000100
1 010010000100
1 010010000100
1 010010000100
9 010010000100
9 010010000100
9 010010000100
9 010010000100
9 010010000100
9 010010000100
9 010010000100
9 010010000100
4 010010000100
4 010010000100

4 010010100100
4 010010100100
4 010010100100
4 010010100100
1 010010100100
1 010010100100
9 010010100100
9 010010100100
9 010010100100
9 010010100100
9 010010100100
9 010010100100
9 010010100100
9 010010100100
9 010010100100
9 010010100100

8 000010001001
8 000010001001
6 000010001001
6 000010001001
4 000010001001
4 000010001001
4 000010001001
4 000010001001
4 000010001001
4 000010001001
4 000010001001
4 000010001001
6 000010001001
6 000010001001
6 000010001001
6 000010001001

12 000100100001
12 000100100001
6 000100100001
6 000100100001
4 000100100001
4 000100100001
3 000100100001
3 000100100001
11 000100100001
11 000100100001
11 000100100001
11 000100100001
11 000100100001
11 000100100001
11 000100100001
11 000100100001

4 010010000100
4 010010000100
1 010010000100
1 010010000100
1 010010000100
1 010010000100
9 010010000100
9 010010000100
9 010010000100
9 010010000100
9 010010000100
9 010010000100
9 010010000100
9 010010000100
9 010010000100
9 010010000100

4 010010100100
4 010010100100
4 010010100100
4 010010100100
1 010010100100
1 010010100100
9 010010100100
9 010010100100
9 010010100100
9 010010100100
9 010010100100
9 010010100100
9 010010100100
9 010010100100
11 010010100100
11 010010100100

6 000010001001
6 000010001001
8 000010001001
8 000010001001
8 000010001001
8 000010001001
6 000010001001
6 000010001001
6 000100100001
6 000100100001
4 000100100001
4 000100100001
3 000100100001
3 000100100001
4 000100100001
4 000100100001

12 010010000100
3 010010000100
1 010010000100
1 010010000100
1 010010000100
1 010010000100
1 010010000100
1 010010000100
1 010010000100
1 010010000100
1 010010000100
1 010010000100
1 010010000100
1 010010000100
11 010010000100
11 010010000100

6 000010001001
6 000010001001
8 000010001001
8 000010001001
8 000010001001
8 000010001001
6 000010001001
6 000010001001
6 000100100001
6 000100100001
4 000100100001
4 000100100001
3 000100100001
3 000100100001
4 000100100001
4 000100100001

12 010010000100
3 010010000100
1 010010000100
1 010010000100
1 010010000100
1 010010000100
1 010010000100
1 010010000100
1 010010000100
1 010010000100
1 010010000100
1 010010000100
1 010010000100
1 010010000100
11 010010000100
11 010010000100

6 000010001001
6 000010001001
8 000010001001
8 000010001001
8 000010001001
8 000010001001
6 000010001001
6 000010001001
6 000100100001
6 000100100001
4 000100100001
4 000100100001
3 000100100001
3 000100100001
4 000100100001
4 000100100001

12 010010000100
3 010010000100
1 010010000100
1 010010000100
1 010010000100
1 010010000100
1 010010000100
1 010010000100
1 010010000100
1 010010000100
11 010010000100
11 010010000100
11 010010000100
11 010010000100
11 010010000100
11 010010000100

12 000010001001
12 000010001001
8 000010001001
8 000010001001
8 000010001001
8 000010001001
8 000010001001
8 000010001001
8 000100100001
8 000100100001
8 000100100001
8 000100100001
8 000100100001
8 000100100001
8 000100100001
8 000100100001

12 010010000100
12 010010000100
12 010010000100
12 010010000100
12 010010000100
12 010010000100
12 010010000100
12 010010000100
12 010010000100
12 010010000100
12 010010000100
12 010010000100
12 010010000100
12 010010000100
12 010010000100
12 010010000100

12 000010001001
12 000010001001
12 000010001001
12 000010001001
12 000010001001
12 000010001001
12 000010001001
12 000010001001
12 000100100001
12 000100100001
12 000100100001
12 000100100001
12 000100100001
12 000100100001
12 000100100001
12 000100100001

12 010010000100
12 010010000100
12 010010000100
12 010010000100
12 010010000100
12 010010000100
12 010010000100
12 010010000100
12 010010000100
12 010010000100
12 010010000100
12 010010000100
12 010010000100
12 010010000100
12 010010000100
12 010010000100

12 000010001001
12 000010001001
12 000010001001
12 000010001001
12 000010001001
12 000010001001
12 000010001001
12 000010001001
12 000100100001
12 000100100001
12 000100100001
12 000100100001
12 000100100001
12 000100100001
12 000100100001
12 000100100001

12 010010000100
12 010010000100
12 010010000100
12 010010000100
12 010010000100
12 010010000100
12 010010000100
12 010010000100
12 010010000100
12 010010000100
12 010010000100
12 010010000100
12 010010000100
12 010010000100
12 010010000100
12 010010000100

12 000010001001
12 000010001001
12 000010001001
12 000010001001
12 000010001001
12 000010001001
12 000010001001
12 000010001001
12 000100100001
12 000100100001
12 000100100001
12 000100100001
12 000100100001
12 000100100001
12 000100100001
12 000100100001

12 010010000100
12 010010000100
12 010010000100
12 010010000100
12 010010000100
12 010010000100
12 010010000100
12 010010000100
12 010010000100
12 010010000100
12 010010000100
12 010010000100
12 010010000100
12 010010000100
12 010010000100
12 010010000100

12 000010001001
12 000010001001
12 000010001001
12 000010001001
12 000010001001
12 000010001001
12 000010001001
12 000010001001
12 000100100001
12 000100100001
12 000100100001
12 000100100001
12 000100100001
12 000100100001
12 000100100001
12 000100100001

12 010010000100
12 010010000100
12 010010000100
12 010010000100
12 010010000100
12 010010000100
12 010010000100
12 010010000100
12 010010000100
12 010010000100
12 010010000100
12 010010000100
12 010010000100
12 010010000100
12 010010000100
12 010010000100

12 000010001001
12 000010001001
12 000010001001
12 000010001001
12 000010001001
12 000010001001
12 000010001001
12 000010001001
12 000010001001
12 000010001001
12 000010001001
12 000010001001
12 000010001001
12 000010001001
12 000010001001
12 000010001001

