12 000000000000
12 000000000000
12 000000000000
12 000000000000
12 000000000000
12 000000000000
12 000000000000
12 000000000000
12 000000000000
12 000000000000
12 000000000000
12 000000000000
12 000000000000
12 000000000000
2 000000000000
2 000000000000

4 000010010001
4 000010010001
4 000010010001
4 000010010001
7 000010010001
7 000010010001
7 000010010001
7 000010010001
7 000010010001
7 000010010001
7 000010010001
7 000010010001
7 000010010001
7 000010010001
7 000010010001
7 000010010001

6 000010010001
6 000010010001
6 000010010001
6 000010010001
6 000010010001
6 000010010001
4 000010010001
4 000010010001
4 000010010001
4 000010010001
4 000010010001
4 000010010001
4 000010010001
4 000010010001
2 000010010001
2 000010010001

4 010010000100
4 010010000100
4 010010000100
4 010010000100
7 010010000100
7 010010000100
7 010010000100
7 010010000100
7 010010000100
7 010010000100
7 010010000100
7 010010000100
7 010010000100
7 010010000100
7 010010000100
7 010010000100

6 010010000100
6 010010000100
6 010010000100
6 010010000100
6 010010000100
6 010010000100
4 010010000100
4 010010000100
4 010010000100
4 010010000100
4 010010000100
4 010010000100
4 010010000100
4 010010000100
2 010010000100
2 010010000100

4 100010010000
4 100010010000
4 100010010000
4 100010010000
7 100010010000
7 100010010000
7 100010010000
7 100010010000
7 100010010000
7 100010010000
7 100010010000
7 100010010000
7 100010010000
7 100010010000
7 100010010000
7 100010010000

6 100010010000
6 100010010000
6 100010010000
6 100010010000
6 100010010000
6 100010010000
6 100010010000
6 100010010000
4 100010010000
4 100010010000
4 100010010000
4 100010010000
4 100010010000
4 100010010000
4 100010010000
4 100010010000

2 001000010001
2 001000010001
2 001000010001
2 001000010001
2 001000010001
2 001000010001
2 001000010001
2 001000010001
2 001000010001
2 001000010001
2 001000010001
2 001000010001
2 001000010001
2 001000010001
2 001000010001
2 001000010001

12 001000010001
12 001000010001
12 001000010001
12 001000010001
12 001000010001
12 001000010001
12 001000010001
12 001000010001
12 001000010001
12 001000010001
12 001000010001
12 001000010001
12 001000010001
12 001000010001
2 001000010001
2 001000010001

7 001000010001
7 001000010001
7 001000010001
7 001000010001
9 001000010001
9 001000010001
9 001000010001
9 001000010001
11 001000010001
11 001000010001
11 001000010001
11 001000010001
0 001000010001
0 001000010001
11 001000010001
11 001000010001

12 000010010001
12 000010010001
12 000010010001
12 000010010001
12 000010010001
12 000010010001
12 000010010001
12 000010010001
12 000010010001
12 000010010001
12 000010010001
12 000010010001
11 000010010001
11 000010010001
11 000010010001
11 000010010001

2 001000100001
2 001000100001
2 001000100001
2 001000100001
11 001000100001
11 001000100001
11 001000100001
11 001000100001
11 001000100001
11 001000100001
11 001000100001
11 001000100001
11 001000100001
11 001000100001
9 001000100001
9 001000100001

11 001000100100
11 001000100100
2 001000100100
2 001000100100
11 001000100100
11 001000100100
11 001000100100
11 001000100100
11 001000100100
11 001000100100
11 001000100100
11 001000100100
11 001000100100
11 001000100100
7 001000100100
7 001000100100

7 001000010001
7 001000010001
7 001000010001
7 001000010001
9 001000010001
9 001000010001
9 001000010001
9 001000010001
11 001000010001
11 001000010001
11 001000010001
11 001000010001
0 001000010001
0 001000010001
11 001000010001
11 001000010001

12 000010010001
12 000010010001
12 000010010001
12 000010010001
12 000010010001
12 000010010001
12 000010010001
12 000010010001
12 000010010001
12 000010010001
12 000010010001
12 000010010001
11 000010010001
11 000010010001
11 000010010001
11 000010010001

2 001000100001
2 001000100001
2 001000100001
2 001000100001
11 001000100001
11 001000100001
11 001000100001
11 001000100001
11 001000100001
11 001000100001
11 001000100001
11 001000100001
11 001000100001
11 001000100001
9 001000100001
9 001000100001

11 001000100100
11 001000100100
2 001000100100
2 001000100100
11 001000100100
11 001000100100
11 001000100100
11 001000100100
11 001000100100
11 001000100100
2 001000100100
2 001000100100
2 001000100100
2 001000100100
2 001000100100
2 001000100100

4 001000010001
4 001000010001
4 001000010001
4 001000010001
7 001000010001
7 001000010001
7 001000010001
7 001000010001
7 001000010001
7 001000010001
7 001000010001
7 001000010001
7 001000010001
7 001000010001
9 001000010001
9 001000010001

11 001000010001
11 001000010001
11 001000010001
11 001000010001
11 001000010001
11 001000010001
11 001000010001
11 001000010001
9 001000010001
9 001000010001
9 001000010001
9 001000010001
7 001000010001
7 001000010001
9 001000010001
9 001000010001

4 000010010001
4 000010010001
4 000010010001
4 000010010001
4 000010010001
4 000010010001
4 000010010001
4 000010010001
4 000010010001
4 000010010001
4 000010010001
4 000010010001
4 000010010001
4 000010010001
4 000010010001
4 000010010001

12 000010010001
12 000010010001
12 000010010001
12 000010010001
12 000010010001
12 000010010001
12 000010010001
12 000010010001
12 000010010001
12 000010010001
12 000010010001
12 000010010001
7 000010010001
7 000010010001
7 000010010001
7 000010010001

9 100100000100
9 100100000100
9 100100000100
9 100100000100
9 100100000100
9 100100000100
9 100100000100
9 100100000100
9 100100000100
9 100100000100
9 100100000100
9 100100000100
9 100100000100
9 100100000100
9 100100000100
9 100100000100

9 100100000100
9 100100000100
9 100100000100
9 100100000100
9 100100000100
9 100100000100
9 100100000100
9 100100000100
0 100100000100
0 100100000100
0 100100000100
0 100100000100
3 100100000100
3 100100000100
3 100100000100
3 100100000100

12 001000100100
12 001000100100
2 001000100100
2 001000100100
2 001000100100
2 001000100100
2 001000100100
2 001000100100
2 001000100100
2 001000100100
2 001000100100
2 001000100100
2 001000100100
2 001000100100
2 001000100100
2 001000100100

12 001000100100
12 001000100100
12 001000100100
12 001000100100
12 001000100100
12 001000100100
12 001000100100
12 001000100100
12 001000100100
12 001000100100
12 001000100100
12 001000100100
12 001000100100
12 001000100100
2 001000100100
2 001000100100

7 001000010001
7 001000010001
7 001000010001
7 001000010001
9 001000010001
9 001000010001
9 001000010001
9 001000010001
11 001000010001
11 001000010001
11 001000010001
11 001000010001
0 001000010001
0 001000010001
11 001000010001
11 001000010001

12 000010010001
12 000010010001
12 000010010001
12 000010010001
12 000010010001
12 000010010001
12 000010010001
12 000010010001
12 000010010001
12 000010010001
12 000010010001
12 000010010001
12 000010010001
12 000010010001
11 000010010001
11 000010010001

2 001000100001
2 001000100001
2 001000100001
2 001000100001
11 001000100001
11 001000100001
11 001000100001
11 001000100001
11 001000100001
11 001000100001
11 001000100001
11 001000100001
11 001000100001
11 001000100001
9 001000100001
9 001000100001

11 001000100100
11 001000100100
2 001000100100
2 001000100100
11 001000100100
11 001000100100
11 001000100100
11 001000100100
11 001000100100
11 001000100100
11 001000100100
11 001000100100
11 001000100100
11 001000100100
7 001000100100
7 001000100100

7 001000010001
7 001000010001
7 001000010001
7 001000010001
9 001000010001
9 001000010001
9 001000010001
9 001000010001
11 001000010001
11 001000010001
11 001000010001
11 001000010001
0 001000010001
0 001000010001
11 001000010001
11 001000010001

12 000010010001
12 000010010001
12 000010010001
12 000010010001
12 000010010001
12 000010010001
12 000010010001
12 000010010001
12 000010010001
12 000010010001
12 000010010001
12 000010010001
12 000010010001
12 000010010001
11 000010010001
11 000010010001

2 001000100001
2 001000100001
2 001000100001
2 001000100001
11 001000100001
11 001000100001
11 001000100001
11 001000100001
11 001000100001
11 001000100001
11 001000100001
11 001000100001
11 001000100001
11 001000100001
9 001000100001
9 001000100001

11 001000100100
11 001000100100
2 001000100100
2 001000100100
11 001000100100
11 001000100100
11 001000100100
11 001000100100
11 001000100100
11 001000100100
2 001000100100
2 001000100100
2 001000100100
2 001000100100
2 001000100100
2 001000100100

4 001000010001
4 001000010001
4 001000010001
4 001000010001
7 001000010001
7 001000010001
7 001000010001
7 001000010001
7 001000010001
7 001000010001
7 001000010001
7 001000010001
7 001000010001
7 001000010001
9 001000010001
9 001000010001

11 001000010001
11 001000010001
11 001000010001
11 001000010001
11 001000010001
11 001000010001
11 001000010001
11 001000010001
9 001000010001
9 001000010001
9 001000010001
9 001000010001
7 001000010001
7 001000010001
7 001000010001
7 001000010001

4 000010010001
4 000010010001
4 000010010001
4 000010010001
4 000010010001
4 000010010001
4 000010010001
4 000010010001
4 000010010001
4 000010010001
4 000010010001
4 000010010001
4 000010010001
4 000010010001
4 000010010001
4 000010010001

12 000010010001
12 000010010001
12 000010010001
12 000010010001
12 000010010001
12 000010010001
12 000010010001
12 000010010001
12 000010010001
12 000010010001
12 000010010001
12 000010010001
7 000010010001
7 000010010001
7 000010010001
7 000010010001

9 100100000100
9 100100000100
9 100100000100
9 100100000100
9 100100000100
9 100100000100
9 100100000100
9 100100000100
9 100100000100
9 100100000100
9 100100000100
9 100100000100
9 100100000100
9 100100000100
9 100100000100
9 100100000100

9 100100000100
9 100100000100
9 100100000100
9 100100000100
9 100100000100
9 100100000100
9 100100000100
9 100100000100
0 100100000100
0 100100000100
0 100100000100
0 100100000100
3 100100000100
3 100100000100
3 100100000100
3 100100000100

12 001000100100
12 001000100100
2 001000100100
2 001000100100
2 001000100100
2 001000100100
2 001000100100
2 001000100100
2 001000100100
2 001000100100
2 001000100100
2 001000100100
2 001000100100
2 001000100100
11 001000100100
11 001000100100

12 001000100100
12 001000100100
12 001000100100
12 001000100100
12 001000100100
12 001000100100
12 001000100100
12 001000100100
12 001000100100
12 001000100100
12 001000100100
12 001000100100
12 001000100100
12 001000100100
2 001000100100
2 001000100100

4 000010010001
4 000010010001
4 000010010001
4 000010010001
7 000010010001
7 000010010001
7 000010010001
7 000010010001
7 000010010001
7 000010010001
7 000010010001
7 000010010001
7 000010010001
7 000010010001
7 000010010001
7 000010010001

6 000010010001
6 000010010001
6 000010010001
6 000010010001
6 000010010001
6 000010010001
4 000010010001
4 000010010001
4 000010010001
4 000010010001
4 000010010001
4 000010010001
4 000010010001
4 000010010001
2 000010010001
2 000010010001

4 010010000100
4 010010000100
4 010010000100
4 010010000100
7 010010000100
7 010010000100
7 010010000100
7 010010000100
7 010010000100
7 010010000100
7 010010000100
7 010010000100
7 010010000100
7 010010000100
7 010010000100
7 010010000100

6 010010000100
6 010010000100
6 010010000100
6 010010000100
6 010010000100
6 010010000100
4 010010000100
4 010010000100
4 010010000100
4 010010000100
4 010010000100
4 010010000100
9 010010000100
9 010010000100
9 010010000100
9 010010000100

9 100100000100
9 100100000100
9 100100000100
9 100100000100
9 100100000100
9 100100000100
9 100100000100
9 100100000100
9 100100000100
9 100100000100
9 100100000100
9 100100000100
9 100100000100
9 100100000100
9 100100000100
9 100100000100

10 001000100100
10 001000100100
10 001000100100
10 001000100100
10 001000100100
10 001000100100
10 001000100100
10 001000100100
9 001000100100
9 001000100100
9 001000100100
9 001000100100
9 001000100100
9 001000100100
9 001000100100
9 001000100100

12 001000010001
12 001000010001
7 001000010001
7 001000010001
7 001000010001
7 001000010001
7 001000010001
7 001000010001
7 001000010001
7 001000010001
7 001000010001
7 001000010001
7 001000010001
7 001000010001
7 001000010001
7 001000010001

12 001000010001
12 001000010001
12 001000010001
12 001000010001
12 001000010001
12 001000010001
12 001000010001
12 001000010001
12 001000010001
12 001000010001
12 001000010001
12 001000010001
12 001000010001
12 001000010001
2 001000010001
2 001000010001

7 001000010001
7 001000010001
7 001000010001
7 001000010001
9 001000010001
9 001000010001
9 001000010001
9 001000010001
11 001000010001
11 001000010001
11 001000010001
11 001000010001
0 001000010001
0 001000010001
11 001000010001
11 001000010001

12 000010010001
12 000010010001
12 000010010001
12 000010010001
12 000010010001
12 000010010001
12 000010010001
12 000010010001
12 000010010001
12 000010010001
12 000010010001
12 000010010001
12 000010010001
12 000010010001
11 000010010001
11 000010010001

2 001000100001
2 001000100001
2 001000100001
2 001000100001
11 001000100001
11 001000100001
11 001000100001
11 001000100001
11 001000100001
11 001000100001
11 001000100001
11 001000100001
11 001000100001
11 001000100001
9 001000100001
9 001000100001

11 001000100100
11 001000100100
2 001000100100
2 001000100100
11 001000100100
11 001000100100
11 001000100100
11 001000100100
11 001000100100
11 001000100100
11 001000100100
11 001000100100
11 001000100100
11 001000100100
11 001000100100
11 001000100100

7 001000010001
7 001000010001
7 001000010001
7 001000010001
9 001000010001
9 001000010001
9 001000010001
9 001000010001
11 001000010001
11 001000010001
11 001000010001
11 001000010001
0 001000010001
0 001000010001
11 001000010001
11 001000010001

12 000010010001
12 000010010001
12 000010010001
12 000010010001
12 000010010001
12 000010010001
12 000010010001
12 000010010001
12 000010010001
12 000010010001
12 000010010001
12 000010010001
12 000010010001
12 000010010001
11 000010010001
11 000010010001

2 001000100001
2 001000100001
2 001000100001
2 001000100001
11 001000100001
11 001000100001
10 001000100001
10 001000100001
11 001000100001
11 001000100001
11 001000100001
11 001000100001
11 001000100001
11 001000100001
9 001000100001
9 001000100001

11 001000100100
11 001000100100
2 001000100100
2 001000100100
11 001000100100
11 001000100100
11 001000100100
11 001000100100
11 001000100100
11 001000100100
2 001000100100
2 001000100100
2 001000100100
2 001000100100
2 001000100100
2 001000100100

4 001000010001
4 001000010001
4 001000010001
4 001000010001
7 001000010001
7 001000010001
7 001000010001
7 001000010001
7 001000010001
7 001000010001
7 001000010001
7 001000010001
7 001000010001
7 001000010001
9 001000010001
9 001000010001

11 001000010001
11 001000010001
11 001000010001
11 001000010001
11 001000010001
11 001000010001
11 001000010001
11 001000010001
9 001000010001
9 001000010001
9 001000010001
9 001000010001
7 001000010001
7 001000010001
7 001000010001
7 001000010001

4 000010010001
4 000010010001
4 000010010001
4 000010010001
4 000010010001
4 000010010001
4 000010010001
4 000010010001
4 000010010001
4 000010010001
4 000010010001
4 000010010001
4 000010010001
4 000010010001
4 000010010001
4 000010010001

12 000010010001
12 000010010001
12 000010010001
12 000010010001
12 000010010001
12 000010010001
12 000010010001
12 000010010001
12 000010010001
12 000010010001
12 000010010001
12 000010010001
12 000010010001
12 000010010001
7 000010010001
7 000010010001

9 100100000100
9 100100000100
9 100100000100
9 100100000100
9 100100000100
9 100100000100
9 100100000100
9 100100000100
9 100100000100
9 100100000100
9 100100000100
9 100100000100
9 100100000100
9 100100000100
9 100100000100
9 100100000100

9 100100000100
9 100100000100
9 100100000100
9 100100000100
9 100100000100
9 100100000100
9 100100000100
9 100100000100
0 100100000100
0 100100000100
0 100100000100
0 100100000100
3 100100000100
3 100100000100
3 100100000100
3 100100000100

12 001000100100
12 001000100100
2 001000100100
2 001000100100
2 001000100100
2 001000100100
2 001000100100
2 001000100100
2 001000100100
2 001000100100
2 001000100100
2 001000100100
2 001000100100
2 001000100100
11 001000100100
11 001000100100

12 001000100100
12 001000100100
12 001000100100
12 001000100100
12 001000100100
12 001000100100
12 001000100100
12 001000100100
12 001000100100
12 001000100100
12 001000100100
12 001000100100
12 001000100100
12 001000100100
2 001000100100
2 001000100100

4 000010010001
4 000010010001
4 000010010001
4 000010010001
7 000010010001
7 000010010001
7 000010010001
7 000010010001
7 000010010001
7 000010010001
7 000010010001
7 000010010001
7 000010010001
7 000010010001
7 000010010001
7 000010010001

6 000010010001
6 000010010001
6 000010010001
6 000010010001
6 000010010001
6 000010010001
4 000010010001
4 000010010001
4 000010010001
4 000010010001
4 000010010001
4 000010010001
4 000010010001
4 000010010001
2 000010010001
2 000010010001

4 010010000100
4 010010000100
4 010010000100
4 010010000100
7 010010000100
7 010010000100
7 010010000100
7 010010000100
7 010010000100
7 010010000100
7 010010000100
7 010010000100
7 010010000100
7 010010000100
7 010010000100
7 010010000100

6 010010000100
6 010010000100
6 010010000100
6 010010000100
6 010010000100
6 010010000100
4 010010000100
4 010010000100
4 010010000100
4 010010000100
4 010010000100
4 010010000100
9 010010000100
9 010010000100
9 010010000100
9 010010000100

9 100100000100
9 100100000100
9 100100000100
9 100100000100
9 100100000100
9 100100000100
9 100100000100
9 100100000100
9 100100000100
9 100100000100
9 100100000100
9 100100000100
9 100100000100
9 100100000100
9 100100000100
9 100100000100

10 001000100100
10 001000100100
10 001000100100
10 001000100100
10 001000100100
10 001000100100
10 001000100100
10 001000100100
9 001000100100
9 001000100100
9 001000100100
9 001000100100
9 001000100100
9 001000100100
9 001000100100
9 001000100100

12 001000010001
12 001000010001
7 001000010001
7 001000010001
7 001000010001
7 001000010001
7 001000010001
7 001000010001
7 001000010001
7 001000010001
7 001000010001
7 001000010001
7 001000010001
7 001000010001
7 001000010001
7 001000010001

12 000010010001
12 000010010001
12 000010010001
12 000010010001
12 000010010001
12 000010010001
12 000010010001
12 000010010001
12 000010010001
12 000010010001
12 000010010001
12 000010010001
7 000010010001
7 000010010001
7 000010010001
7 000010010001

9 100100000100
9 100100000100
9 100100000100
9 100100000100
9 100100000100
9 100100000100
9 100100000100
9 100100000100
9 100100000100
9 100100000100
9 100100000100
9 100100000100
9 100100000100
9 100100000100
9 100100000100
9 100100000100

10 001000100100
10 001000100100
10 001000100100
10 001000100100
10 001000100100
10 001000100100
10 001000100100
10 001000100100
9 001000100100
9 001000100100
9 001000100100
9 001000100100
9 001000100100
9 001000100100
9 001000100100
9 001000100100

12 001000010001
12 001000010001
7 001000010001
7 001000010001
7 001000010001
7 001000010001
7 001000010001
7 001000010001
7 001000010001
7 001000010001
7 001000010001
7 001000010001
7 001000010001
7 001000010001
7 001000010001
7 001000010001

12 000010010001
12 000010010001
12 000010010001
12 000010010001
12 000010010001
12 000010010001
12 000010010001
12 000010010001
12 000010010001
12 000010010001
12 000010010001
12 000010010001
7 000010010001
7 000010010001
7 000010010001
7 000010010001

9 100100000100
9 100100000100
9 100100000100
9 100100000100
9 100100000100
9 100100000100
9 100100000100
9 100100000100
9 100100000100
9 100100000100
9 100100000100
9 100100000100
9 100100000100
9 100100000100
9 100100000100
9 100100000100

10 001000100100
10 001000100100
10 001000100100
10 001000100100
10 001000100100
10 001000100100
10 001000100100
9 001000100100
7 001000100100
7 001000100100
9 001000100100
9 001000100100
9 001000100100
9 001000100100
7 001000100100
7 001000100100

7 001000010001
7 001000010001
7 001000010001
7 001000010001
7 001000010001
7 001000010001
7 001000010001
7 001000010001
7 001000010001
7 001000010001
7 001000010001
7 001000010001
7 001000010001
7 001000010001
7 001000010001
7 001000010001

12 001000010001
12 001000010001
12 001000010001
12 001000010001
12 001000010001
12 001000010001
12 001000010001
12 001000010001
12 001000010001
12 001000010001
12 001000010001
12 001000010001
12 001000010001
12 001000010001
12 001000010001
12 001000010001

12 000010010001
12 000010010001
12 000010010001
12 000010010001
12 000010010001
12 000010010001
12 000010010001
12 000010010001
7 000010010001
7 000010010001
7 000010010001
7 000010010001
7 000010010001
7 000010010001
7 000010010001
7 000010010001

6 000010010001
6 000010010001
6 000010010001
6 000010010001
6 000010010001
6 000010010001
4 000010010001
4 000010010001
4 000010010001
4 000010010001
4 000010010001
4 000010010001
4 000010010001
4 000010010001
4 000010010001
4 000010010001

12 100010010000
12 100010010000
12 100010010000
12 100010010000
12 100010010000
12 100010010000
12 100010010000
12 100010010000
7 100010010000
7 100010010000
7 100010010000
7 100010010000
7 100010010000
7 100010010000
7 100010010000
7 100010010000

6 100010010000
6 100010010000
6 100010010000
6 100010010000
6 100010010000
6 100010010000
6 100010010000
6 100010010000
4 100010010000
4 100010010000
4 100010010000
4 100010010000
4 100010010000
4 100010010000
4 100010010000
4 100010010000

4 001000010001
4 001000010001
4 001000010001
4 001000010001
4 001000010001
4 001000010001
4 001000010001
4 001000010001
4 001000010001
4 001000010001
4 001000010001
4 001000010001
4 001000010001
4 001000010001
4 001000010001
4 001000010001

12 001000010001
12 001000010001
12 001000010001
12 001000010001
12 001000010001
12 001000010001
12 001000010001
12 001000010001
12 001000010001
12 001000010001
12 001000010001
12 001000010001
12 001000010001
12 001000010001
12 001000010001
12 001000010001

