12 100001000100
12 100001000100
12 100001000100
12 100001000100
12 100001000100
12 100001000100
12 100001000100
12 100001000100
12 100001000100
12 100001000100
12 100001000100
12 100001000100
12 100001000100
12 100001000100
12 100001000100
12 100001000100

12 100101000100
12 100101000100
12 100101000100
12 100101000100
12 100101000100
12 100101000100
12 100101000100
12 100101000100
12 100101000100
12 100101000100
12 100101000100
12 100101000100
12 100101000100
12 100101000100
12 100101000100
12 100101000100

12 001000010010
12 001000010010
12 001000010010
12 001000010010
12 001000010010
12 001000010010
12 001000010010
12 001000010010
12 100001000100
12 100001000100
12 100001000100
12 100001000100
12 100001000100
12 100001000100
12 100001000100
12 100001000100

12 000100010010
12 000100010010
12 000100010010
12 000100010010
12 001001000010
12 001001000010
12 001001000010
12 001001000010
12 001001000010
12 001001000010
12 001001000010
12 001001000010
12 001001000010
12 001001000010
12 001001000010
12 001001000010

12 001001000010
12 001001000010
12 001001000010
12 001001000010
2 001001000010
2 001001000010
2 001001000010
2 001001000010
3 001001000010
3 001001000010
2 001001000010
2 001001000010
2 001001000010
2 001001000010
10 001001000010
10 001001000010

12 001001000010
12 001001000010
12 001001000010
12 001001000010
5 001001000010
5 001001000010
7 001001000010
7 001001000010
0 001001000010
0 001001000010
10 001001000010
10 001001000010
10 001001000010
10 001001000010
10 001001000010
8 001001000010

12 100001001000
12 100001001000
12 100001001000
12 100001001000
12 100001001000
12 100001001000
12 100001001000
12 100001001000
8 100001001000
8 100001001000
8 100001001000
10 100001001000
10 100001001000
10 100001001000
0 100001001000
0 100001001000

5 100001001000
5 100001001000
5 100001001000
5 100001001000
5 100001001000
5 100001001000
5 100001001000
5 100001001000
5 100001001000
5 100001001000
5 100001001000
5 100001001000
5 100001001000
5 100001001000
5 100001001000
5 100001001000

12 001001010001
12 001001010001
12 001001010001
12 001001010001
12 001001010001
12 001001010001
12 001001010001
12 001001010001
8 001001010001
8 001001010001
8 001001010001
10 001001010001
10 001001010001
10 001001010001
11 001001010001
11 001001010001

5 001001010001
5 001001010001
5 001001010001
5 001001010001
5 001001010001
5 001001010001
5 001001010001
5 001001010001
5 001001010001
5 001001010001
5 001001010001
5 001001010001
5 001001010001
5 001001010001
5 001001010001
5 001001010001

5 000100010010
5 000100010010
5 000100010010
5 000100010010
3 000100010010
3 000100010010
3 000100010010
3 000100010010
2 000100010010
2 000100010010
2 000100010010
2 000100010010
0 000100010010
0 000100010010
0 000100010010
0 000100010010

0 001000010001
0 001000010001
2 001000010001
2 001000010001
2 001000010001
2 001000010001
2 001000010001
2 001000010001
2 001000010001
2 001000010001
2 001000010001
2 001000010001
2 001000010001
2 001000010001
2 001000010001
2 001000010001

2 000100010010
2 000100010010
2 000100010010
10 000100010010
10 000100010010
10 000100010010
7 000100010010
7 000100010010
2 000100010010
2 000100010010
2 000100010010
10 000100010010
10 000100010010
10 000100010010
5 000100010010
5 000100010010

0 001001000010
0 001001000010
10 001001000010
10 001001000010
10 001001000010
10 001001000010
10 001001000010
10 001001000010
10 001001000010
10 001001000010
10 001001000010
10 001001000010
10 001001000010
10 001001000010
10 001001000010
10 001001000010

0 100001000100
0 100001000100
0 100001000100
0 100001000100
0 100001000100
0 100001000100
0 100001000100
0 100001000100
0 100001000100
0 100001000100
0 100001000100
0 100001000100
0 100001000100
0 100001000100
0 100001000100
0 100001000100

0 100101000100
0 100101000100
0 100101000100
0 100101000100
0 100101000100
0 100101000100
0 100101000100
0 100101000100
0 100101000100
0 100101000100
0 100101000100
0 100101000100
0 100101000100
0 100101000100
0 100101000100
0 100101000100

12 001000010010
12 001000010010
10 001000010010
10 001000010010
10 001000010010
10 001000010010
10 001000010010
10 001000010010
2 001001000100
2 001001000100
0 001001000100
0 001001000100
10 001001000100
10 001001000100
9 001001000100
9 001001000100

0 000100010010
10 000100010010
7 000100010010
7 000100010010
7 000100010010
7 000100010010
7 000100010010
7 000100010010
7 000100010010
7 000100010010
7 000100010010
7 000100010010
7 000100010010
7 000100010010
7 000100010010
7 000100010010

12 000100010010
12 000100010010
10 000100010010
10 000100010010
10 000100010010
10 000100010010
10 000100010010
9 000100010010
9 100001000100
9 100001000100
9 100001000100
7 100001000100
5 100001000100
5 100001000100
2 100001000100
2 100001000100

10 001001000010
10 001001000010
10 001001000010
10 001001000010
10 001001000010
0 001001000010
10 001001000010
9 001001000010
7 001000010010
7 001000010010
7 001000010010
7 001000010010
7 001000010010
7 001000010010
7 001000010010
7 001000010010

12 000100010010
12 000100010010
10 000100010010
10 000100010010
10 000100010010
10 000100010010
10 000100010010
10 000100010010
0 100001000100
10 100001000100
10 100001000100
9 100001000100
9 100001000100
9 100001000100
10 100001000100
10 100001000100

10 000100010010
10 000100010010
10 000100010010
10 000100010010
10 000100010010
10 000100010010
10 000100010010
10 000100010010
10 001001000010
10 001001000010
10 001001000010
10 001001000010
10 001001000010
10 001001000010
10 001001000010
10 001001000010

12 001001000010
12 001001000010
12 001001000010
12 001001000010
2 001001000010
2 001001000010
2 001001000010
2 001001000010
3 001001000010
3 001001000010
2 001001000010
2 001001000010
2 001001000010
2 001001000010
10 001001000010
10 001001000010

12 001001000010
12 001001000010
12 001001000010
12 001001000010
5 001001000010
5 001001000010
7 001001000010
7 001001000010
0 001001000010
0 001001000010
10 001001000010
10 001001000010
10 001001000010
10 001001000010
10 001001000010
10 001001000010

8 100001001000
8 100001001000
8 100001001000
8 100001001000
8 100001001000
8 100001001000
8 100001001000
8 100001001000
8 100001001000
8 100001001000
8 100001001000
10 100001001000
10 100001001000
10 100001001000
0 100001001000
0 100001001000

5 100001001000
5 100001001000
5 100001001000
5 100001001000
5 100001001000
5 100001001000
5 100001001000
5 100001001000
5 100001001000
5 100001001000
5 100001001000
5 100001001000
5 100001001000
5 100001001000
5 100001001000
5 100001001000

12 001001010001
12 001001010001
12 001001010001
12 001001010001
12 001001010001
12 001001010001
12 001001010001
12 001001010001
8 001001010001
8 001001010001
8 001001010001
10 001001010001
10 001001010001
10 001001010001
11 001001010001
11 001001010001

12 001001010001
12 001001010001
5 001001010001
5 001001010001
5 001001010001
5 001001010001
5 001001010001
5 001001010001
5 001001010001
5 001001010001
5 001001010001
5 001001010001
5 001001010001
5 001001010001
5 001001010001
5 001001010001

5 000100010010
5 000100010010
5 000100010010
5 000100010010
3 000100010010
3 000100010010
3 000100010010
3 000100010010
2 000100010010
2 000100010010
2 000100010010
2 000100010010
0 000100010010
0 000100010010
0 000100010010
0 000100010010

0 001000010001
0 001000010001
2 001000010001
2 001000010001
2 001000010001
2 001000010001
2 001000010001
2 001000010001
2 001000010001
2 001000010001
2 001000010001
2 001000010001
2 001000010001
2 001000010001
2 001000010001
2 001000010001

2 000100010010
2 000100010010
2 000100010010
10 000100010010
10 000100010010
10 000100010010
7 000100010010
7 000100010010
2 000100010010
2 000100010010
2 000100010010
10 000100010010
10 000100010010
10 000100010010
5 000100010010
5 000100010010

0 001001000010
0 001001000010
10 001001000010
10 001001000010
10 001001000010
10 001001000010
10 001001000010
10 001001000010
10 001001000010
10 001001000010
10 001001000010
10 001001000010
10 001001000010
10 001001000010
10 001001000010
10 001001000010

12 001001000010
12 001001000010
12 001001000010
12 001001000010
12 001001000010
12 001001000010
12 001001000010
12 001001000010
12 001001000010
12 001001000010
12 001001000010
12 001001000010
12 001001000010
12 001001000010
12 001001000010
12 001001000010

0 100001000100
0 100001000100
0 100001000100
0 100001000100
0 100001000100
0 100001000100
0 100001000100
0 100001000100
0 100001000100
0 100001000100
0 100001000100
0 100001000100
0 100001000100
0 100001000100
0 100001000100
0 100001000100

0 100101000100
0 100101000100
0 100101000100
0 100101000100
0 100101000100
0 100101000100
0 100101000100
0 100101000100
0 100101000100
0 100101000100
0 100101000100
0 100101000100
0 100101000100
0 100101000100
0 100101000100
0 100101000100

12 001000010010
12 001000010010
10 001000010010
10 001000010010
10 001000010010
10 001000010010
9 001000010010
9 001000010010
2 001001000100
2 001001000100
0 001001000100
0 001001000100
10 001001000100
10 001001000100
9 001001000100
9 001001000100

0 000100010010
10 000100010010
7 000100010010
7 000100010010
7 000100010010
7 000100010010
7 000100010010
7 000100010010
7 000100010010
7 000100010010
7 000100010010
7 000100010010
7 000100010010
7 000100010010
7 000100010010
7 000100010010

12 000100010010
12 000100010010
12 000100010010
10 000100010010
10 000100010010
10 000100010010
10 000100010010
9 000100010010
9 100001000100
9 100001000100
7 100001000100
5 100001000100
5 100001000100
5 100001000100
2 100001000100
2 100001000100

10 001001000010
10 001001000010
10 001001000010
10 001001000010
10 001001000010
0 001001000010
10 001001000010
9 001001000010
7 001000010010
7 001000010010
7 001000010010
7 001000010010
7 001000010010
7 001000010010
7 001000010010
7 001000010010

12 000100010010
12 000100010010
12 000100010010
10 000100010010
10 000100010010
10 000100010010
10 000100010010
10 000100010010
0 100001000100
0 100001000100
10 100001000100
10 100001000100
9 100001000100
9 100001000100
9 100001000100
10 100001000100

12 000100010010
12 000100010010
10 000100010010
10 000100010010
10 000100010010
10 000100010010
10 000100010010
10 000100010010
10 001001000010
10 001001000010
10 001001000010
10 001001000010
10 001001000010
10 001001000010
10 001001000010
10 001001000010

12 001001000010
12 001001000010
12 001001000010
12 001001000010
2 001001000010
2 001001000010
2 001001000010
2 001001000010
3 001001000010
3 001001000010
2 001001000010
2 001001000010
2 001001000010
2 001001000010
10 001001000010
10 001001000010

12 001001000010
12 001001000010
12 001001000010
12 001001000010
5 001001000010
5 001001000010
7 001001000010
7 001001000010
0 001001000010
0 001001000010
10 001001000010
10 001001000010
10 001001000010
10 001001000010
10 001001000010
10 001001000010

8 100001001000
8 100001001000
8 100001001000
8 100001001000
8 100001001000
8 100001001000
8 100001001000
8 100001001000
8 100001001000
8 100001001000
8 100001001000
10 100001001000
10 100001001000
10 100001001000
0 100001001000
0 100001001000

5 100001001000
5 100001001000
5 100001001000
5 100001001000
5 100001001000
5 100001001000
5 100001001000
5 100001001000
5 100001001000
5 100001001000
5 100001001000
5 100001001000
5 100001001000
5 100001001000
5 100001001000
5 100001001000

12 001001010001
12 001001010001
12 001001010001
12 001001010001
12 001001010001
12 001001010001
12 001001010001
12 001001010001
8 001001010001
8 001001010001
8 001001010001
10 001001010001
10 001001010001
10 001001010001
11 001001010001
11 001001010001

12 001001010001
12 001001010001
5 001001010001
5 001001010001
5 001001010001
5 001001010001
5 001001010001
5 001001010001
5 001001010001
5 001001010001
5 001001010001
5 001001010001
5 001001010001
5 001001010001
5 001001010001
5 001001010001

5 000100010010
5 000100010010
5 000100010010
5 000100010010
3 000100010010
3 000100010010
3 000100010010
3 000100010010
2 000100010010
2 000100010010
2 000100010010
2 000100010010
0 000100010010
0 000100010010
0 000100010010
0 000100010010

0 001000010001
0 001000010001
2 001000010001
2 001000010001
2 001000010001
2 001000010001
2 001000010001
2 001000010001
2 001000010001
2 001000010001
2 001000010001
2 001000010001
2 001000010001
2 001000010001
2 001000010001
2 001000010001

2 000100010010
2 000100010010
2 000100010010
10 000100010010
10 000100010010
10 000100010010
7 000100010010
7 000100010010
2 000100010010
2 000100010010
2 000100010010
10 000100010010
10 000100010010
10 000100010010
5 000100010010
5 000100010010

0 001001000010
0 001001000010
10 001001000010
10 001001000010
10 001001000010
10 001001000010
10 001001000010
10 001001000010
10 001001000010
10 001001000010
10 001001000010
10 001001000010
10 001001000010
10 001001000010
10 001001000010
10 001001000010

12 001001000010
12 001001000010
12 001001000010
12 001001000010
12 001001000010
12 001001000010
12 001001000010
12 001001000010
12 001001000010
12 001001000010
12 001001000010
12 001001000010
12 001001000010
12 001001000010
12 001001000010
12 001001000010

0 100001000100
0 100001000100
0 100001000100
0 100001000100
0 100001000100
0 100001000100
0 100001000100
0 100001000100
0 100001000100
0 100001000100
0 100001000100
0 100001000100
0 100001000100
0 100001000100
0 100001000100
0 100001000100

12 100101000100
12 100101000100
12 100101000100
12 100101000100
0 100101000100
0 100101000100
0 100101000100
0 100101000100
0 100101000100
0 100101000100
0 100101000100
0 100101000100
0 100101000100
0 100101000100
0 100101000100
0 100101000100

12 001000010010
12 001000010010
10 001000010010
10 001000010010
10 001000010010
10 001000010010
9 001000010010
9 001000010010
2 001001000100
2 001001000100
0 001001000100
0 001001000100
10 001001000100
10 001001000100
9 001001000100
0 001001000100

12 000100010010
10 000100010010
7 000100010010
7 000100010010
7 000100010010
7 000100010010
7 000100010010
7 000100010010
7 000100010010
7 000100010010
7 000100010010
7 000100010010
7 000100010010
7 000100010010
7 000100010010
7 000100010010

12 000100010010
12 000100010010
10 000100010010
10 000100010010
10 000100010010
10 000100010010
10 000100010010
10 000100010010
9 100001000100
9 100001000100
7 100001000100
7 100001000100
5 100001000100
5 100001000100
2 100001000100
2 100001000100

10 001001000010
10 001001000010
10 001001000010
10 001001000010
10 001001000010
0 001001000010
10 001001000010
9 001001000010
7 001000010010
7 001000010010
7 001000010010
7 001000010010
7 001000010010
7 001000010010
7 001000010010
7 001000010010

12 000100010010
12 000100010010
12 000100010010
10 000100010010
10 000100010010
10 000100010010
10 000100010010
10 000100010010
0 100001000100
0 100001000100
10 100001000100
10 100001000100
10 100001000100
10 100001000100
9 100001000100
9 100001000100

10 000100010010
10 000100010010
10 000100010010
10 000100010010
10 000100010010
10 000100010010
10 000100010010
10 000100010010
10 001001000010
10 001001000010
10 001001000010
10 001001000010
10 001001000010
10 001001000010
10 001001000010
10 001001000010

12 001001000010
12 001001000010
12 001001000010
12 001001000010
2 001001000010
2 001001000010
2 001001000010
2 001001000010
3 001001000010
3 001001000010
2 001001000010
2 001001000010
2 001001000010
2 001001000010
10 001001000010
10 001001000010

12 001001000010
12 001001000010
12 001001000010
12 001001000010
5 001001000010
5 001001000010
7 001001000010
7 001001000010
0 001001000010
0 001001000010
10 001001000010
10 001001000010
10 001001000010
10 001001000010
10 001001000010
10 001001000010

8 100001001000
8 100001001000
8 100001001000
8 100001001000
8 100001001000
8 100001001000
8 100001001000
8 100001001000
8 100001001000
8 100001001000
8 100001001000
10 100001001000
10 100001001000
10 100001001000
0 100001001000
0 100001001000

5 100001001000
5 100001001000
5 100001001000
5 100001001000
5 100001001000
5 100001001000
5 100001001000
5 100001001000
5 100001001000
5 100001001000
5 100001001000
5 100001001000
5 100001001000
5 100001001000
5 100001001000
5 100001001000

12 001001010001
12 001001010001
12 001001010001
12 001001010001
12 001001010001
12 001001010001
12 001001010001
12 001001010001
8 001001010001
8 001001010001
8 001001010001
10 001001010001
10 001001010001
10 001001010001
11 001001010001
11 001001010001

5 001001010001
5 001001010001
5 001001010001
5 001001010001
5 001001010001
5 001001010001
5 001001010001
5 001001010001
5 001001010001
5 001001010001
5 001001010001
5 001001010001
5 001001010001
5 001001010001
5 001001010001
5 001001010001

5 000100010010
5 000100010010
5 000100010010
5 000100010010
3 000100010010
3 000100010010
3 000100010010
3 000100010010
2 000100010010
2 000100010010
2 000100010010
2 000100010010
0 000100010010
0 000100010010
0 000100010010
0 000100010010

0 001000010001
0 001000010001
2 001000010001
2 001000010001
2 001000010001
2 001000010001
2 001000010001
2 001000010001
2 001000010001
2 001000010001
2 001000010001
2 001000010001
2 001000010001
2 001000010001
2 001000010001
2 001000010001

2 000100010010
2 000100010010
2 000100010010
10 000100010010
10 000100010010
10 000100010010
7 000100010010
7 000100010010
2 000100010010
2 000100010010
2 000100010010
10 000100010010
10 000100010010
10 000100010010
5 000100010010
5 000100010010

0 001001000010
0 001001000010
10 001001000010
10 001001000010
10 001001000010
10 001001000010
10 001001000010
10 001001000010
10 001001000010
10 001001000010
10 001001000010
10 001001000010
10 001001000010
10 001001000010
10 001001000010
10 001001000010

2 000100010010
2 000100010010
2 000100010010
10 000100010010
10 000100010010
10 000100010010
7 000100010010
7 000100010010
2 000100010010
2 000100010010
2 000100010010
10 000100010010
10 000100010010
10 000100010010
5 000100010010
5 000100010010

0 001001000010
0 001001000010
0 001001000010
10 001001000010
10 001001000010
10 001001000010
10 001001000010
10 001001000010
10 001001000010
10 001001000010
10 001001000010
10 001001000010
10 001001000010
10 001001000010
10 001001000010
10 001001000010

2 000100010010
2 000100010010
2 000100010010
10 000100010010
10 000100010010
10 000100010010
7 000100010010
7 000100010010
5 100001000100
5 100001000100
5 100001000100
3 100001000100
3 100001000100
3 100001000100
5 100001000100
5 100001000100

7 000100010010
7 000100010010
10 000100010010
10 000100010010
10 000100010010
10 000100010010
10 000100010010
10 000100010010
10 000100010010
10 000100010010
10 000100010010
10 000100010010
10 000100010010
10 000100010010
10 000100010010
10 000100010010

12 001001000010
12 001001000010
12 001001000010
12 001001000010
12 001001000010
12 001001000010
12 001001000010
12 001001000010
12 001001000010
12 001001000010
12 001001000010
12 001001000010
12 001001000010
12 001001000010
12 001001000010
12 001001000010

12 001001000010
12 001001000010
12 001001000010
12 001001000010
12 001001000010
12 001001000010
12 001001000010
12 001001000010
12 001001000010
12 001001000010
12 001001000010
12 001001000010
12 001001000010
12 001001000010
12 001001000010
12 001001000010

12 001001000010
12 001001000010
12 001001000010
12 001001000010
12 001001000010
12 001001000010
12 001001000010
12 001001000010
12 001001000010
12 001001000010
12 001001000010
12 001001000010
12 001001000010
12 001001000010
12 001001000010
12 001001000010

12 001001000010
12 001001000010
12 001001000010
12 001001000010
12 001001000010
12 001001000010
12 001001000010
12 001001000010
12 001001000010
12 001001000010
12 001001000010
12 001001000010
12 001001000010
12 001001000010
12 001001000010
12 001001000010

12 001001000010
12 001001000010
12 001001000010
12 001001000010
12 001001000010
12 001001000010
12 001001000010
12 001001000010
12 001001000010
12 001001000010
12 001001000010
12 001001000010
12 001001000010
12 001001000010
12 001001000010
12 001001000010

12 001001000010
12 001001000010
12 001001000010
12 001001000010
12 001001000010
12 001001000010
12 001001000010
12 001001000010
12 001001000010
12 001001000010
12 001001000010
12 001001000010
12 001001000010
12 001001000010
12 001001000010
12 001001000010

12 001001000010
12 001001000010
12 001001000010
12 001001000010
12 001001000010
12 001001000010
12 001001000010
12 001001000010
12 001001000010
12 001001000010
12 001001000010
12 001001000010
12 001001000010
12 001001000010
12 001001000010
12 001001000010

12 001001000010
12 001001000010
12 001001000010
12 001001000010
12 001001000010
12 001001000010
12 001001000010
12 001001000010
12 001001000010
12 001001000010
12 001001000010
12 001001000010
12 001001000010
12 001001000010
12 001001000010
12 001001000010

12 001001000010
12 001001000010
12 001001000010
12 001001000010
12 001001000010
12 001001000010
12 001001000010
12 001001000010
12 001001000010
12 001001000010
12 001001000010
12 001001000010
12 001001000010
12 001001000010
12 001001000010
12 001001000010

12 001001000010
12 001001000010
12 001001000010
12 001001000010
12 001001000010
12 001001000010
12 001001000010
12 001001000010
12 001001000010
12 001001000010
12 001001000010
12 001001000010
12 001001000010
12 001001000010
12 001001000010
12 001001000010

12 001001000010
12 001001000010
12 001001000010
12 001001000010
12 001001000010
12 001001000010
12 001001000010
12 001001000010
12 001001000010
12 001001000010
12 001001000010
12 001001000010
12 001001000010
12 001001000010
12 001001000010
12 001001000010

12 001001000010
12 001001000010
12 001001000010
12 001001000010
12 001001000010
12 001001000010
12 001001000010
12 001001000010
12 001001000010
12 001001000010
12 001001000010
12 001001000010
12 001001000010
12 001001000010
12 001001000010
12 001001000010

12 001001000010
12 001001000010
12 001001000010
12 001001000010
12 001001000010
12 001001000010
12 001001000010
12 001001000010
12 001001000010
12 001001000010
12 001001000010
12 001001000010
12 001001000010
12 001001000010
12 001001000010
12 001001000010

12 001001000010
12 001001000010
12 001001000010
12 001001000010
12 001001000010
12 001001000010
12 001001000010
12 001001000010
12 001001000010
12 001001000010
12 001001000010
12 001001000010
12 001001000010
12 001001000010
12 001001000010
12 001001000010

12 001001000010
12 001001000010
12 001001000010
12 001001000010
12 001001000010
12 001001000010
12 001001000010
12 001001000010
12 001001000010
12 001001000010
12 001001000010
12 001001000010
12 001001000010
12 001001000010
12 001001000010
12 001001000010

