12 010010000100
12 010010000100
12 010010000100
12 010010000100
12 010010000100
12 010010000100
12 010010000100
12 010010000100
12 000010001001
12 000010001001
12 000010001001
12 000010001001
12 000010001001
12 000010001001
12 000010001001
12 000010001001

12 010000100100
12 010000100100
12 010000100100
12 010000100100
12 010000100100
12 010000100100
12 010000100100
12 010000100100
12 010010001001
12 010010001001
12 010010001001
12 010010001001
12 010010001001
12 010010001001
12 010010001001
12 010010001001

12 001000100100
12 001000100100
12 001000100100
12 001000100100
12 001000100100
12 001000100100
12 001000100100
12 001000100100
12 000010001001
12 000010001001
12 000010001001
12 000010001001
12 000010001001
12 000010001001
12 000010001001
12 000010001001

12 010010000100
12 010010000100
12 010010000100
12 010010000100
12 010010000100
12 010010000100
12 010010000100
12 010010000100
12 010010000100
12 010010000100
12 010010000100
12 010010000100
12 010010000100
12 010010000100
12 010010000100
12 010010000100

12 010010000100
12 010010000100
12 010010000100
12 010010000100
1 010010000100
1 010010000100
9 010010000100
9 010010000100
4 000010001001
4 000010001001
4 000010001001
4 000010001001
4 000010001001
4 000010001001
1 000010001001
1 000010001001

12 010000100100
11 010000100100
9 010000100100
9 010000100100
9 010000100100
9 010000100100
9 010000100100
9 010000100100
9 010010001001
9 010010001001
9 010010001001
9 010010001001
9 010010001001
9 010010001001
9 010010001001
9 010010001001

12 001000100100
12 001000100100
12 001000100100
12 001000100100
2 001000100100
2 001000100100
2 001000100100
2 001000100100
1 010010000100
1 010010000100
11 010010000100
11 010010000100
9 010010000100
9 010010000100
1 010010000100
1 010010000100

11 000010001001
11 000010001001
11 000010001001
11 000010001001
11 000010001001
11 000010001001
11 000010001001
11 000010001001
11 000010001001
11 000010001001
11 000010001001
11 000010001001
11 000010001001
11 000010001001
11 000010001001
11 000010001001

12 010010000100
12 010010000100
12 010010000100
12 010010000100
1 010010000100
1 010010000100
9 010010000100
9 010010000100
4 000010001001
4 000010001001
4 000010001001
4 000010001001
11 000010001001
11 000010001001
1 000010001001
1 000010001001

12 010000100100
11 010000100100
9 010000100100
9 010000100100
9 010000100100
9 010000100100
9 010000100100
9 010000100100
9 010010001001
9 010010001001
9 010010001001
9 010010001001
9 010010001001
9 010010001001
9 010010001001
9 010010001001

12 001000100100
12 001000100100
12 001000100100
12 001000100100
2 001000100100
2 001000100100
2 001000100100
2 001000100100
1 010010000100
1 010010000100
11 010010000100
11 010010000100
9 010010000100
9 010010000100
1 010010000100
1 010010000100

11 000010001001
11 000010001001
11 000010001001
11 000010001001
11 000010001001
11 000010001001
11 000010001001
11 000010001001
11 000010001001
11 000010001001
11 000010001001
11 000010001001
11 000010001001
11 000010001001
11 000010001001
11 000010001001

12 010000100100
12 010000100100
12 010000100100
12 010000100100
12 010000100100
12 010000100100
9 010000100100
9 010000100100
9 010000100100
9 010000100100
9 010000100100
9 010000100100
11 010000100100
11 010000100100
8 010000100100
8 010000100100

12 010001001000
12 010001001000
12 010001001000
12 010001001000
12 010001001000
12 010001001000
12 010001001000
12 010001001000
12 010001001000
12 010001001000
12 010001001000
12 010001001000
12 010001001000
12 010001001000
12 010001001000
12 010001001000

12 010010010000
12 010010010000
12 010010010000
12 010010010000
12 010010010000
12 010010010000
6 010010010000
6 010010010000
6 010010010000
6 010010010000
6 010010010000
6 010010010000
9 010010010000
9 010010010000
6 010010010000
6 010010010000

12 010000100010
12 010000100010
12 010000100010
12 010000100010
12 010000100010
12 010000100010
12 010000100010
12 010000100010
11 010000100010
11 010000100010
11 010000100010
11 010000100010
1 010000100010
1 010000100010
2 010000100010
2 010000100010

12 001000100001
12 001000100001
12 001000100001
12 001000100001
12 001000100001
12 001000100001
11 001000100001
11 001000100001
11 001000100001
11 001000100001
11 001000100001
11 001000100001
9 001000100001
9 001000100001
6 001000100001
6 001000100001

4 001010101101
4 001010101101
4 001010101101
4 001010101101
4 001010101101
4 001010101101
4 001010101101
4 001010101101
4 001010101101
4 001010101101
1 001010101101
1 001010101101
11 001010101101
11 001010101101
11 001010101101
11 001010101101

9 010010000100
9 010010000100
9 010010000100
9 010010000100
9 010010000100
9 010010000100
9 010010000100
9 010010000100
9 000010001001
9 000010001001
9 000010001001
9 000010001001
9 000010001001
9 000010001001
9 000010001001
9 000010001001

12 010000100100
12 010000100100
12 010000100100
12 010000100100
12 010000100100
12 010000100100
12 010000100100
12 010000100100
12 010010001001
12 010010001001
12 010010001001
12 010010001001
12 010010001001
12 010010001001
12 010010001001
12 010010001001

12 001000100100
12 001000100100
12 001000100100
12 001000100100
12 001000100100
12 001000100100
12 001000100100
12 001000100100
12 000010001001
12 000010001001
12 000010001001
12 000010001001
12 000010001001
12 000010001001
12 000010001001
12 000010001001

12 010010000100
12 010010000100
12 010010000100
12 010010000100
12 010010000100
12 010010000100
12 010010000100
12 010010000100
12 010010000100
12 010010000100
12 010010000100
12 010010000100
12 010010000100
12 010010000100
12 010010000100
12 010010000100

12 010010000100
12 010010000100
12 010010000100
12 010010000100
1 010010000100
1 010010000100
9 010010000100
9 010010000100
4 000010001001
4 000010001001
4 000010001001
4 000010001001
4 000010001001
4 000010001001
1 000010001001
1 000010001001

12 010000100100
11 010000100100
9 010000100100
9 010000100100
9 010000100100
9 010000100100
9 010000100100
9 010000100100
9 010010001001
9 010010001001
9 010010001001
9 010010001001
9 010010001001
9 010010001001
9 010010001001
9 010010001001

12 001000100100
12 001000100100
12 001000100100
12 001000100100
2 001000100100
2 001000100100
2 001000100100
2 001000100100
1 010010000100
1 010010000100
11 010010000100
11 010010000100
9 010010000100
9 010010000100
1 010010000100
1 010010000100

11 000010001001
11 000010001001
11 000010001001
11 000010001001
11 000010001001
11 000010001001
11 000010001001
11 000010001001
11 000010001001
11 000010001001
11 000010001001
11 000010001001
11 000010001001
11 000010001001
11 000010001001
11 000010001001

12 010010000100
12 010010000100
12 010010000100
12 010010000100
1 010010000100
1 010010000100
9 010010000100
9 010010000100
4 000010001001
4 000010001001
4 000010001001
4 000010001001
6 000010001001
6 000010001001
1 000010001001
1 000010001001

12 010000100100
12 010000100100
12 010000100100
12 010000100100
12 010000100100
12 010000100100
12 010000100100
12 010000100100
12 010010001001
12 010010001001
12 010010001001
12 010010001001
12 010010001001
12 010010001001
12 010010001001
12 010010001001

12 001000100100
12 001000100100
12 001000100100
12 001000100100
2 001000100100
2 001000100100
2 001000100100
2 001000100100
1 010010000100
1 010010000100
11 010010000100
11 010010000100
9 010010000100
9 010010000100
1 010010000100
1 010010000100

11 000010001001
11 000010001001
11 000010001001
11 000010001001
11 000010001001
11 000010001001
11 000010001001
11 000010001001
11 000010001001
11 000010001001
11 000010001001
11 000010001001
11 000010001001
11 000010001001
11 000010001001
11 000010001001

12 010000100100
12 010000100100
12 010000100100
12 010000100100
12 010000100100
12 010000100100
9 010000100100
9 010000100100
9 010000100100
9 010000100100
9 010000100100
9 010000100100
11 010000100100
11 010000100100
8 010000100100
8 010000100100

12 010001001000
12 010001001000
12 010001001000
12 010001001000
12 010001001000
12 010001001000
12 010001001000
12 010001001000
12 010001001000
12 010001001000
12 010001001000
12 010001001000
12 010001001000
12 010001001000
12 010001001000
12 010001001000

12 010010010000
12 010010010000
12 010010010000
12 010010010000
12 010010010000
12 010010010000
6 010010010000
6 010010010000
6 010010010000
6 010010010000
6 010010010000
6 010010010000
9 010010010000
9 010010010000
6 010010010000
6 010010010000

12 010000100010
12 010000100010
12 010000100010
12 010000100010
12 010000100010
12 010000100010
12 010000100010
12 010000100010
11 010000100010
11 010000100010
11 010000100010
11 010000100010
1 010000100010
1 010000100010
2 010000100010
2 010000100010

12 001000100001
12 001000100001
12 001000100001
12 001000100001
12 001000100001
12 001000100001
11 001000100001
11 001000100001
11 001000100001
11 001000100001
11 001000100001
11 001000100001
9 001000100001
9 001000100001
8 001000100001
6 001000100001

4 001010101101
4 001010101101
4 001010101101
4 001010101101
4 001010101101
4 001010101101
4 001010101101
4 001010101101
4 001010101101
4 001010101101
1 001010101101
1 001010101101
11 001010101101
11 001010101101
11 001010101101
11 001010101101

9 010010000100
9 010010000100
9 010010000100
9 010010000100
9 010010000100
9 010010000100
9 010010000100
9 010010000100
9 000010001001
9 000010001001
9 000010001001
9 000010001001
9 000010001001
9 000010001001
9 000010001001
9 000010001001

12 010000100100
12 010000100100
12 010000100100
12 010000100100
12 010000100100
12 010000100100
12 010000100100
12 010000100100
12 010010001001
12 010010001001
12 010010001001
12 010010001001
12 010010001001
12 010010001001
12 010010001001
12 010010001001

12 001000100100
12 001000100100
12 001000100100
12 001000100100
12 001000100100
12 001000100100
12 001000100100
12 001000100100
12 000010001001
12 000010001001
12 000010001001
12 000010001001
12 000010001001
12 000010001001
12 000010001001
12 000010001001

12 010010000100
12 010010000100
12 010010000100
12 010010000100
12 010010000100
12 010010000100
12 010010000100
12 010010000100
12 010010000100
12 010010000100
12 010010000100
12 010010000100
12 010010000100
12 010010000100
12 010010000100
12 010010000100

12 100010010000
12 100010010000
12 100010010000
12 100010010000
4 100010010000
4 100010010000
4 100010010000
4 100010010000
2 001000010001
2 001000010001
2 001000010001
2 001000010001
2 001000010001
2 001000010001
0 001000010001
11 001000010001

9 100010000100
9 100010000100
9 100010000100
9 100010000100
0 100010000100
0 100010000100
9 100010000100
9 100010000100
2 001000100100
2 001000100100
2 001000100100
2 001000100100
9 001000100100
9 001000100100
11 001000100100
9 001000100100

11 001000010001
11 001000010001
11 001000010001
11 001000010001
11 001000010001
11 001000010001
11 001000010001
11 001000010001
11 001000100100
11 001000100100
11 001000100100
11 001000100100
11 001000100100
11 001000100100
11 001000100100
11 001000100100

12 000010010001
12 000010010001
12 000010010001
12 000010010001
12 000010010001
12 000010010001
12 000010010001
12 000010010001
12 001000100100
12 001000100100
12 001000100100
12 001000100100
12 001000010001
12 001000010001
12 001000010001
12 001000010001

12 100010010000
12 100010010000
12 100010010000
12 100010010000
4 100010010000
4 100010010000
4 100010010000
4 100010010000
2 001000010001
2 001000010001
2 001000010001
2 001000010001
2 001000010001
2 001000010001
0 001000010001
11 001000010001

9 100010000100
9 100010000100
9 100010000100
9 100010000100
0 100010000100
0 100010000100
9 100010000100
9 100010000100
2 001000100100
2 001000100100
2 001000100100
2 001000100100
2 001000100100
2 001000100100
11 001000100100
11 001000100100

12 001000010001
12 001000010001
12 001000010001
12 001000010001
12 001000010001
12 001000010001
12 001000010001
12 001000010001
12 001000100100
12 001000100100
11 001000100100
11 001000100100
2 001000100100
2 001000100100
4 001000100100
4 001000100100

12 000010001001
12 000010001001
12 000010001001
12 000010001001
12 000010001001
12 000010001001
12 000010001001
12 000010001001
12 000010001001
12 000010001001
12 000010001001
12 000010001001
12 000010001001
12 000010001001
12 000010001001
12 000010001001

12 010010000100
12 010010000100
12 010010000100
12 010010000100
12 010010000100
12 010010000100
12 010010000100
12 010010000100
12 000010001001
12 000010001001
12 000010001001
12 000010001001
2 000010001001
2 000010001001
1 000010001001
1 000010001001

12 010000100100
12 010000100100
12 010000100100
12 010000100100
12 010000100100
12 010000100100
12 010000100100
12 010000100100
12 010010001001
12 010010001001
12 010010001001
12 010010001001
12 010010001001
12 010010001001
12 010010001001
12 010010001001

12 001000100100
12 001000100100
12 001000100100
12 001000100100
12 001000100100
12 001000100100
12 001000100100
12 001000100100
12 010010000100
12 010010000100
12 010010000100
12 010010000100
12 010010000100
12 010010000100
12 010010000100
12 010010000100

12 000010001001
12 000010001001
12 000010001001
12 000010001001
12 000010001001
12 000010001001
12 000010001001
12 000010001001
12 000010001001
12 000010001001
12 000010001001
12 000010001001
12 000010001001
12 000010001001
12 000010001001
12 000010001001

12 010010000100
12 010010000100
12 010010000100
12 010010000100
12 010010000100
12 010010000100
12 010010000100
12 010010000100
12 000010001001
12 000010001001
12 000010001001
12 000010001001
12 000010001001
12 000010001001
12 000010001001
12 000010001001

12 010000100100
12 010000100100
12 010000100100
12 010000100100
12 010000100100
12 010000100100
12 010000100100
12 010000100100
12 010010001001
12 010010001001
12 010010001001
12 010010001001
12 010010001001
12 010010001001
12 010010001001
12 010010001001

12 001000100100
12 001000100100
12 001000100100
12 001000100100
12 001000100100
12 001000100100
12 001000100100
12 001000100100
12 010010000100
12 010010000100
12 010010000100
12 010010000100
12 010010000100
12 010010000100
12 010010000100
12 010010000100

12 000010001001
12 000010001001
12 000010001001
12 000010001001
12 000010001001
12 000010001001
12 000010001001
12 000010001001
12 000010001001
12 000010001001
12 000010001001
12 000010001001
12 000010001001
12 000010001001
12 000010001001
12 000010001001

12 010000100100
12 010000100100
12 010000100100
12 010000100100
12 010000100100
12 010000100100
9 010000100100
9 010000100100
9 010000100100
9 010000100100
9 010000100100
9 010000100100
11 010000100100
11 010000100100
8 010000100100
8 010000100100

12 010001001000
12 010001001000
12 010001001000
12 010001001000
12 010001001000
12 010001001000
12 010001001000
12 010001001000
12 010001001000
12 010001001000
12 010001001000
12 010001001000
12 010001001000
12 010001001000
12 010001001000
12 010001001000

12 010010010000
12 010010010000
12 010010010000
12 010010010000
12 010010010000
12 010010010000
6 010010010000
6 010010010000
6 010010010000
6 010010010000
6 010010010000
6 010010010000
9 010010010000
9 010010010000
6 010010010000
6 010010010000

12 010000100010
12 010000100010
12 010000100010
12 010000100010
12 010000100010
12 010000100010
12 010000100010
12 010000100010
11 010000100010
11 010000100010
11 010000100010
11 010000100010
1 010000100010
1 010000100010
2 010000100010
2 010000100010

12 001000100001
12 001000100001
12 001000100001
12 001000100001
12 001000100001
12 001000100001
11 001000100001
11 001000100001
11 001000100001
11 001000100001
11 001000100001
11 001000100001
9 001000100001
9 001000100001
8 001000100001
6 001000100001

4 001010101101
4 001010101101
4 001010101101
4 001010101101
4 001010101101
4 001010101101
4 001010101101
4 001010101101
4 001010101101
4 001010101101
1 001010101101
1 001010101101
11 001010101101
11 001010101101
11 001010101101
11 001010101101

9 010010000100
9 010010000100
9 010010000100
9 010010000100
9 010010000100
9 010010000100
9 010010000100
9 010010000100
9 000010001001
9 000010001001
9 000010001001
9 000010001001
9 000010001001
9 000010001001
9 000010001001
9 000010001001

12 010000100100
12 010000100100
12 010000100100
12 010000100100
12 010000100100
12 010000100100
12 010000100100
12 010000100100
12 010010001001
12 010010001001
12 010010001001
12 010010001001
12 010010001001
12 010010001001
12 010010001001
12 010010001001

12 001000100100
12 001000100100
12 001000100100
12 001000100100
12 001000100100
12 001000100100
12 001000100100
12 001000100100
12 000010001001
12 000010001001
12 000010001001
12 000010001001
12 000010001001
12 000010001001
12 000010001001
12 000010001001

12 010010000100
12 010010000100
12 010010000100
12 010010000100
12 010010000100
12 010010000100
12 010010000100
12 010010000100
12 010010000100
12 010010000100
12 010010000100
12 010010000100
12 010010000100
12 010010000100
12 010010000100
12 010010000100

12 010010000100
12 010010000100
12 010010000100
12 010010000100
1 010010000100
1 010010000100
9 010010000100
9 010010000100
4 000010001001
4 000010001001
4 000010001001
4 000010001001
4 000010001001
4 000010001001
1 000010001001
1 000010001001

12 010000100100
11 010000100100
9 010000100100
9 010000100100
9 010000100100
9 010000100100
9 010000100100
9 010000100100
9 010010001001
9 010010001001
9 010010001001
9 010010001001
9 010010001001
9 010010001001
9 010010001001
9 010010001001

12 001000100100
12 001000100100
12 001000100100
12 001000100100
2 001000100100
2 001000100100
2 001000100100
2 001000100100
1 010010000100
1 010010000100
11 010010000100
11 010010000100
9 010010000100
9 010010000100
1 010010000100
1 010010000100

11 000010001001
11 000010001001
11 000010001001
11 000010001001
1 000010001001
1 000010001001
1 000010001001
1 000010001001
1 000010001001
1 000010001001
1 000010001001
1 000010001001
1 000010001001
1 000010001001
1 000010001001
1 000010001001

12 010010000100
12 010010000100
12 010010000100
12 010010000100
1 010010000100
1 010010000100
9 010010000100
9 010010000100
4 000010001001
4 000010001001
4 000010001001
4 000010001001
11 000010001001
11 000010001001
1 000010001001
1 000010001001

12 010000100100
2 010000100100
1 010000100100
1 010000100100
11 010000100100
9 010000100100
9 010000100100
9 010000100100
9 010010001001
9 010010001001
9 010010001001
9 010010001001
9 010010001001
9 010010001001
9 010010001001
9 010010001001

12 001000100100
12 001000100100
12 001000100100
12 001000100100
2 001000100100
2 001000100100
2 001000100100
2 001000100100
1 010010000100
1 010010000100
11 010010000100
11 010010000100
9 010010000100
9 010010000100
1 010010000100
1 010010000100

11 000010001001
11 000010001001
11 000010001001
11 000010001001
11 000010001001
11 000010001001
11 000010001001
11 000010001001
11 000010001001
11 000010001001
11 000010001001
11 000010001001
11 000010001001
11 000010001001
11 000010001001
11 000010001001

12 010000100100
12 010000100100
12 010000100100
12 010000100100
12 010000100100
12 010000100100
9 010000100100
9 010000100100
9 010000100100
9 010000100100
9 010000100100
9 010000100100
11 010000100100
11 010000100100
8 010000100100
8 010000100100

12 010001001000
12 010001001000
12 010001001000
12 010001001000
12 010001001000
12 010001001000
12 010001001000
12 010001001000
12 010001001000
12 010001001000
12 010001001000
12 010001001000
12 010001001000
12 010001001000
12 010001001000
12 010001001000

12 010010010000
12 010010010000
12 010010010000
12 010010010000
12 010010010000
12 010010010000
6 010010010000
6 010010010000
6 010010010000
6 010010010000
6 010010010000
6 010010010000
9 010010010000
9 010010010000
6 010010010000
6 010010010000

12 010000100010
12 010000100010
12 010000100010
12 010000100010
12 010000100010
12 010000100010
12 010000100010
12 010000100010
11 010000100010
11 010000100010
11 010000100010
11 010000100010
1 010000100010
1 010000100010
2 010000100010
2 010000100010

12 001000100001
12 001000100001
12 001000100001
12 001000100001
12 001000100001
12 001000100001
11 001000100001
11 001000100001
11 001000100001
11 001000100001
11 001000100001
11 001000100001
9 001000100001
9 001000100001
8 001000100001
6 001000100001

4 001010101101
4 001010101101
4 001010101101
4 001010101101
4 001010101101
4 001010101101
4 001010101101
4 001010101101
4 001010101101
4 001010101101
1 001010101101
1 001010101101
11 001010101101
11 001010101101
11 001010101101
11 001010101101

9 010010000100
9 010010000100
9 010010000100
9 010010000100
9 010010000100
9 010010000100
9 010010000100
9 010010000100
9 000010001001
9 000010001001
9 000010001001
9 000010001001
9 000010001001
9 000010001001
9 000010001001
9 000010001001

12 010000100100
12 010000100100
12 010000100100
12 010000100100
12 010000100100
12 010000100100
12 010000100100
12 010000100100
12 010010001001
12 010010001001
12 010010001001
12 010010001001
12 010010001001
12 010010001001
12 010010001001
12 010010001001

12 001000100100
12 001000100100
12 001000100100
12 001000100100
12 001000100100
12 001000100100
12 001000100100
12 001000100100
12 000010001001
12 000010001001
12 000010001001
12 000010001001
12 000010001001
12 000010001001
12 000010001001
12 000010001001

12 010010000100
12 010010000100
12 010010000100
12 010010000100
12 010010000100
12 010010000100
12 010010000100
12 010010000100
12 010010000100
12 010010000100
12 010010000100
12 010010000100
12 010010000100
12 010010000100
12 010010000100
12 010010000100

