12 001000010001
12 001000010001
12 001000010001
12 001000010001
12 001000010001
12 001000010001
12 001000010001
12 001000010001
12 001000010001
12 001000010001
12 001000010001
12 001000010001
12 001000010001
12 001000010001
12 001000010001
12 001000010001

12 001000010001
12 001000010001
12 001000010001
12 001000010001
12 001000010001
12 001000010001
12 001000010001
12 001000010001
12 001000010001
12 001000010001
12 001000010001
12 001000010001
12 001000010001
12 001000010001
12 001000010001
12 001000010001

12 001000010001
12 001000010001
12 001000010001
12 001000010001
12 001000010001
12 001000010001
12 001000010001
12 001000010001
12 001000010001
12 001000010001
12 001000010001
12 001000010001
12 001000010001
12 001000010001
12 001000010001
12 001000010001

12 001000010001
12 001000010001
12 001000010001
12 001000010001
12 001000010001
12 001000010001
12 001000010001
12 001000010001
12 001000010001
12 001000010001
12 001000010001
12 001000010001
12 001000010001
12 001000010001
12 001000010001
12 001000010001

4 001000010001
4 001000010001
7 001000010001
7 001000010001
7 001000010001
7 001000010001
7 001000010001
7 001000010001
9 001000010001
9 001000010001
9 001000010001
9 001000010001
7 001000010001
7 001000010001
11 001000010001
11 001000010001

12 000100100001
12 000100100001
12 000100100001
12 000100100001
12 000100100001
12 000100100001
12 000100100001
12 000100100001
12 000100100001
12 000100100001
12 000100100001
12 000100100001
9 000100100001
9 000100100001
11 000100100001
11 000100100001

0 100010010000
0 100010010000
0 100010010000
0 100010010000
0 100010010000
0 100010010000
0 100010010000
0 100010010000
0 100010010000
0 100010010000
11 100010010000
11 100010010000
10 100010010000
10 100010010000
11 100010010000
11 100010010000

9 010010000100
9 010010000100
9 010010000100
9 010010000100
9 010010000100
9 010010000100
9 010010000100
9 010010000100
9 010010000100
9 010010000100
9 010010000100
9 010010000100
9 010010000100
9 010010000100
9 010010000100
9 010010000100

4 001000010001
4 001000010001
7 001000010001
7 001000010001
7 001000010001
7 001000010001
7 001000010001
7 001000010001
9 001000010001
9 001000010001
9 001000010001
9 001000010001
7 001000010001
7 001000010001
11 001000010001
11 001000010001

12 000100100001
12 000100100001
12 000100100001
12 000100100001
12 000100100001
12 000100100001
12 000100100001
12 000100100001
12 000100100001
12 000100100001
12 000100100001
12 000100100001
11 000100100001
11 000100100001
11 000100100001
11 000100100001

0 100010010000
0 100010010000
0 100010010000
0 100010010000
0 100010010000
0 100010010000
0 100010010000
0 100010010000
2 100010010000
2 100010010000
2 100010010000
2 100010010000
11 100010010000
11 100010010000
11 100010010000
11 100010010000

12 010010000100
12 010010000100
12 010010000100
12 010010000100
12 010010000100
12 010010000100
11 010010000100
11 010010000100
11 010010000100
11 010010000100
11 010010000100
11 010010000100
11 010010000100
11 010010000100
4 010010000100
4 010010000100

7 001000010001
7 001000010001
7 001000010001
7 001000010001
7 001000010001
7 001000010001
7 001000010001
7 001000010001
7 001000010001
7 001000010001
7 001000010001
7 001000010001
7 001000010001
7 001000010001
9 001000010001
9 001000010001

12 000010010001
12 000010010001
12 000010010001
12 000010010001
12 000010010001
12 000010010001
12 000010010001
12 000010010001
9 000010010001
9 000010010001
11 000010010001
11 000010010001
11 000010010001
11 000010010001
4 000010010001
4 000010010001

2 001000010001
2 001000010001
11 001000010001
9 001000010001
7 001000010001
7 001000010001
7 001000010001
7 001000010001
11 001000010001
11 001000010001
9 001000010001
9 001000010001
7 001000010001
7 001000010001
9 001000010001
9 001000010001

12 000010010001
12 000010010001
12 000010010001
12 000010010001
12 000010010001
12 000010010001
4 000010010001
4 000010010001
2 000010010001
2 000010010001
9 000010010001
9 000010010001
9 000010010001
9 000010010001
9 000010010001
9 000010010001

4 001000010001
4 001000010001
7 001000010001
7 001000010001
7 001000010001
7 001000010001
4 001000010001
4 001000010001
7 001000010001
7 001000010001
7 001000010001
7 001000010001
7 001000010001
7 001000010001
9 001000010001
9 001000010001

12 010010000100
12 010010000100
12 010010000100
12 010010000100
12 010010000100
12 010010000100
12 010010000100
12 010010000100
9 010010000100
9 010010000100
7 010010000100
7 010010000100
4 010010000100
4 010010000100
7 010010000100
7 010010000100

12 001000010001
12 001000010001
12 001000010001
12 001000010001
12 001000010001
12 001000010001
12 001000010001
11 001000010001
11 001000010001
9 001000010001
7 001000010001
7 001000010001
7 001000010001
7 001000010001
7 001000010001
7 001000010001

4 000010001001
4 000010001001
4 000010001001
4 000010001001
4 000010001001
4 000010001001
4 000010001001
4 000010001001
4 000010001001
4 000010001001
4 000010001001
4 000010001001
4 000010001001
4 000010001001
4 000010001001
4 000010001001

7 001000010001
7 001000010001
7 001000010001
7 001000010001
7 001000010001
7 001000010001
7 001000010001
11 001000010001
9 001000010001
7 001000010001
4 001000010001
4 001000010001
7 001000010001
7 001000010001
11 001000010001
11 001000010001

12 000100100001
12 000100100001
11 000100100001
11 000100100001
11 000100100001
11 000100100001
11 000100100001
11 000100100001
11 000100100001
11 000100100001
11 000100100001
11 000100100001
11 000100100001
11 000100100001
0 000100100001
0 000100100001

12 100010010000
12 100010010000
0 100010010000
0 100010010000
0 100010010000
0 100010010000
10 100010010000
10 100010010000
0 100010010000
0 100010010000
11 100010010000
11 100010010000
11 100010010000
11 100010010000
11 100010010000
11 100010010000

12 010010000100
12 010010000100
12 010010000100
12 010010000100
12 010010000100
12 010010000100
12 010010000100
12 010010000100
12 010010000100
12 010010000100
12 010010000100
12 010010000100
12 010010000100
12 010010000100
4 010010000100
4 010010000100

7 001000010001
7 001000010001
7 001000010001
7 001000010001
7 001000010001
7 001000010001
7 001000010001
7 001000010001
9 001000010001
9 001000010001
7 001000010001
7 001000010001
7 001000010001
7 001000010001
11 001000010001
11 001000010001

12 000100100001
12 000100100001
11 000100100001
11 000100100001
11 000100100001
11 000100100001
11 000100100001
11 000100100001
11 000100100001
11 000100100001
7 000100100001
7 000100100001
11 000100100001
11 000100100001
11 000100100001
11 000100100001

0 100010010000
0 100010010000
0 100010010000
0 100010010000
0 100010010000
0 100010010000
0 100010010000
0 100010010000
0 100010010000
0 100010010000
11 100010010000
11 100010010000
10 100010010000
10 100010010000
9 100010010000
9 100010010000

12 010010000100
12 010010000100
12 010010000100
12 010010000100
12 010010000100
12 010010000100
11 010010000100
11 010010000100
11 010010000100
11 010010000100
7 010010000100
7 010010000100
7 010010000100
7 010010000100
4 010010000100
4 010010000100

7 001000010001
7 001000010001
7 001000010001
7 001000010001
7 001000010001
7 001000010001
4 001000010001
4 001000010001
7 001000010001
7 001000010001
7 001000010001
7 001000010001
7 001000010001
7 001000010001
9 001000010001
9 001000010001

12 000010010001
12 000010010001
12 000010010001
12 000010010001
12 000010010001
12 000010010001
12 000010010001
12 000010010001
9 000010010001
9 000010010001
11 000010010001
11 000010010001
11 000010010001
11 000010010001
4 000010010001
4 000010010001

2 001000010001
2 001000010001
11 001000010001
9 001000010001
7 001000010001
7 001000010001
7 001000010001
7 001000010001
11 001000010001
11 001000010001
9 001000010001
9 001000010001
7 001000010001
7 001000010001
9 001000010001
9 001000010001

12 000010010001
12 000010010001
12 000010010001
12 000010010001
12 000010010001
12 000010010001
4 000010010001
4 000010010001
2 000010010001
2 000010010001
9 000010010001
9 000010010001
9 000010010001
9 000010010001
4 000010010001
4 000010010001

7 001000010001
7 001000010001
7 001000010001
7 001000010001
7 001000010001
7 001000010001
4 001000010001
4 001000010001
7 001000010001
7 001000010001
7 001000010001
7 001000010001
7 001000010001
7 001000010001
9 001000010001
9 001000010001

12 010010000100
12 010010000100
12 010010000100
12 010010000100
12 010010000100
12 010010000100
12 010010000100
12 010010000100
9 010010000100
9 010010000100
7 010010000100
7 010010000100
4 010010000100
4 010010000100
7 010010000100
7 010010000100

12 001000010001
12 001000010001
12 001000010001
12 001000010001
12 001000010001
12 001000010001
11 001000010001
9 001000010001
7 001000010001
7 001000010001
7 001000010001
7 001000010001
7 001000010001
7 001000010001
4 001000010001
4 001000010001

12 000010001001
12 000010001001
12 000010001001
12 000010001001
12 000010001001
12 000010001001
12 000010001001
12 000010001001
12 000010001001
12 000010001001
12 000010001001
12 000010001001
12 000010001001
12 000010001001
12 000010001001
12 000010001001

12 001000010001
12 001000010001
12 001000010001
12 001000010001
12 001000010001
12 001000010001
7 001000010001
7 001000010001
4 001000100100
4 001000100100
4 001000100100
4 001000100100
4 001000100100
4 001000100100
7 001000100100
7 001000100100

4 100010010000
4 100010010000
4 100010010000
4 100010010000
2 100010010000
2 100010010000
10 100010010000
9 100010010000
7 100010010000
7 100010010000
7 100010010000
7 100010010000
7 100010010000
7 100010010000
7 100010010000
7 100010010000

12 001000010001
12 001000010001
12 001000010001
12 001000010001
12 001000010001
12 001000010001
4 001000010001
4 001000010001
4 001000100100
2 001000100100
2 001000100100
2 001000100100
2 001000100100
2 001000100100
2 001000100100
2 001000100100

12 100010010000
11 100010010000
9 100010010000
7 100010010000
7 100010010000
7 100010010000
11 100010010000
11 100010010000
11 100010010000
9 100010010000
9 100010010000
9 100010010000
7 100010010000
7 100010010000
7 100010010000
7 100010010000

12 001000010001
12 001000010001
12 001000010001
12 001000010001
12 001000010001
12 001000010001
7 001000010001
7 001000010001
4 001000100100
4 001000100100
4 001000100100
4 001000100100
4 001000100100
2 001000100100
2 001000100100
2 001000100100

7 100010010000
7 100010010000
4 100010010000
4 100010010000
2 100010010000
2 100010010000
4 100010010000
4 100010010000
2 001000010001
2 001000010001
11 001000010001
11 001000010001
9 001000010001
9 001000010001
7 001000010001
7 001000010001

12 100001000100
12 100001000100
12 100001000100
12 100001000100
4 100001000100
4 100001000100
4 100001000100
4 100001000100
4 100001000100
4 100001000100
4 100001000100
4 100001000100
2 100001000100
2 100001000100
4 100001000100
4 100001000100

2 001000100100
2 001000100100
11 001000100100
11 001000100100
4 001000100100
4 001000100100
2 001000100100
2 001000100100
2 001000100100
2 001000100100
2 001000100100
2 001000100100
2 001000100100
2 001000100100
2 001000100100
2 001000100100

4 001000010001
4 001000010001
7 001000010001
7 001000010001
7 001000010001
7 001000010001
7 001000010001
7 001000010001
9 001000010001
9 001000010001
7 001000010001
7 001000010001
7 001000010001
7 001000010001
11 001000010001
11 001000010001

12 000100100001
12 000100100001
12 000100100001
12 000100100001
12 000100100001
12 000100100001
12 000100100001
12 000100100001
12 000100100001
12 000100100001
7 000100100001
7 000100100001
11 000100100001
11 000100100001
0 000100100001
0 000100100001

12 100010010000
12 100010010000
0 100010010000
0 100010010000
0 100010010000
0 100010010000
0 100010010000
0 100010010000
0 100010010000
0 100010010000
11 100010010000
11 100010010000
11 100010010000
11 100010010000
11 100010010000
11 100010010000

9 010010000100
9 010010000100
9 010010000100
9 010010000100
9 010010000100
9 010010000100
9 010010000100
9 010010000100
9 010010000100
9 010010000100
9 010010000100
9 010010000100
9 010010000100
9 010010000100
9 010010000100
9 010010000100

7 001000010001
7 001000010001
7 001000010001
7 001000010001
7 001000010001
7 001000010001
7 001000010001
7 001000010001
9 001000010001
7 001000010001
4 001000010001
4 001000010001
7 001000010001
7 001000010001
11 001000010001
11 001000010001

12 000100100001
12 000100100001
12 000100100001
12 000100100001
12 000100100001
12 000100100001
12 000100100001
12 000100100001
12 000100100001
12 000100100001
12 000100100001
12 000100100001
11 000100100001
11 000100100001
11 000100100001
11 000100100001

0 100010010000
0 100010010000
0 100010010000
0 100010010000
0 100010010000
0 100010010000
0 100010010000
0 100010010000
0 100010010000
0 100010010000
11 100010010000
11 100010010000
11 100010010000
11 100010010000
9 100010010000
9 100010010000

12 010010000100
12 010010000100
12 010010000100
12 010010000100
12 010010000100
12 010010000100
9 010010000100
9 010010000100
9 010010000100
9 010010000100
7 010010000100
7 010010000100
7 010010000100
7 010010000100
4 010010000100
4 010010000100

7 001000010001
7 001000010001
7 001000010001
7 001000010001
7 001000010001
7 001000010001
4 001000010001
4 001000010001
7 001000010001
7 001000010001
7 001000010001
7 001000010001
7 001000010001
7 001000010001
9 001000010001
9 001000010001

12 000010010001
12 000010010001
12 000010010001
12 000010010001
12 000010010001
12 000010010001
12 000010010001
12 000010010001
9 000010010001
9 000010010001
11 000010010001
11 000010010001
11 000010010001
11 000010010001
4 000010010001
4 000010010001

2 001000010001
2 001000010001
11 001000010001
9 001000010001
7 001000010001
7 001000010001
7 001000010001
7 001000010001
11 001000010001
11 001000010001
9 001000010001
9 001000010001
7 001000010001
7 001000010001
9 001000010001
9 001000010001

12 000010010001
12 000010010001
12 000010010001
12 000010010001
12 000010010001
12 000010010001
4 000010010001
4 000010010001
4 000010010001
4 000010010001
11 000010010001
11 000010010001
11 000010010001
11 000010010001
11 000010010001
11 000010010001

7 001000010001
7 001000010001
7 001000010001
7 001000010001
7 001000010001
7 001000010001
4 001000010001
4 001000010001
7 001000010001
7 001000010001
7 001000010001
7 001000010001
7 001000010001
7 001000010001
9 001000010001
9 001000010001

12 010010000100
12 010010000100
12 010010000100
12 010010000100
12 010010000100
12 010010000100
12 010010000100
12 010010000100
9 010010000100
9 010010000100
7 010010000100
7 010010000100
4 010010000100
4 010010000100
7 010010000100
7 010010000100

12 001000010001
12 001000010001
12 001000010001
12 001000010001
12 001000010001
12 001000010001
11 001000010001
9 001000010001
7 001000010001
7 001000010001
7 001000010001
7 001000010001
7 001000010001
7 001000010001
4 001000010001
4 001000010001

12 000010001001
12 000010001001
12 000010001001
12 000010001001
12 000010001001
12 000010001001
12 000010001001
12 000010001001
12 000010001001
12 000010001001
12 000010001001
12 000010001001
12 000010001001
12 000010001001
12 000010001001
12 000010001001

12 001000010001
12 001000010001
12 001000010001
12 001000010001
12 001000010001
12 001000010001
12 001000010001
12 001000010001
12 001000010001
12 001000010001
12 001000010001
12 001000010001
12 001000010001
12 001000010001
12 001000010001
12 001000010001

12 001000010001
12 001000010001
12 001000010001
12 001000010001
12 001000010001
12 001000010001
12 001000010001
12 001000010001
12 001000010001
12 001000010001
12 001000010001
12 001000010001
12 001000010001
12 001000010001
12 001000010001
12 001000010001

12 001000010001
12 001000010001
12 001000010001
12 001000010001
12 001000010001
12 001000010001
12 001000010001
12 001000010001
12 001000010001
12 001000010001
12 001000010001
12 001000010001
12 001000010001
12 001000010001
12 001000010001
12 001000010001

12 000010010001
12 000010010001
12 000010010001
12 000010010001
12 000010010001
12 000010010001
12 000010010001
12 000010010001
12 000010010001
12 000010010001
12 000010010001
12 000010010001
12 000010010001
12 000010010001
12 000010010001
12 000010010001

