12 000100100001
12 000100100001
12 000100100001
12 000100100001
12 000100100001
12 000100100001
12 000100100001
12 000100100001
12 000100100001
12 000100100001
12 000100100001
12 000100100001
12 000100100001
12 000100100001
12 000100100001
12 000100100001

12 000100100001
12 000100100001
12 000100100001
12 000100100001
12 000100100001
12 000100100001
12 000100100001
12 000100100001
12 000100100001
12 000100100001
12 000100100001
12 000100100001
12 000100100001
12 000100100001
12 000100100001
12 000100100001

6 000100100001
6 000100100001
6 000100100001
6 000100100001
6 000100100001
6 000100100001
8 000100100001
6 000100100001
6 000100100001
6 000100100001
3 000100100001
3 000100100001
3 000100100001
4 000100100001
4 000100100001
4 000100100001

6 000100100001
6 000100100001
6 000100100001
6 000100100001
11 000100100001
11 000100100001
10 000100100001
10 000100100001
8 000100001001
8 000100001001
8 000100001001
8 000100001001
8 000100001001
8 000100001001
10 000100001001
10 000100001001

8 010000100010
8 010000100010
6 010000100010
6 010000100010
6 010000100010
6 010000100010
8 010000100010
6 010000100010
6 010000100010
1 010000100010
1 010000100010
1 010000100010
1 010000100010
1 010000100010
1 010000100010
3 010000100010

4 010000100010
4 010000100010
4 010000100010
4 010000100010
4 010000100010
4 010000100010
4 010000100010
4 010000100010
4 010000100010
3 010000100010
3 010000100010
3 010000100010
11 010000100010
11 010000100010
1 010000100010
1 010000100010

4 000100100001
3 000100100001
3 000100100001
11 000100100001
11 000100100001
11 000100100001
11 000100100001
11 000100100001
11 000100100001
11 000100100001
11 000100100001
11 000100100001
11 000100100001
11 000100100001
11 000100100001
11 000100100001

12 000100100001
12 000100100001
11 000100100001
11 000100100001
11 000100100001
11 000100100001
10 000100100001
10 000100100001
11 000100001001
11 000100001001
11 000100001001
11 000100001001
11 000100001001
11 000100001001
11 000100001001
11 000100001001

12 010000100010
12 010000100010
10 010000100010
10 010000100010
10 010000100010
10 010000100010
10 010000100010
10 010000100010
10 000010001001
10 000010001001
8 000010001001
8 000010001001
8 000010001001
8 000010001001
8 000010001001
8 000010001001

8 000010001001
8 000010001001
10 000010001001
8 000010001001
8 000010001001
8 000010001001
6 000010001001
6 000010001001
6 000100100001
6 000100100001
6 000100100001
6 000100100001
4 000100100001
4 000100100001
3 000100100001
6 000100100001

12 010000100010
12 010000100010
12 010000100010
12 010000100010
12 010000100010
12 010000100010
12 010000100010
12 010000100010
12 010000100010
12 010000100010
12 010000100010
12 010000100010
12 010000100010
12 010000100010
12 010000100010
12 010000100010

4 010000100010
4 010000100010
4 010000100010
4 010000100010
4 010000100010
4 010000100010
4 010000100010
4 010000100010
3 010000100010
3 010000100010
3 010000100010
3 010000100010
1 010000100010
1 010000100010
1 010000100010
1 010000100010

3 000100100001
3 000100100001
3 000100100001
3 000100100001
3 000100100001
3 000100100001
3 000100100001
3 000100100001
6 000100100001
6 000100100001
6 000100100001
6 000100100001
6 000100100001
6 000100100001
6 000100100001
6 000100100001

12 000100100001
12 000100100001
12 000100100001
12 000100100001
12 000100100001
12 000100100001
12 000100100001
12 000100100001
12 000100100001
12 000100100001
12 000100100001
12 000100100001
12 000100100001
3 000100100001
4 000100100001
6 000100100001

12 000100100001
6 000100100001
6 000100100001
6 000100100001
6 000100100001
6 000100100001
6 000100100001
6 000100100001
6 000100100001
6 000100100001
4 000100100001
3 000100100001
3 000100100001
3 000100100001
3 000100100001
3 000100100001

6 000100100001
6 000100100001
11 000100100001
11 000100100001
11 000100100001
11 000100100001
10 000100100001
8 000100100001
8 000100001001
8 000100001001
8 000100001001
8 000100001001
8 000100001001
8 000100001001
10 000100001001
10 000100001001

8 010000100010
8 010000100010
6 010000100010
6 010000100010
6 010000100010
6 010000100010
6 010000100010
6 010000100010
6 010000100010
6 010000100010
1 010000100010
1 010000100010
1 010000100010
1 010000100010
1 010000100010
3 010000100010

4 010000100010
4 010000100010
4 010000100010
4 010000100010
4 010000100010
4 010000100010
4 010000100010
4 010000100010
4 010000100010
3 010000100010
3 010000100010
3 010000100010
11 010000100010
11 010000100010
1 010000100010
1 010000100010

4 000100100001
3 000100100001
3 000100100001
3 000100100001
11 000100100001
11 000100100001
11 000100100001
11 000100100001
11 000100100001
11 000100100001
11 000100100001
11 000100100001
11 000100100001
11 000100100001
11 000100100001
11 000100100001

12 000100100001
12 000100100001
12 000100100001
12 000100100001
11 000100100001
11 000100100001
10 000100100001
10 000100100001
11 000100001001
11 000100001001
11 000100001001
11 000100001001
11 000100001001
11 000100001001
11 000100001001
11 000100001001

12 010000100010
12 010000100010
10 010000100010
10 010000100010
10 010000100010
10 010000100010
10 010000100010
10 010000100010
10 000010001001
8 000010001001
8 000010001001
8 000010001001
8 000010001001
8 000010001001
8 000010001001
8 000010001001

12 000010001001
12 000010001001
10 000010001001
8 000010001001
8 000010001001
6 000010001001
6 000010001001
6 000010001001
6 000100100001
6 000100100001
6 000100100001
6 000100100001
3 000100100001
4 000100100001
4 000100100001
6 000100100001

12 010000100010
12 010000100010
1 010000100010
1 010000100010
1 010000100010
1 010000100010
1 010000100010
4 010000100010
4 000010001001
4 000010001001
4 000010001001
4 000010001001
3 000010001001
3 000010001001
1 000010001001
1 000010001001

11 000100100001
11 000100100001
11 000100100001
11 000100100001
11 000100100001
11 000100100001
11 000100100001
11 000100100001
11 000100100001
11 000100100001
11 000100100001
11 000100100001
11 000100100001
11 000100100001
10 000100100001
11 000100100001

12 000100001001
12 000100001001
12 000100001001
12 000100001001
12 000100001001
12 000100001001
12 000100001001
12 000100001001
12 000100001001
12 000100001001
12 000100001001
12 000100001001
11 000100001001
11 000100001001
11 000100001001
11 000100001001

12 000100100010
10 000100100010
10 000100100010
10 000100100010
10 000100100010
10 000100100010
8 000100100010
6 000100100010
6 000100100010
6 000100100010
6 000100100010
6 000100100010
11 000100100010
11 000100100010
10 000100100010
11 000100100010

12 000100001001
12 000100001001
12 000100001001
12 000100001001
12 000100001001
12 000100001001
12 000100001001
12 000100001001
12 000100001001
12 000100001001
12 000100001001
12 000100001001
1 000100001001
1 000100001001
3 000100001001
4 000100001001

12 010010100010
12 010010100010
3 010010100010
3 010010100010
1 010010100010
1 010010100010
11 010010100010
1 010010100010
1 010010100010
1 010010100010
11 010010100010
11 010010100010
11 010010100010
10 010010100010
10 010010100010
10 010010100010

11 000100100001
11 000100100001
11 000100100001
11 000100100001
11 000100100001
11 000100100001
11 000100100001
11 000100100001
11 000100100001
11 000100100001
11 000100100001
11 000100100001
11 000100100001
11 000100100001
11 000100100001
11 000100100001

12 000100100001
12 000100100001
12 000100100001
12 000100100001
12 000100100001
12 000100100001
12 000100100001
12 000100100001
12 000100100001
12 000100100001
12 000100100001
12 000100100001
3 000100100001
3 000100100001
4 000100100001
6 000100100001

12 000100100001
12 000100100001
6 000100100001
6 000100100001
6 000100100001
6 000100100001
6 000100100001
6 000100100001
6 000100100001
6 000100100001
3 000100100001
3 000100100001
3 000100100001
3 000100100001
3 000100100001
3 000100100001

6 000100100001
3 000100100001
3 000100100001
3 000100100001
1 000100100001
1 000100100001
11 000100100001
3 000100100001
3 000100001001
3 000100001001
3 000100001001
3 000100001001
3 000100001001
3 000100001001
3 000100001001
3 000100001001

12 010000100010
1 010000100010
1 010000100010
1 010000100010
1 010000100010
1 010000100010
1 010000100010
1 010000100010
1 010000100010
1 010000100010
1 010000100010
1 010000100010
1 010000100010
1 010000100010
1 010000100010
1 010000100010

4 010000100010
4 010000100010
4 010000100010
4 010000100010
4 010000100010
4 010000100010
4 010000100010
4 010000100010
4 010000100010
4 010000100010
3 010000100010
3 010000100010
11 010000100010
1 010000100010
1 010000100010
4 010000100010

12 000100100001
12 000100100001
3 000100100001
3 000100100001
3 000100100001
3 000100100001
3 000100100001
3 000100100001
3 000100100001
3 000100100001
3 000100100001
3 000100100001
3 000100100001
3 000100100001
3 000100100001
3 000100100001

12 000100100001
12 000100100001
11 000100100001
11 000100100001
11 000100100001
11 000100100001
10 000100100001
11 000100100001
11 000100001001
11 000100001001
11 000100001001
11 000100001001
11 000100001001
11 000100001001
11 000100001001
11 000100001001

12 010000100010
12 010000100010
10 010000100010
10 010000100010
10 010000100010
10 010000100010
10 010000100010
10 010000100010
10 000010001001
10 000010001001
8 000010001001
8 000010001001
8 000010001001
8 000010001001
8 000010001001
8 000010001001

8 000010001001
8 000010001001
10 000010001001
10 000010001001
8 000010001001
8 000010001001
6 000010001001
6 000010001001
6 000100100001
6 000100100001
6 000100100001
6 000100100001
6 000100100001
6 000100100001
6 000100100001
6 000100100001

12 010000100010
6 010000100010
6 010000100010
6 010000100010
6 010000100010
6 010000100010
6 010000100010
6 010000100010
6 010000100010
6 010000100010
6 010000100010
6 010000100010
6 010000100010
6 010000100010
6 010000100010
6 010000100010

12 010000100010
12 010000100010
12 010000100010
12 010000100010
12 010000100010
12 010000100010
12 010000100010
12 010000100010
12 010000100010
12 010000100010
12 010000100010
12 010000100010
12 010000100010
12 010000100010
12 010000100010
12 010000100010

12 000100100001
12 000100100001
12 000100100001
12 000100100001
12 000100100001
12 000100100001
12 000100100001
12 000100100001
12 000100100001
12 000100100001
12 000100100001
12 000100100001
12 000100100001
12 000100100001
12 000100100001
12 000100100001

12 000100100001
12 000100100001
12 000100100001
12 000100100001
12 000100100001
12 000100100001
12 000100100001
12 000100100001
12 000100100001
12 000100100001
12 000100100001
12 000100100001
12 000100100001
12 000100100001
12 000100100001
12 000100100001

12 000100100001
12 000100100001
12 000100100001
12 000100100001
12 000100100001
12 000100100001
12 000100100001
12 000100100001
12 000100001001
12 000100001001
12 000100001001
12 000100001001
12 000100001001
12 000100001001
12 000100001001
12 000100001001

12 010000100010
12 010000100010
12 010000100010
12 010000100010
12 010000100010
12 010000100010
12 010000100010
12 010000100010
12 010000100010
12 010000100010
12 010000100010
12 010000100010
12 010000100010
12 010000100010
12 010000100010
12 010000100010

12 010000100010
12 010000100010
12 010000100010
12 010000100010
12 010000100010
12 010000100010
12 010000100010
12 010000100010
12 010000100010
12 010000100010
12 010000100010
12 010000100010
12 010000100010
12 010000100010
12 010000100010
12 010000100010

12 000100100001
12 000100100001
12 000100100001
12 000100100001
12 000100100001
12 000100100001
12 000100100001
12 000100100001
12 000100100001
12 000100100001
12 000100100001
12 000100100001
12 000100100001
12 000100100001
12 000100100001
12 000100100001

12 000100100001
12 000100100001
12 000100100001
12 000100100001
12 000100100001
12 000100100001
12 000100100001
12 000100100001
12 000100001001
12 000100001001
12 000100001001
12 000100001001
12 000100001001
12 000100001001
12 000100001001
12 000100001001

12 010000100010
12 010000100010
12 010000100010
12 010000100010
12 010000100010
12 010000100010
12 010000100010
12 010000100010
12 000010001001
12 000010001001
12 000010001001
12 000010001001
12 000010001001
12 000010001001
12 000010001001
12 000010001001

12 000010001001
12 000010001001
12 000010001001
12 000010001001
12 000010001001
12 000010001001
12 000010001001
12 000010001001
12 000100100001
12 000100100001
12 000100100001
12 000100100001
12 000100100001
12 000100100001
12 000100100001
12 000100100001

12 010000100010
12 010000100010
12 010000100010
12 010000100010
12 010000100010
12 010000100010
12 010000100010
12 010000100010
12 000010001001
12 000010001001
12 000010001001
12 000010001001
12 000010001001
12 000010001001
12 000010001001
12 000010001001

12 000100100001
12 000100100001
12 000100100001
12 000100100001
12 000100100001
12 000100100001
12 000100100001
12 000100100001
12 000100100001
12 000100100001
12 000100100001
12 000100100001
11 000100100001
11 000100100001
10 000100100001
11 000100100001

12 000100001001
12 000100001001
12 000100001001
12 000100001001
12 000100001001
12 000100001001
12 000100001001
12 000100001001
12 000100001001
12 000100001001
12 000100001001
12 000100001001
11 000100001001
11 000100001001
11 000100001001
11 000100001001

12 000100100010
10 000100100010
10 000100100010
10 000100100010
10 000100100010
10 000100100010
8 000100100010
6 000100100010
6 000100100010
6 000100100010
6 000100100010
6 000100100010
11 000100100010
11 000100100010
10 000100100010
11 000100100010

12 000100001001
12 000100001001
12 000100001001
12 000100001001
12 000100001001
12 000100001001
12 000100001001
12 000100001001
12 000100001001
12 000100001001
12 000100001001
12 000100001001
1 000100001001
1 000100001001
3 000100001001
4 000100001001

12 010010100010
12 010010100010
3 010010100010
3 010010100010
1 010010100010
1 010010100010
11 010010100010
1 010010100010
1 010010100010
1 010010100010
11 010010100010
11 010010100010
11 010010100010
10 010010100010
10 010010100010
10 010010100010

11 000100100001
11 000100100001
11 000100100001
11 000100100001
11 000100100001
11 000100100001
11 000100100001
11 000100100001
11 000100100001
11 000100100001
11 000100100001
11 000100100001
11 000100100001
11 000100100001
11 000100100001
11 000100100001

12 000100100001
12 000100100001
12 000100100001
12 000100100001
12 000100100001
12 000100100001
12 000100100001
12 000100100001
12 000100100001
12 000100100001
12 000100100001
12 000100100001
12 000100100001
3 000100100001
4 000100100001
6 000100100001

12 000100100001
12 000100100001
6 000100100001
6 000100100001
6 000100100001
6 000100100001
6 000100100001
6 000100100001
6 000100100001
6 000100100001
3 000100100001
3 000100100001
3 000100100001
3 000100100001
3 000100100001
3 000100100001

6 000100100001
11 000100100001
11 000100100001
11 000100100001
11 000100100001
11 000100100001
10 000100100001
10 000100100001
8 000100001001
8 000100001001
8 000100001001
8 000100001001
8 000100001001
8 000100001001
3 000100001001
6 000100001001

12 010000100010
12 010000100010
12 010000100010
12 010000100010
12 010000100010
12 010000100010
12 010000100010
12 010000100010
12 010000100010
12 010000100010
12 010000100010
12 010000100010
12 010000100010
12 010000100010
1 010000100010
3 010000100010

4 010000100010
4 010000100010
4 010000100010
4 010000100010
4 010000100010
4 010000100010
4 010000100010
4 010000100010
4 010000100010
3 010000100010
3 010000100010
3 010000100010
11 010000100010
11 010000100010
1 010000100010
1 010000100010

4 000100100001
4 000100100001
3 000100100001
3 000100100001
3 000100100001
3 000100100001
3 000100100001
3 000100100001
3 000100100001
3 000100100001
3 000100100001
3 000100100001
3 000100100001
3 000100100001
3 000100100001
3 000100100001

12 000100100010
12 000100100010
12 000100100010
12 000100100010
11 000100100010
11 000100100010
10 000100100010
10 000100100010
6 000100100010
6 000100100010
6 000100100010
6 000100100010
6 000100100010
6 000100100010
6 000100100010
6 000100100010

8 000100001001
8 000100001001
8 000100001001
8 000100001001
8 000100001001
8 000100001001
8 000100001001
8 000100001001
8 000100001001
8 000100001001
8 000100001001
8 000100001001
8 000100001001
8 000100001001
3 000100001001
6 000100001001

12 010000100010
12 010000100010
12 010000100010
12 010000100010
12 010000100010
12 010000100010
12 010000100010
12 010000100010
12 010000100010
12 010000100010
12 010000100010
12 010000100010
12 010000100010
12 010000100010
12 010000100010
12 010000100010

12 010000100010
12 010000100010
12 010000100010
12 010000100010
12 010000100010
12 010000100010
12 010000100010
12 010000100010
12 010000100010
12 010000100010
12 010000100010
12 010000100010
12 010000100010
12 010000100010
12 010000100010
12 010000100010

12 000100100001
12 000100100001
12 000100100001
12 000100100001
12 000100100001
12 000100100001
12 000100100001
12 000100100001
12 000100100001
12 000100100001
12 000100100001
12 000100100001
12 000100100001
12 000100100001
12 000100100001
12 000100100001

12 000100100001
12 000100100001
12 000100100001
12 000100100001
12 000100100001
12 000100100001
12 000100100001
12 000100100001
12 000100100001
12 000100100001
12 000100100001
12 000100100001
12 000100100001
3 000100100001
4 000100100001
6 000100100001

12 000100100001
6 000100100001
6 000100100001
6 000100100001
6 000100100001
6 000100100001
6 000100100001
6 000100100001
6 000100100001
3 000100100001
3 000100100001
3 000100100001
3 000100100001
3 000100100001
4 000100100001
6 000100100001

12 000100100001
6 000100100001
6 000100100001
6 000100100001
11 000100100001
11 000100100001
10 000100100001
10 000100100001
8 000100001001
8 000100001001
8 000100001001
8 000100001001
8 000100001001
8 000100001001
10 000100001001
8 000100001001

12 010000100010
6 010000100010
6 010000100010
6 010000100010
6 010000100010
6 010000100010
8 010000100010
6 010000100010
6 010000100010
6 010000100010
1 010000100010
1 010000100010
1 010000100010
1 010000100010
1 010000100010
1 010000100010

4 010000100010
4 010000100010
4 010000100010
4 010000100010
4 010000100010
4 010000100010
4 010000100010
4 010000100010
4 010000100010
3 010000100010
3 010000100010
3 010000100010
11 010000100010
11 010000100010
1 010000100010
1 010000100010

4 000100100001
4 000100100001
3 000100100001
3 000100100001
11 000100100001
11 000100100001
1 000100100001
4 000100100001
4 000100100001
4 000100100001
3 000100100001
3 000100100001
3 000100100001
3 000100100001
6 000100100001
6 000100100001

6 000100100001
6 000100100001
11 000100100001
11 000100100001
11 000100100001
10 000100100001
10 000100100001
11 000100100001
11 000100001001
11 000100001001
11 000100001001
11 000100001001
11 000100001001
11 000100001001
11 000100001001
11 000100001001

11 010000100010
11 010000100010
10 010000100010
10 010000100010
10 010000100010
10 010000100010
10 010000100010
10 010000100010
10 000010001001
10 000010001001
8 000010001001
8 000010001001
8 000010001001
8 000010001001
8 000010001001
8 000010001001

12 000010001001
12 000010001001
10 000010001001
10 000010001001
8 000010001001
8 000010001001
6 000010001001
6 000010001001
6 000100100001
6 000100100001
6 000100100001
6 000100100001
4 000100100001
3 000100100001
3 000100100001
3 000100100001

6 010000100010
6 010000100010
6 010000100010
6 010000100010
6 010000100010
6 010000100010
6 010000100010
6 010000100010
6 000010001001
6 000010001001
6 000010001001
6 000010001001
6 000010001001
6 000010001001
6 000010001001
6 000010001001

12 000100100001
12 000100100001
12 000100100001
12 000100100001
12 000100100001
12 000100100001
12 000100100001
12 000100100001
12 000100100001
12 000100100001
12 000100100001
12 000100100001
11 000100100001
11 000100100001
10 000100100001
11 000100100001

12 000100001001
12 000100001001
12 000100001001
12 000100001001
12 000100001001
12 000100001001
12 000100001001
12 000100001001
12 000100001001
12 000100001001
12 000100001001
12 000100001001
11 000100001001
11 000100001001
11 000100001001
11 000100001001

12 000100100010
10 000100100010
10 000100100010
10 000100100010
10 000100100010
10 000100100010
8 000100100010
6 000100100010
6 000100100010
6 000100100010
6 000100100010
6 000100100010
11 000100100010
11 000100100010
10 000100100010
11 000100100010

12 000100001001
12 000100001001
12 000100001001
12 000100001001
12 000100001001
12 000100001001
12 000100001001
12 000100001001
12 000100001001
12 000100001001
12 000100001001
12 000100001001
1 000100001001
1 000100001001
3 000100001001
4 000100001001

12 010010100010
12 010010100010
3 010010100010
3 010010100010
1 010010100010
1 010010100010
11 010010100010
1 010010100010
1 010010100010
1 010010100010
11 010010100010
11 010010100010
11 010010100010
10 010010100010
10 010010100010
10 010010100010

11 000100001001
11 000100001001
11 000100001001
11 000100001001
11 000100001001
11 000100001001
11 000100001001
11 000100001001
11 000100001001
11 000100001001
11 000100001001
11 000100001001
11 000100001001
11 000100001001
11 000100001001
11 000100001001

12 000100100010
10 000100100010
10 000100100010
10 000100100010
10 000100100010
10 000100100010
8 000100100010
6 000100100010
6 000100100010
6 000100100010
6 000100100010
6 000100100010
11 000100100010
11 000100100010
10 000100100010
11 000100100010

12 000100001001
12 000100001001
12 000100001001
12 000100001001
12 000100001001
12 000100001001
12 000100001001
12 000100001001
12 000100001001
12 000100001001
12 000100001001
12 000100001001
1 000100001001
1 000100001001
3 000100001001
4 000100001001

12 010010100010
12 010010100010
3 010010100010
3 010010100010
1 010010100010
1 010010100010
11 010010100010
1 010010100010
1 010010100010
1 010010100010
11 010010100010
11 010010100010
11 010010100010
10 010010100010
10 010010100010
10 010010100010

11 000100001001
11 000100001001
11 000100001001
11 000100001001
11 000100001001
11 000100001001
11 000100001001
11 000100001001
11 000100001001
11 000100001001
11 000100001001
11 000100001001
11 000100001001
11 000100001001
11 000100001001
11 000100001001

12 000100100010
10 000100100010
10 000100100010
10 000100100010
10 000100100010
10 000100100010
8 000100100010
6 000100100010
6 000100100010
6 000100100010
6 000100100010
6 000100100010
11 000100100010
11 000100100010
10 000100100010
11 000100100010

12 000100001001
12 000100001001
12 000100001001
12 000100001001
12 000100001001
12 000100001001
12 000100001001
12 000100001001
12 000100001001
12 000100001001
12 000100001001
12 000100001001
1 000100001001
1 000100001001
3 000100001001
4 000100001001

12 010010100010
12 010010100010
3 010010100010
3 010010100010
1 010010100010
1 010010100010
11 010010100010
1 010010100010
1 010010100010
1 010010100010
11 010010100010
11 010010100010
11 010010100010
10 010010100010
10 010010100010
10 010010100010

11 000100001001
11 000100001001
11 000100001001
11 000100001001
11 000100001001
11 000100001001
11 000100001001
11 000100001001
11 000100001001
11 000100001001
11 000100001001
11 000100001001
11 000100001001
11 000100001001
11 000100001001
11 000100001001

12 000100100010
10 000100100010
10 000100100010
10 000100100010
10 000100100010
10 000100100010
8 000100100010
6 000100100010
6 000100100010
6 000100100010
6 000100100010
6 000100100010
11 000100100010
11 000100100010
10 000100100010
11 000100100010

12 000100001001
12 000100001001
12 000100001001
12 000100001001
12 000100001001
12 000100001001
12 000100001001
12 000100001001
12 000100001001
12 000100001001
12 000100001001
12 000100001001
1 000100001001
1 000100001001
3 000100001001
4 000100001001

12 010010100010
12 010010100010
3 010010100010
3 010010100010
1 010010100010
1 010010100010
11 010010100010
1 010010100010
1 010010100010
1 010010100010
11 010010100010
11 010010100010
11 010010100010
10 010010100010
10 010010100010
10 010010100010

11 000100001001
11 000100001001
11 000100001001
11 000100001001
11 000100001001
11 000100001001
11 000100001001
11 000100001001
11 000100001001
11 000100001001
11 000100001001
11 000100001001
11 000100001001
11 000100001001
11 000100001001
11 000100001001

12 000100100010
10 000100100010
10 000100100010
10 000100100010
10 000100100010
10 000100100010
8 000100100010
6 000100100010
6 000100100010
6 000100100010
6 000100100010
6 000100100010
11 000100100010
11 000100100010
10 000100100010
11 000100100010

12 000100001001
12 000100001001
12 000100001001
12 000100001001
12 000100001001
12 000100001001
12 000100001001
12 000100001001
12 000100001001
12 000100001001
12 000100001001
12 000100001001
1 000100001001
1 000100001001
3 000100001001
4 000100001001

12 010010100010
12 010010100010
3 010010100010
3 010010100010
1 010010100010
1 010010100010
11 010010100010
1 010010100010
1 010010100010
1 010010100010
11 010010100010
11 010010100010
11 010010100010
10 010010100010
10 010010100010
10 010010100010

11 000100001001
11 000100001001
11 000100001001
11 000100001001
11 000100001001
11 000100001001
11 000100001001
11 000100001001
11 000100001001
11 000100001001
11 000100001001
11 000100001001
11 000100001001
11 000100001001
11 000100001001
11 000100001001

12 000100100010
10 000100100010
10 000100100010
10 000100100010
10 000100100010
10 000100100010
8 000100100010
6 000100100010
6 000100100010
6 000100100010
6 000100100010
6 000100100010
11 000100100010
11 000100100010
10 000100100010
11 000100100010

12 000100001001
12 000100001001
12 000100001001
12 000100001001
12 000100001001
12 000100001001
12 000100001001
12 000100001001
12 000100001001
12 000100001001
12 000100001001
12 000100001001
1 000100001001
1 000100001001
3 000100001001
4 000100001001

12 010010100010
12 010010100010
3 010010100010
3 010010100010
1 010010100010
1 010010100010
11 010010100010
1 010010100010
1 010010100010
1 010010100010
11 010010100010
11 010010100010
11 010010100010
10 010010100010
10 010010100010
10 010010100010

11 000100001001
11 000100001001
11 000100001001
11 000100001001
11 000100001001
11 000100001001
11 000100001001
11 000100001001
11 000100001001
11 000100001001
11 000100001001
11 000100001001
11 000100001001
11 000100001001
11 000100001001
11 000100001001

12 000100100010
10 000100100010
10 000100100010
10 000100100010
10 000100100010
10 000100100010
8 000100100010
6 000100100010
6 000100100010
6 000100100010
6 000100100010
6 000100100010
11 000100100010
11 000100100010
10 000100100010
11 000100100010

12 000100001001
12 000100001001
12 000100001001
12 000100001001
12 000100001001
12 000100001001
12 000100001001
12 000100001001
12 000100001001
12 000100001001
12 000100001001
12 000100001001
1 000100001001
1 000100001001
3 000100001001
4 000100001001

12 010010100010
12 010010100010
3 010010100010
3 010010100010
1 010010100010
1 010010100010
11 010010100010
1 010010100010
1 010010100010
1 010010100010
11 010010100010
11 010010100010
11 010010100010
10 010010100010
10 010010100010
10 010010100010

11 000100001001
11 000100001001
11 000100001001
11 000100001001
11 000100001001
11 000100001001
11 000100001001
11 000100001001
11 000100001001
11 000100001001
11 000100001001
11 000100001001
11 000100001001
11 000100001001
11 000100001001
11 000100001001

12 000100100010
10 000100100010
10 000100100010
10 000100100010
10 000100100010
10 000100100010
8 000100100010
6 000100100010
6 000100100010
6 000100100010
6 000100100010
6 000100100010
11 000100100010
11 000100100010
10 000100100010
11 000100100010

12 000100001001
12 000100001001
12 000100001001
12 000100001001
12 000100001001
12 000100001001
12 000100001001
12 000100001001
12 000100001001
12 000100001001
12 000100001001
12 000100001001
1 000100001001
1 000100001001
3 000100001001
4 000100001001

12 010010100010
12 010010100010
3 010010100010
3 010010100010
1 010010100010
1 010010100010
11 010010100010
1 010010100010
1 010010100010
1 010010100010
11 010010100010
11 010010100010
11 010010100010
10 010010100010
10 010010100010
10 010010100010

11 000100100001
11 000100100001
11 000100100001
11 000100100001
11 000100100001
11 000100100001
11 000100100001
11 000100100001
11 000100100001
11 000100100001
11 000100100001
11 000100100001
11 000100100001
11 000100100001
11 000100100001
11 000100100001

12 000100100001
12 000100100001
12 000100100001
12 000100100001
12 000100100001
12 000100100001
12 000100100001
12 000100100001
12 000100001001
12 000100001001
12 000100001001
12 000100001001
12 000100001001
12 000100001001
12 000100001001
12 000100001001

12 010000100010
12 010000100010
12 010000100010
12 010000100010
12 010000100010
12 010000100010
12 010000100010
12 010000100010
12 010000100010
12 010000100010
12 010000100010
12 010000100010
12 010000100010
12 010000100010
12 010000100010
12 010000100010

12 010000100010
12 010000100010
12 010000100010
12 010000100010
12 010000100010
12 010000100010
12 010000100010
12 010000100010
12 010000100010
12 010000100010
12 010000100010
12 010000100010
12 010000100010
12 010000100010
12 010000100010
12 010000100010

12 000100100001
12 000100100001
12 000100100001
12 000100100001
12 000100100001
12 000100100001
12 000100100001
12 000100100001
12 000100100001
12 000100100001
12 000100100001
12 000100100001
12 000100100001
12 000100100001
12 000100100001
12 000100100001

12 000100100001
12 000100100001
12 000100100001
12 000100100001
12 000100100001
12 000100100001
12 000100100001
12 000100100001
12 000100001001
12 000100001001
12 000100001001
12 000100001001
12 000100001001
12 000100001001
12 000100001001
12 000100001001

12 010000100010
12 010000100010
12 010000100010
12 010000100010
12 010000100010
12 010000100010
12 010000100010
12 010000100010
12 000010001001
12 000010001001
12 000010001001
12 000010001001
12 000010001001
12 000010001001
12 000010001001
12 000010001001

12 000010001001
12 000010001001
12 000010001001
12 000010001001
12 000010001001
12 000010001001
12 000010001001
12 000010001001
12 000100100001
12 000100100001
12 000100100001
12 000100100001
12 000100100001
12 000100100001
12 000100100001
12 000100100001

12 010000100010
12 010000100010
12 010000100010
12 010000100010
12 010000100010
12 010000100010
12 010000100010
12 010000100010
12 000010001001
12 000010001001
12 000010001001
12 000010001001
12 000010001001
12 000010001001
12 000010001001
12 000010001001

12 000100100001
12 000100100001
12 000100100001
12 000100100001
12 000100100001
12 000100100001
12 000100100001
12 000100100001
12 000100100001
12 000100100001
12 000100100001
12 000100100001
12 000100100001
12 000100100001
12 000100100001
12 000100100001

