12 100100001000
12 100100001000
12 100100001000
12 100100001000
12 100100001000
12 100100001000
12 100100001000
12 100100001000
12 100100001000
12 100100001000
12 100100001000
12 100100001000
12 100100001000
12 100100001000
12 100100001000
12 100100001000

12 100100001000
12 100100001000
12 100100001000
12 100100001000
12 100100001000
12 100100001000
12 100100001000
12 100100001000
12 100100001000
12 100100001000
12 100100001000
12 100100001000
12 100100001000
12 100100001000
3 100100001000
3 100100001000

8 100100001000
8 100100001000
8 100100001000
8 100100001000
8 100100001000
8 100100001000
8 100100001000
8 100100001000
8 100100001000
8 100100001000
8 100100001000
8 100100001000
10 100100001000
10 100100001000
10 100100001000
10 100100001000

1 100001001000
1 100001001000
0 100001001000
0 100001001000
8 100001001000
8 100001001000
8 100001001000
8 100001001000
8 100001001000
8 100001001000
8 100001001000
8 100001001000
8 100001001000
8 100001001000
8 100001001000
8 100001001000

1 010001001000
1 010001001000
1 010001001000
1 010001001000
0 010001001000
0 010001001000
0 010001001000
0 010001001000
8 010001001000
8 010001001000
8 010001001000
8 010001001000
3 010001001000
3 010001001000
3 010001001000
3 010001001000

5 010001000010
5 010001000010
5 010001000010
5 010001000010
5 010001000010
5 010001000010
3 010001000010
3 010001000010
5 010101011010
5 010101011010
8 010101011010
8 010101011010
8 010101011010
8 010101011010
8 010101011010
8 010101011010

5 100100001000
5 100100001000
3 100100001000
3 100100001000
3 100100001000
3 100100001000
3 100100001000
3 100100001000
3 100100001000
3 100100001000
3 100100001000
3 100100001000
3 100100001000
3 100100001000
3 100100001000
3 100100001000

12 100100001000
12 100100001000
12 100100001000
12 100100001000
12 100100001000
12 100100001000
12 100100001000
12 100100001000
12 100100001000
12 100100001000
12 100100001000
12 100100001000
12 100100001000
12 100100001000
3 100100001000
3 100100001000

8 100100001000
8 100100001000
8 100100001000
8 100100001000
8 100100001000
8 100100001000
8 100100001000
8 100100001000
8 100100001000
8 100100001000
8 100100001000
8 100100001000
10 100100001000
10 100100001000
8 100100001000
8 100100001000

1 100001001000
1 100001001000
0 100001001000
0 100001001000
8 100001001000
8 100001001000
8 100001001000
8 100001001000
8 100001001000
8 100001001000
8 100001001000
8 100001001000
8 100001001000
8 100001001000
8 100001001000
8 100001001000

1 010001001000
1 010001001000
1 010001001000
1 010001001000
0 010001001000
0 010001001000
0 010001001000
0 010001001000
8 010001001000
8 010001001000
8 010001001000
8 010001001000
3 010001001000
3 010001001000
3 010001001000
3 010001001000

5 010001000010
5 010001000010
5 010001000010
5 010001000010
5 010001000010
5 010001000010
3 010001000010
3 010001000010
5 010101011010
5 010101011010
8 010101011010
8 010101011010
8 010101011010
8 010101011010
8 010101011010
8 010101011010

0 100100001000
0 100100001000
0 100100001000
0 100100001000
0 100100001000
0 100100001000
0 100100001000
0 100100001000
0 100100001000
0 100100001000
0 100100001000
0 100100001000
0 100100001000
0 100100001000
0 100100001000
0 100100001000

12 100100001000
12 100100001000
12 100100001000
12 100100001000
12 100100001000
12 100100001000
12 100100001000
12 100100001000
12 100100001000
12 100100001000
12 100100001000
12 100100001000
12 100100001000
12 100100001000
12 100100001000
12 100100001000

1 010001001000
1 010001001000
1 010001001000
1 010001001000
0 010001001000
0 010001001000
0 010001001000
0 010001001000
8 010001001000
8 010001001000
8 010001001000
8 010001001000
1 010001001000
1 010001001000
1 010001001000
1 010001001000

0 010001001000
0 010001001000
0 010001001000
0 010001001000
8 010001001000
8 010001001000
8 010001001000
8 010001001000
1 010001001000
1 010001001000
1 010001001000
1 010001001000
0 010001001000
0 010001001000
0 010001001000
0 010001001000

8 010001001000
8 010001001000
8 010001001000
8 010001001000
8 010001001000
8 010001001000
8 010001001000
8 010001001000
8 010001001000
8 010001001000
8 010001001000
8 010001001000
8 010001001000
8 010001001000
8 010001001000
8 010001001000

12 010001001000
12 010001001000
12 010001001000
12 010001001000
12 010001001000
12 010001001000
12 010001001000
12 010001001000
12 010001001000
12 010001001000
12 010001001000
12 010001001000
8 010001001000
8 010001001000
8 010001001000
8 010001001000

5 100100001000
5 100100001000
5 100100001000
5 100100001000
3 100100001000
3 100100001000
3 100100001000
3 100100001000
0 100100001000
0 100100001000
0 100100001000
0 100100001000
5 100100001000
5 100100001000
3 100100001000
3 100100001000

3 100001001000
3 100001001000
3 100001001000
3 100001001000
0 100001001000
0 100001001000
0 100001001000
0 100001001000
5 100001001000
5 100001001000
3 100001001000
3 100001001000
3 100001001000
3 100001001000
3 100001001000
3 100001001000

0 010001001010
0 010001001010
10 010001001010
10 010001001010
10 010001001010
10 010001001010
10 010001001010
10 010001001010
10 010001001010
10 010001001010
10 010001001010
10 010001001010
10 010001001010
10 010001001010
10 010001001010
10 010001001010

12 000100010010
12 000100010010
12 000100010010
12 000100010010
5 000100010010
5 000100010010
3 000100010010
3 000100010010
0 000100010010
0 000100010010
10 000100010010
10 000100010010
8 000100010010
8 000100010010
5 000100010010
5 000100010010

8 100100001000
8 100100001000
8 100100001000
8 100100001000
8 100100001000
8 100100001000
8 100100001000
8 100100001000
8 100100001000
8 100100001000
8 100100001000
8 100100001000
10 100100001000
10 100100001000
8 100100001000
8 100100001000

1 100001001000
1 100001001000
0 100001001000
0 100001001000
10 100001001000
10 100001001000
10 100001001000
10 100001001000
8 100001001000
8 100001001000
8 100001001000
8 100001001000
8 100001001000
8 100001001000
8 100001001000
8 100001001000

1 010001001000
1 010001001000
1 010001001000
1 010001001000
0 010001001000
0 010001001000
0 010001001000
0 010001001000
8 010001001000
8 010001001000
8 010001001000
8 010001001000
3 010001001000
3 010001001000
3 010001001000
3 010001001000

5 010001000010
5 010001000010
5 010001000010
5 010001000010
5 010001000010
5 010001000010
3 010001000010
3 010001000010
5 010101011010
5 010101011010
8 010101011010
8 010101011010
8 010101011010
8 010101011010
8 010101011010
8 010101011010

5 100100001000
5 100100001000
3 100100001000
3 100100001000
3 100100001000
3 100100001000
3 100100001000
3 100100001000
3 100100001000
3 100100001000
3 100100001000
3 100100001000
3 100100001000
3 100100001000
3 100100001000
3 100100001000

12 100100001000
12 100100001000
12 100100001000
12 100100001000
12 100100001000
12 100100001000
12 100100001000
12 100100001000
12 100100001000
12 100100001000
12 100100001000
12 100100001000
12 100100001000
12 100100001000
3 100100001000
3 100100001000

8 100100001000
8 100100001000
8 100100001000
8 100100001000
8 100100001000
8 100100001000
8 100100001000
8 100100001000
8 100100001000
8 100100001000
8 100100001000
8 100100001000
10 100100001000
10 100100001000
8 100100001000
8 100100001000

1 100001001000
1 100001001000
1 100001001000
1 100001001000
8 100001001000
8 100001001000
8 100001001000
8 100001001000
8 100001001000
8 100001001000
8 100001001000
8 100001001000
8 100001001000
8 100001001000
8 100001001000
8 100001001000

1 010001001000
1 010001001000
1 010001001000
1 010001001000
0 010001001000
0 010001001000
0 010001001000
0 010001001000
8 010001001000
8 010001001000
8 010001001000
8 010001001000
3 010001001000
3 010001001000
3 010001001000
3 010001001000

5 010001000010
5 010001000010
5 010001000010
5 010001000010
5 010001000010
5 010001000010
5 010001000010
5 010001000010
3 010101011010
3 010101011010
5 010101011010
5 010101011010
8 010101011010
8 010101011010
8 010101011010
8 010101011010

0 100100001000
0 100100001000
0 100100001000
0 100100001000
0 100100001000
0 100100001000
0 100100001000
0 100100001000
0 100100001000
0 100100001000
0 100100001000
0 100100001000
0 100100001000
0 100100001000
0 100100001000
0 100100001000

12 100100001000
12 100100001000
12 100100001000
12 100100001000
12 100100001000
12 100100001000
12 100100001000
12 100100001000
12 100100001000
12 100100001000
12 100100001000
12 100100001000
12 100100001000
12 100100001000
12 100100001000
12 100100001000

1 010001001000
1 010001001000
1 010001001000
1 010001001000
0 010001001000
0 010001001000
0 010001001000
0 010001001000
8 010001001000
8 010001001000
8 010001001000
8 010001001000
1 010001001000
1 010001001000
1 010001001000
1 010001001000

0 010001001000
0 010001001000
0 010001001000
0 010001001000
8 010001001000
8 010001001000
8 010001001000
8 010001001000
1 010001001000
1 010001001000
1 010001001000
1 010001001000
0 010001001000
0 010001001000
0 010001001000
0 010001001000

12 010001001000
12 010001001000
12 010001001000
12 010001001000
10 010001001000
10 010001001000
8 010001001000
8 010001001000
8 010001001000
8 010001001000
8 010001001000
8 010001001000
8 010001001000
8 010001001000
8 010001001000
8 010001001000

12 010001001000
12 010001001000
12 010001001000
12 010001001000
12 010001001000
12 010001001000
12 010001001000
12 010001001000
12 010001001000
12 010001001000
12 010001001000
12 010001001000
8 010001001000
8 010001001000
8 010001001000
8 010001001000

5 100100001000
5 100100001000
5 100100001000
5 100100001000
3 100100001000
3 100100001000
3 100100001000
3 100100001000
0 100100001000
0 100100001000
0 100100001000
0 100100001000
5 100100001000
5 100100001000
5 100100001000
5 100100001000

3 100001001000
3 100001001000
3 100001001000
3 100001001000
0 100001001000
0 100001001000
0 100001001000
0 100001001000
5 100001001000
5 100001001000
3 100001001000
3 100001001000
3 100001001000
3 100001001000
3 100001001000
3 100001001000

0 010001001010
0 010001001010
10 010001001010
10 010001001010
10 010001001010
10 010001001010
10 010001001010
10 010001001010
10 010001001010
10 010001001010
10 010001001010
10 010001001010
5 010001001010
5 010001001010
5 010001001010
5 010001001010

5 000100010010
5 000100010010
5 000100010010
5 000100010010
0 000100010010
0 000100010010
0 000100010010
0 000100010010
8 000100010010
8 000100010010
8 000100010010
8 000100010010
5 000100010010
5 000100010010
3 000100010010
3 000100010010

5 100100001000
5 100100001000
8 100100001000
8 100100001000
8 100100001000
8 100100001000
8 100100001000
8 100100001000
8 100100001000
8 100100001000
8 100100001000
8 100100001000
8 100100001000
8 100100001000
8 100100001000
8 100100001000

12 100100001000
12 100100001000
12 100100001000
12 100100001000
12 100100001000
12 100100001000
12 100100001000
12 100100001000
12 100100001000
12 100100001000
12 100100001000
12 100100001000
12 100100001000
12 100100001000
12 100100001000
12 100100001000

12 100100001000
12 100100001000
12 100100001000
12 100100001000
12 100100001000
12 100100001000
12 100100001000
12 100100001000
12 100100001000
12 100100001000
12 100100001000
12 100100001000
12 100100001000
12 100100001000
12 100100001000
12 100100001000

12 100001001000
12 100001001000
12 100001001000
12 100001001000
12 100001001000
12 100001001000
12 100001001000
12 100001001000
12 100001001000
12 100001001000
12 100001001000
12 100001001000
12 100001001000
12 100001001000
12 100001001000
12 100001001000

12 010001001000
12 010001001000
12 010001001000
12 010001001000
12 010001001000
12 010001001000
12 010001001000
12 010001001000
12 010001001000
12 010001001000
12 010001001000
12 010001001000
12 010001001000
12 010001001000
12 010001001000
12 010001001000

12 010001000010
12 010001000010
12 010001000010
12 010001000010
12 010001000010
12 010001000010
12 010001000010
12 010001000010
12 010101011010
12 010101011010
12 010101011010
12 010101011010
12 010101011010
12 010101011010
12 010101011010
12 010101011010

12 100100001000
12 100100001000
12 100100001000
12 100100001000
12 100100001000
12 100100001000
12 100100001000
12 100100001000
12 100100001000
12 100100001000
12 100100001000
12 100100001000
12 100100001000
12 100100001000
12 100100001000
12 100100001000

12 100100001000
12 100100001000
12 100100001000
12 100100001000
12 100100001000
12 100100001000
12 100100001000
12 100100001000
12 100100001000
12 100100001000
12 100100001000
12 100100001000
8 100100001000
8 100100001000
8 100100001000
8 100100001000

1 010001001000
1 010001001000
1 010001001000
1 010001001000
0 010001001000
0 010001001000
0 010001001000
0 010001001000
8 010001001000
8 010001001000
8 010001001000
8 010001001000
1 010001001000
1 010001001000
1 010001001000
1 010001001000

0 010001001000
0 010001001000
0 010001001000
0 010001001000
8 010001001000
8 010001001000
8 010001001000
8 010001001000
1 010001001000
1 010001001000
1 010001001000
1 010001001000
1 010001001000
1 010001001000
0 010001001000
0 010001001000

12 010001001000
12 010001001000
8 010001001000
8 010001001000
8 010001001000
8 010001001000
8 010001001000
8 010001001000
8 010001001000
8 010001001000
8 010001001000
8 010001001000
8 010001001000
8 010001001000
8 010001001000
8 010001001000

12 010001001000
12 010001001000
12 010001001000
12 010001001000
12 010001001000
12 010001001000
12 010001001000
12 010001001000
12 010001001000
12 010001001000
12 010001001000
12 010001001000
8 010001001000
8 010001001000
8 010001001000
8 010001001000

5 100100001000
5 100100001000
5 100100001000
5 100100001000
3 100100001000
3 100100001000
3 100100001000
3 100100001000
0 100100001000
0 100100001000
0 100100001000
0 100100001000
5 100100001000
5 100100001000
5 100100001000
5 100100001000

3 100001001000
3 100001001000
0 100001001000
0 100001001000
0 100001001000
0 100001001000
0 100001001000
0 100001001000
5 100001001000
5 100001001000
5 100001001000
5 100001001000
5 100001001000
5 100001001000
3 100001001000
3 100001001000

0 010001001010
0 010001001010
10 010001001010
10 010001001010
10 010001001010
10 010001001010
10 010001001010
10 010001001010
10 010001001010
10 010001001010
10 010001001010
10 010001001010
10 010001001010
10 010001001010
10 010001001010
10 010001001010

12 000100010010
12 000100010010
3 000100010010
3 000100010010
5 000100010010
5 000100010010
3 000100010010
3 000100010010
0 000100010010
0 000100010010
10 000100010010
10 000100010010
8 000100010010
8 000100010010
5 000100010010
5 000100010010

8 100100001000
8 100100001000
8 100100001000
8 100100001000
8 100100001000
8 100100001000
8 100100001000
8 100100001000
8 100100001000
8 100100001000
8 100100001000
8 100100001000
10 100100001000
10 100100001000
8 100100001000
8 100100001000

1 100001001000
1 100001001000
0 100001001000
0 100001001000
10 100001001000
10 100001001000
10 100001001000
10 100001001000
8 100001001000
8 100001001000
8 100001001000
8 100001001000
8 100001001000
8 100001001000
8 100001001000
8 100001001000

1 010001001000
1 010001001000
1 010001001000
1 010001001000
0 010001001000
0 010001001000
0 010001001000
0 010001001000
10 010001001000
10 010001001000
8 010001001000
8 010001001000
8 010001001000
8 010001001000
8 010001001000
8 010001001000

3 010001000010
3 010001000010
5 010001000010
5 010001000010
5 010001000010
5 010001000010
3 010001000010
3 010001000010
5 010101011010
5 010101011010
8 010101011010
8 010101011010
8 010101011010
8 010101011010
8 010101011010
8 010101011010

5 100100001000
5 100100001000
3 100100001000
3 100100001000
3 100100001000
3 100100001000
3 100100001000
3 100100001000
3 100100001000
3 100100001000
3 100100001000
3 100100001000
3 100100001000
3 100100001000
3 100100001000
3 100100001000

12 100100001000
12 100100001000
12 100100001000
12 100100001000
12 100100001000
12 100100001000
12 100100001000
12 100100001000
12 100100001000
12 100100001000
12 100100001000
12 100100001000
12 100100001000
12 100100001000
3 100100001000
3 100100001000

8 100100001000
8 100100001000
8 100100001000
8 100100001000
8 100100001000
8 100100001000
8 100100001000
8 100100001000
8 100100001000
8 100100001000
8 100100001000
8 100100001000
10 100100001000
10 100100001000
10 100100001000
10 100100001000

1 100001001000
1 100001001000
0 100001001000
0 100001001000
8 100001001000
8 100001001000
8 100001001000
8 100001001000
8 100001001000
8 100001001000
8 100001001000
8 100001001000
8 100001001000
8 100001001000
8 100001001000
8 100001001000

1 010001001000
1 010001001000
1 010001001000
1 010001001000
0 010001001000
0 010001001000
0 010001001000
0 010001001000
10 010001001000
10 010001001000
10 010001001000
10 010001001000
8 010001001000
8 010001001000
8 010001001000
8 010001001000

5 010001000010
5 010001000010
5 010001000010
5 010001000010
5 010001000010
5 010001000010
5 010001000010
5 010001000010
3 010101011010
3 010101011010
5 010101011010
5 010101011010
5 010101011010
5 010101011010
8 010101011010
8 010101011010

3 100100001000
3 100100001000
3 100100001000
3 100100001000
3 100100001000
3 100100001000
3 100100001000
3 100100001000
3 100100001000
3 100100001000
3 100100001000
3 100100001000
3 100100001000
3 100100001000
3 100100001000
3 100100001000

12 100100001000
12 100100001000
12 100100001000
12 100100001000
12 100100001000
12 100100001000
12 100100001000
12 100100001000
0 100100001000
0 100100001000
3 100100001000
3 100100001000
3 100100001000
3 100100001000
0 100100001000
0 100100001000

5 100001001000
5 100001001000
5 100001001000
5 100001001000
5 100001001000
5 100001001000
3 100001001000
3 100001001000
0 100001001000
0 100001001000
0 100001001000
0 100001001000
0 100001001000
0 100001001000
0 100001001000
0 100001001000

12 100001001000
12 100001001000
5 100001001000
5 100001001000
5 100001001000
5 100001001000
5 100001001000
5 100001001000
3 100001001000
3 100001001000
5 100001001000
5 100001001000
0 100001001000
0 100001001000
5 100001001000
5 100001001000

12 100100001000
12 100100001000
3 100100001000
3 100100001000
3 100100001000
3 100100001000
3 100100001000
3 100100001000
3 100100001000
3 100100001000
5 100100001000
5 100100001000
5 100100001000
5 100100001000
5 100100001000
5 100100001000

12 100100001000
12 100100001000
5 100100001000
5 100100001000
5 100100001000
5 100100001000
5 100100001000
5 100100001000
3 100100001000
3 100100001000
5 100100001000
5 100100001000
5 100100001000
5 100100001000
5 100100001000
5 100100001000

12 100001001000
12 100001001000
12 100001001000
12 100001001000
5 100001001000
5 100001001000
5 100001001000
5 100001001000
5 100001001000
5 100001001000
5 100001001000
5 100001001000
5 100001001000
5 100001001000
5 100001001000
5 100001001000

12 100001001000
12 100001001000
12 100001001000
12 100001001000
12 100001001000
12 100001001000
12 100001001000
12 100001001000
12 100001001000
12 100001001000
12 100001001000
12 100001001000
12 100001001000
12 100001001000
12 100001001000
12 100001001000

