12 100010000100
12 100010000100
12 100010000100
12 100010000100
12 100010000100
12 100010000100
12 100010000100
12 100010000100
12 100010000100
12 100010000100
12 100010000100
12 100010000100
12 100010000100
12 100010000100
12 100010000100
12 100010000100

12 100010000100
12 100010000100
12 100010000100
12 100010000100
12 100010000100
12 100010000100
12 100010000100
12 100010000100
12 100010000100
12 100010000100
12 100010000100
12 100010000100
12 100010000100
12 100010000100
12 100010000100
12 100010000100

4 100010000100
4 100010000100
4 100010000100
4 100010000100
4 100010000100
4 100010000100
4 100010000100
4 100010000100
4 100010000100
4 100010000100
2 100010000100
2 100010000100
11 100010000100
11 100010000100
2 100010000100
2 100010000100

4 100010000100
4 100010000100
4 100010000100
4 100010000100
4 100010000100
4 100010000100
11 100010000100
11 100010000100
2 001000100100
2 001000100100
11 001000100100
11 001000100100
2 001000100100
2 001000100100
11 001000100100
11 001000100100

12 100010000100
12 100010000100
12 100010000100
12 100010000100
12 100010000100
12 100010000100
12 100010000100
12 100010000100
11 001000100100
11 001000100100
11 001000100100
11 001000100100
11 001000100100
11 001000100100
9 001000100100
9 001000100100

12 100010000100
12 100010000100
12 100010000100
12 100010000100
12 100010000100
12 100010000100
12 100010000100
12 100010000100
9 001000100100
9 001000100100
9 001000100100
9 001000100100
9 001000100100
9 001000100100
7 001000100100
7 001000100100

12 001001010010
12 001001010010
12 001001010010
12 001001010010
12 001001010010
12 001001010010
12 001001010010
12 001001010010
12 001001010010
12 001001010010
12 001001010010
12 001001010010
12 001001010010
12 001001010010
12 001001010010
12 001001010010

12 100010010100
12 100010010100
12 100010010100
12 100010010100
12 100010010100
12 100010010100
12 100010010100
12 100010010100
9 100010010100
9 100010010100
10 100010010100
10 100010010100
9 100010010100
9 100010010100
7 100010010100
7 100010010100

12 001001010010
12 001001010010
12 001001010010
5 001001010010
2 001001010010
2 001001010010
2 001001010010
2 001001010010
2 001001010010
2 001001010010
2 001001010010
2 001001010010
2 001001010010
2 001001010010
2 001001010010
2 001001010010

2 100010010100
2 100010010100
2 100010010100
2 100010010100
2 100010010100
2 100010010100
0 100010010100
0 100010010100
0 100010010100
0 100010010100
2 100010010100
2 100010010100
2 100010010100
2 100010010100
0 100010010100
0 100010010100

5 001001000100
5 001001000100
7 001001000100
7 001001000100
9 001001000100
9 001001000100
10 001001000100
10 001001000100
9 001001000100
9 001001000100
9 001001000100
9 001001000100
0 001001000100
0 001001000100
0 001001000100
0 001001000100

2 100010010100
2 100010010100
2 100010010100
2 100010010100
2 100010010100
2 100010010100
0 100010010100
0 100010010100
0 100010010100
0 100010010100
2 100010010100
2 100010010100
2 100010010100
2 100010010100
5 100010010100
5 100010010100

9 001001000010
9 001001000010
9 001001000010
7 001001000010
7 001001000010
7 001001000010
10 001001000010
10 001001000010
9 001001000010
9 001001000010
9 001001000010
7 001001000010
7 001001000010
7 001001000010
10 001001000010
10 001001000010

9 100010010000
9 100010010000
7 100010010000
7 100010010000
7 100010010000
7 100010010000
7 100010010000
7 100010010000
9 100010010000
9 100010010000
7 100010010000
7 100010010000
5 100010010000
5 100010010000
7 100010010000
7 100010010000

9 100011000100
9 100011000100
9 100011000100
9 100011000100
9 100011000100
9 100011000100
9 100011000100
9 100011000100
9 100011000100
9 100011000100
9 100011000100
9 100011000100
9 100011000100
9 100011000100
9 100011000100
9 100011000100

12 001001000010
12 001001000010
12 001001000010
12 001001000010
12 001001000010
12 001001000010
0 001001000010
0 001001000010
2 001001000010
2 001001000010
5 001001000010
5 001001000010
5 001001000010
5 001001000010
7 001001000010
7 001001000010

9 100011000100
9 100011000100
9 100011000100
9 100011000100
9 100011000100
9 100011000100
9 100011000100
9 100011000100
9 100011000100
9 100011000100
9 100011000100
9 100011000100
9 100011000100
9 100011000100
9 100011000100
9 100011000100

12 001001000010
12 001001000010
12 001001000010
12 001001000010
12 001001000010
12 001001000010
0 001001000010
0 001001000010
2 001001000010
2 001001000010
5 001001000010
5 001001000010
5 001001000010
5 001001000010
0 001001000010
0 001001000010

9 100011000100
9 100011000100
9 100011000100
9 100011000100
9 100011000100
9 100011000100
9 100011000100
9 100011000100
9 100011000100
9 100011000100
9 100011000100
9 100011000100
9 100011000100
9 100011000100
9 100011000100
9 100011000100

12 001001000010
12 001001000010
12 001001000010
12 001001000010
12 001001000010
12 001001000010
0 001001000010
0 001001000010
2 001001000010
2 001001000010
5 001001000010
5 001001000010
5 001001000010
5 001001000010
7 001001000010
7 001001000010

9 100011000100
9 100011000100
9 100011000100
9 100011000100
9 100011000100
9 100011000100
9 100011000100
9 100011000100
9 100011000100
9 100011000100
9 100011000100
7 100011000100
9 100011000100
9 100011000100
7 100011000100
9 100011000100

9 100011000100
7 100011000100
5 100011000100
5 100011000100
5 100011000100
5 100011000100
0 100011000100
0 100011000100
2 100011000100
2 100011000100
5 100011000100
5 100011000100
5 100011000100
5 100011000100
5 100011000100
5 100011000100

4 100010000100
4 100010000100
4 100010000100
4 100010000100
4 100010000100
4 100010000100
4 100010000100
4 100010000100
4 100010000100
4 100010000100
11 100010000100
11 100010000100
11 100010000100
11 100010000100
2 100010000100
2 100010000100

4 100010000100
4 100010000100
4 100010000100
4 100010000100
4 100010000100
4 100010000100
11 100010000100
11 100010000100
2 001000100100
2 001000100100
11 001000100100
11 001000100100
2 001000100100
2 001000100100
11 001000100100
11 001000100100

12 100010000100
12 100010000100
12 100010000100
12 100010000100
12 100010000100
12 100010000100
4 100010000100
4 100010000100
11 001000100100
11 001000100100
11 001000100100
11 001000100100
11 001000100100
11 001000100100
9 001000100100
9 001000100100

12 100010000100
12 100010000100
12 100010000100
12 100010000100
12 100010000100
12 100010000100
12 100010000100
12 100010000100
9 001000100100
9 001000100100
9 001000100100
9 001000100100
9 001000100100
9 001000100100
7 001000100100
7 001000100100

12 001001010010
12 001001010010
12 001001010010
5 001001010010
2 001001010010
2 001001010010
2 001001010010
2 001001010010
2 001001010010
2 001001010010
2 001001010010
2 001001010010
2 001001010010
2 001001010010
2 001001010010
2 001001010010

12 100010010100
12 100010010100
12 100010010100
12 100010010100
12 100010010100
12 100010010100
12 100010010100
12 100010010100
2 100010010100
2 100010010100
0 100010010100
0 100010010100
9 100010010100
9 100010010100
10 100010010100
9 100010010100

7 001001010010
7 001001010010
7 001001010010
7 001001010010
7 001001010010
7 001001010010
7 001001010010
7 001001010010
7 001001010010
7 001001010010
7 001001010010
7 001001010010
7 001001010010
7 001001010010
7 001001010010
7 001001010010

2 100010010100
2 100010010100
2 100010010100
2 100010010100
2 100010010100
2 100010010100
0 100010010100
0 100010010100
0 100010010100
0 100010010100
2 100010010100
2 100010010100
2 100010010100
2 100010010100
0 100010010100
0 100010010100

5 001001000100
5 001001000100
7 001001000100
7 001001000100
9 001001000100
9 001001000100
10 001001000100
10 001001000100
9 001001000100
9 001001000100
9 001001000100
9 001001000100
0 001001000100
0 001001000100
0 001001000100
0 001001000100

2 100010010100
2 100010010100
2 100010010100
2 100010010100
2 100010010100
2 100010010100
0 100010010100
0 100010010100
0 100010010100
0 100010010100
2 100010010100
2 100010010100
2 100010010100
2 100010010100
5 100010010100
5 100010010100

9 001001000010
9 001001000010
9 001001000010
7 001001000010
7 001001000010
7 001001000010
10 001001000010
10 001001000010
9 001001000010
9 001001000010
9 001001000010
7 001001000010
7 001001000010
7 001001000010
10 001001000010
10 001001000010

9 100010010000
9 100010010000
9 100010010000
7 100010010000
7 100010010000
7 100010010000
7 100010010000
7 100010010000
9 100010010000
9 100010010000
7 100010010000
7 100010010000
5 100010010000
5 100010010000
7 100010010000
7 100010010000

9 100011000100
9 100011000100
9 100011000100
9 100011000100
9 100011000100
9 100011000100
9 100011000100
7 100011000100
9 100011000100
9 100011000100
9 100011000100
9 100011000100
9 100011000100
7 100011000100
9 100011000100
9 100011000100

9 001001000010
7 001001000010
5 001001000010
5 001001000010
5 001001000010
5 001001000010
0 001001000010
0 001001000010
2 001001000010
2 001001000010
5 001001000010
5 001001000010
5 001001000010
5 001001000010
7 001001000010
7 001001000010

9 100011000100
9 100011000100
9 100011000100
9 100011000100
9 100011000100
9 100011000100
9 100011000100
9 100011000100
9 100011000100
9 100011000100
9 100011000100
9 100011000100
9 100011000100
9 100011000100
9 100011000100
9 100011000100

12 001001000010
12 001001000010
12 001001000010
12 001001000010
12 001001000010
12 001001000010
0 001001000010
0 001001000010
2 001001000010
2 001001000010
5 001001000010
5 001001000010
5 001001000010
5 001001000010
0 001001000010
0 001001000010

9 100011000100
9 100011000100
9 100011000100
9 100011000100
9 100011000100
9 100011000100
9 100011000100
9 100011000100
9 100011000100
9 100011000100
9 100011000100
9 100011000100
9 100011000100
9 100011000100
9 100011000100
9 100011000100

12 001001000010
12 001001000010
12 001001000010
12 001001000010
12 001001000010
12 001001000010
0 001001000010
0 001001000010
2 001001000010
2 001001000010
5 001001000010
5 001001000010
5 001001000010
5 001001000010
7 001001000010
7 001001000010

9 100011000100
9 100011000100
9 100011000100
9 100011000100
9 100011000100
9 100011000100
9 100011000100
9 100011000100
9 100011000100
9 100011000100
9 100011000100
9 100011000100
9 100011000100
9 100011000100
9 100011000100
9 100011000100

12 001001000010
12 001001000010
12 001001000010
12 001001000010
12 001001000010
12 001001000010
0 001001000010
0 001001000010
2 001001000010
2 001001000010
5 001001000010
5 001001000010
5 001001000010
5 001001000010
5 001001000010
5 001001000010

6 100010000100
6 100010000100
6 100010000100
6 100010000100
6 100010000100
6 100010000100
6 100010000100
6 100010000100
6 100010000100
6 100010000100
6 100010000100
6 100010000100
6 100010000100
6 100010000100
6 100010000100
6 100010000100

12 100010000100
12 100010000100
12 100010000100
12 100010000100
12 100010000100
12 100010000100
12 100010000100
12 100010000100
6 001000100100
6 001000100100
6 001000100100
6 001000100100
6 001000100100
6 001000100100
6 001000100100
6 001000100100

4 100010000100
4 100010000100
4 100010000100
4 100010000100
4 100010000100
4 100010000100
4 100010000100
4 100010000100
2 001000100100
2 001000100100
2 001000100100
2 001000100100
2 001000100100
2 001000100100
2 001000100100
2 001000100100

4 100010000100
4 100010000100
4 100010000100
4 100010000100
4 100010000100
4 100010000100
4 100010000100
4 100010000100
2 001000100100
2 001000100100
2 001000100100
2 001000100100
2 001000100100
2 001000100100
2 001000100100
2 001000100100

4 100010000100
4 100010000100
4 100010000100
4 100010000100
4 100010000100
4 100010000100
4 100010000100
4 100010000100
2 001000100100
2 001000100100
2 001000100100
2 001000100100
2 001000100100
2 001000100100
2 001000100100
2 001000100100

0 100010000100
0 100010000100
0 100010000100
0 100010000100
0 100010000100
0 100010000100
0 100010000100
0 100010000100
9 100010000100
9 100010000100
9 100010000100
9 100010000100
9 100010000100
9 100010000100
10 100010000100
9 100010000100

7 001001010010
7 001001010010
7 001001010010
7 001001010010
7 001001010010
7 001001010010
5 001001010010
7 001001010010
5 001001010010
2 001001010010
2 001001010010
2 001001010010
2 001001010010
2 001001010010
2 001001010010
2 001001010010

12 100010010100
12 100010010100
12 100010010100
12 100010010100
12 100010010100
12 100010010100
12 100010010100
12 100010010100
2 100010010100
2 100010010100
0 100010010100
0 100010010100
9 100010010100
9 100010010100
9 100010010100
9 100010010100

7 001001010010
7 001001010010
7 001001010010
7 001001010010
7 001001010010
7 001001010010
7 001001010010
7 001001010010
7 001001010010
7 001001010010
7 001001010010
7 001001010010
7 001001010010
7 001001010010
7 001001010010
7 001001010010

2 100010010100
2 100010010100
2 100010010100
2 100010010100
2 100010010100
2 100010010100
0 100010010100
0 100010010100
0 100010010100
0 100010010100
2 100010010100
2 100010010100
2 100010010100
2 100010010100
0 100010010100
0 100010010100

5 001001000100
5 001001000100
5 001001000100
7 001001000100
9 001001000100
9 001001000100
10 001001000100
10 001001000100
9 001001000100
9 001001000100
9 001001000100
9 001001000100
0 001001000100
0 001001000100
0 001001000100
0 001001000100

2 100010010100
2 100010010100
2 100010010100
2 100010010100
2 100010010100
2 100010010100
0 100010010100
0 100010010100
0 100010010100
0 100010010100
2 100010010100
2 100010010100
2 100010010100
2 100010010100
5 100010010100
5 100010010100

9 001001000010
9 001001000010
9 001001000010
7 001001000010
7 001001000010
7 001001000010
10 001001000010
10 001001000010
9 001001000010
9 001001000010
9 001001000010
7 001001000010
7 001001000010
7 001001000010
10 001001000010
10 001001000010

9 100010010000
9 100010010000
7 100010010000
7 100010010000
7 100010010000
7 100010010000
7 100010010000
7 100010010000
9 100010010000
9 100010010000
7 100010010000
7 100010010000
5 100010010000
5 100010010000
7 100010010000
7 100010010000

9 100011000100
9 100011000100
9 100011000100
9 100011000100
9 100011000100
9 100011000100
9 100011000100
7 100011000100
9 100011000100
9 100011000100
9 100011000100
9 100011000100
9 100011000100
7 100011000100
9 100011000100
9 100011000100

9 001001000010
7 001001000010
5 001001000010
5 001001000010
5 001001000010
5 001001000010
0 001001000010
0 001001000010
2 001001000010
2 001001000010
5 001001000010
5 001001000010
5 001001000010
5 001001000010
7 001001000010
7 001001000010

9 100011000100
9 100011000100
9 100011000100
9 100011000100
9 100011000100
9 100011000100
9 100011000100
9 100011000100
9 100011000100
9 100011000100
9 100011000100
9 100011000100
9 100011000100
9 100011000100
9 100011000100
9 100011000100

12 001001000010
12 001001000010
12 001001000010
12 001001000010
12 001001000010
12 001001000010
0 001001000010
0 001001000010
2 001001000010
2 001001000010
5 001001000010
5 001001000010
5 001001000010
5 001001000010
0 001001000010
0 001001000010

9 100011000100
9 100011000100
9 100011000100
9 100011000100
9 100011000100
9 100011000100
9 100011000100
9 100011000100
9 100011000100
9 100011000100
9 100011000100
9 100011000100
9 100011000100
9 100011000100
9 100011000100
9 100011000100

12 001001000010
12 001001000010
2 001001000010
2 001001000010
5 001001000010
5 001001000010
5 001001000010
5 001001000010
2 001001000010
0 001001000010
0 001001000010
9 001001000010
9 001001000010
5 001001000010
9 001001000010
9 001001000010

12 100011000100
12 100011000100
12 100011000100
12 100011000100
12 100011000100
12 100011000100
12 100011000100
12 100011000100
12 100011000100
12 100011000100
12 100011000100
12 100011000100
12 100011000100
12 100011000100
12 100011000100
12 100011000100

12 001001000010
12 001001000010
2 001001000010
2 001001000010
5 001001000010
5 001001000010
5 001001000010
5 001001000010
2 001001000010
0 001001000010
0 001001000010
9 001001000010
9 001001000010
5 001001000010
9 001001000010
9 001001000010

12 100011000100
12 100011000100
12 100011000100
12 100011000100
12 100011000100
12 100011000100
12 100011000100
12 100011000100
12 100011000100
12 100011000100
12 100011000100
12 100011000100
12 100011000100
12 100011000100
12 100011000100
12 100011000100

12 001001000010
12 001001000010
2 001001000010
2 001001000010
5 001001000010
5 001001000010
5 001001000010
5 001001000010
2 001001000010
0 001001000010
0 001001000010
9 001001000010
9 001001000010
5 001001000010
9 001001000010
9 001001000010

12 100011000100
12 100011000100
12 100011000100
12 100011000100
12 100011000100
12 100011000100
12 100011000100
12 100011000100
12 100011000100
12 100011000100
0 100011000100
0 100011000100
2 100011000100
2 100011000100
5 100011000100
5 100011000100

12 001001000010
12 001001000010
2 001001000010
2 001001000010
5 001001000010
5 001001000010
5 001001000010
5 001001000010
2 001001000010
0 001001000010
0 001001000010
9 001001000010
9 001001000010
5 001001000010
9 001001000010
9 001001000010

12 100011000100
12 100011000100
12 100011000100
12 100011000100
12 100011000100
12 100011000100
12 100011000100
12 100011000100
12 100011000100
12 100011000100
12 100011000100
12 100011000100
12 100011000100
12 100011000100
12 100011000100
12 100011000100

12 001001000010
12 001001000010
12 001001000010
12 001001000010
12 001001000010
12 001001000010
12 001001000010
12 001001000010
12 001001000010
12 001001000010
12 001001000010
12 001001000010
12 001001000010
12 001001000010
12 001001000010
12 001001000010

