12 000110001001
12 000110001001
12 000110001001
12 000110001001
12 000110001001
12 000110001001
12 000110001001
12 000110001001
12 000110001001
12 000110001001
12 000110001001
12 000110001001
12 000110001001
12 000110001001
12 000110001001
12 000110001001

12 000110001001
12 000110001001
12 000110001001
12 000110001001
12 000110001001
12 000110001001
12 000110001001
12 000110001001
12 000110001001
12 000110001001
12 000110001001
12 000110001001
12 000110001001
12 000110001001
12 000110001001
12 000110001001

12 000110001001
12 000110001001
12 000110001001
12 000110001001
12 000110001001
12 000110001001
12 000110001001
12 000110001001
12 000110001001
12 000110001001
12 000110001001
12 000110001001
12 000110001001
12 000110001001
12 000110001001
12 000110001001

12 000110001001
12 000110001001
12 000110001001
12 000110001001
12 000110001001
12 000110001001
12 000110001001
12 000110001001
12 000110001001
12 000110001001
12 000110001001
12 000110001001
12 000110001001
12 000110001001
12 000110001001
12 000110001001

1 000110001001
1 000110001001
1 000110001001
1 000110001001
8 000110001001
8 000110001001
11 000110001001
11 000110001001
11 000110001001
1 000110001001
1 000110001001
1 000110001001
1 000110001001
1 000110001001
1 000110001001
1 000110001001

12 000110001001
12 000110001001
12 000110001001
12 000110001001
12 000110001001
12 000110001001
12 000110001001
1 000110001001
1 000110001001
1 000110001001
11 000110001001
11 000110001001
11 000110001001
11 000110001001
1 000110001001
1 000110001001

8 010010001001
8 010010001001
8 010010001001
8 010010001001
8 010010001001
6 010010001001
6 010010001001
6 010010001001
6 010010001001
4 010010001001
4 010010001001
4 010010001001
4 010010001001
4 010010001001
4 010010001001
4 010010001001

12 010010001001
12 010010001001
12 010010001001
12 010010001001
12 010010001001
12 010010001001
12 010010001001
12 010010001001
12 010010001001
12 010010001001
12 010010001001
12 010010001001
12 010010001001
12 010010001001
12 010010001001
12 010010001001

4 000110001001
4 000110001001
11 000110001001
1 000110001001
1 000110001001
8 000110001001
11 000110001001
11 000110001001
11 000110001001
11 000110001001
1 000110001001
1 000110001001
1 000110001001
1 000110001001
1 000110001001
1 000110001001

12 000110001001
12 000110001001
12 000110001001
12 000110001001
12 000110001001
11 000110001001
11 000110001001
11 000110001001
1 000110001001
1 000110001001
11 000110001001
11 000110001001
11 000110001001
1 000110001001
1 000110001001
1 000110001001

8 010010001001
8 010010001001
8 010010001001
8 010010001001
8 010010001001
6 010010001001
6 010010001001
4 010010001001
4 010010001001
4 010010001001
4 010010001001
4 010010001001
4 010010001001
4 010010001001
4 010010001001
4 010010001001

12 010010001001
12 010010001001
12 010010001001
12 010010001001
12 010010001001
12 010010001001
12 010010001001
1 010010001001
8 010010001001
8 010010001001
8 010010001001
8 010010001001
8 010010001001
6 010010001001
6 010010001001
6 010010001001

4 010000100100
4 010000100100
6 010000100100
8 010000100100
8 010000100100
8 010000100100
4 010000100100
4 010000100100
4 010000100100
4 010000100100
4 010000100100
4 010000100100
4 010000100100
4 010000100100
4 010000100100
4 010000100100

12 010000100100
12 010000100100
12 010000100100
12 010000100100
12 010000100100
12 010000100100
12 010000100100
12 010000100100
1 010000100100
1 010000100100
1 010000100100
4 010000100100
4 010000100100
6 010000100100
6 010000100100
6 010000100100

8 010110100101
8 010110100101
8 010110100101
8 010110100101
8 010110100101
8 010110100101
8 010110100101
8 010110100101
6 010110100101
6 010110100101
6 010110100101
1 010110100101
1 010110100101
1 010110100101
1 010110100101
1 010110100101

12 000100100101
12 000100100101
3 000100100101
3 000100100101
3 000100100101
3 000100100101
1 000100100101
1 000100100101
1 000100100101
1 000100100101
11 000100100101
11 000100100101
11 000100100101
11 000100100101
11 000100100101
11 000100100101

1 000110001001
1 000110001001
1 000110001001
1 000110001001
8 000110001001
8 000110001001
11 000110001001
11 000110001001
11 000110001001
11 000110001001
1 000110001001
1 000110001001
1 000110001001
1 000110001001
1 000110001001
1 000110001001

12 000110001001
12 000110001001
12 000110001001
12 000110001001
12 000110001001
12 000110001001
12 000110001001
1 000110001001
1 000110001001
11 000110001001
11 000110001001
11 000110001001
1 000110001001
1 000110001001
8 000110001001
8 000110001001

12 010010001001
12 010010001001
6 010010001001
6 010010001001
8 010010001001
8 010010001001
6 010010001001
6 010010001001
6 010010001001
4 010010001001
4 010010001001
4 010010001001
4 010010001001
4 010010001001
4 010010001001
4 010010001001

12 010010001001
12 010010001001
12 010010001001
12 010010001001
12 010010001001
12 010010001001
12 010010001001
12 010010001001
12 010010001001
4 010010001001
4 010010001001
4 010010001001
4 010010001001
4 010010001001
4 010010001001
4 010010001001

4 000110001001
4 000110001001
11 000110001001
11 000110001001
1 000110001001
1 000110001001
8 000110001001
11 000110001001
11 000110001001
11 000110001001
11 000110001001
11 000110001001
1 000110001001
1 000110001001
1 000110001001
1 000110001001

12 000110001001
12 000110001001
12 000110001001
12 000110001001
12 000110001001
12 000110001001
11 000110001001
1 000110001001
1 000110001001
11 000110001001
11 000110001001
1 000110001001
8 000110001001
8 000110001001
8 000110001001
8 000110001001

12 010010001001
12 010010001001
6 010010001001
6 010010001001
8 010010001001
8 010010001001
6 010010001001
6 010010001001
6 010010001001
4 010010001001
4 010010001001
4 010010001001
4 010010001001
4 010010001001
4 010010001001
4 010010001001

12 010010001001
12 010010001001
12 010010001001
12 010010001001
12 010010001001
12 010010001001
12 010010001001
1 010010001001
1 010010001001
8 010010001001
8 010010001001
6 010010001001
6 010010001001
6 010010001001
6 010010001001
6 010010001001

4 010000100100
4 010000100100
6 010000100100
8 010000100100
8 010000100100
8 010000100100
8 010000100100
8 010000100100
8 010000100100
4 010000100100
4 010000100100
4 010000100100
4 010000100100
4 010000100100
4 010000100100
4 010000100100

12 010000100100
12 010000100100
12 010000100100
12 010000100100
12 010000100100
12 010000100100
12 010000100100
12 010000100100
1 010000100100
1 010000100100
4 010000100100
4 010000100100
4 010000100100
8 010000100100
8 010000100100
8 010000100100

8 010110100101
8 010110100101
8 010110100101
8 010110100101
8 010110100101
8 010110100101
8 010110100101
8 010110100101
6 010110100101
6 010110100101
6 010110100101
1 010110100101
1 010110100101
1 010110100101
3 010110100101
3 010110100101

12 000100100101
1 000100100101
1 000100100101
1 000100100101
1 000100100101
1 000100100101
11 000100100101
11 000100100101
11 000100100101
11 000100100101
1 000100100101
1 000100100101
1 000100100101
1 000100100101
1 000100100101
1 000100100101

8 010010100100
11 010010100100
11 010010100100
11 010010100100
1 010010100100
1 010010100100
1 010010100100
1 010010100100
1 010010100100
1 010010100100
1 010010100100
1 010010100100
1 010010100100
1 010010100100
4 010010100100
4 010010100100

8 010110100101
11 010110100101
11 010110100101
11 010110100101
1 010110100101
1 010110100101
1 010110100101
1 010110100101
1 010110100101
1 010110100101
1 010110100101
1 010110100101
1 010110100101
1 010110100101
4 010110100101
4 010110100101

8 010010100100
8 010010100100
11 010010100100
11 010010100100
1 010010100100
1 010010100100
1 010010100100
1 010010100100
1 010010100100
1 010010100100
1 010010100100
1 010010100100
1 010010100100
4 010010100100
4 010010100100
4 010010100100

1 010110100101
1 010110100101
11 010110100101
11 010110100101
11 010110100101
1 010110100101
1 010110100101
1 010110100101
1 010110100101
1 010110100101
1 010110100101
1 010110100101
1 010110100101
1 010110100101
1 010110100101
1 010110100101

8 010010100100
8 010010100100
11 010010100100
11 010010100100
1 010010100100
1 010010100100
1 010010100100
1 010010100100
1 010010100100
1 010010100100
1 010010100100
1 010010100100
1 010010100100
1 010010100100
4 010010100100
4 010010100100

8 010110100101
8 010110100101
11 010110100101
11 010110100101
11 010110100101
1 010110100101
1 010110100101
1 010110100101
1 010110100101
1 010110100101
8 010110100101
8 010110100101
8 010110100101
8 010110100101
8 010110100101
8 010110100101

6 000110001001
6 000110001001
4 000110001001
4 000110001001
11 000110001001
1 000110001001
1 000110001001
1 000110001001
1 000110001001
1 000110001001
1 000110001001
1 000110001001
1 000110001001
1 000110001001
8 000110001001
8 000110001001

6 010010001001
6 010010001001
4 010010001001
4 010010001001
11 010010001001
1 010010001001
1 010010001001
1 010010001001
1 010010001001
1 010010001001
4 010010001001
6 010010001001
6 010010001001
6 010010001001
8 010010001001
8 010010001001

6 000110001001
6 000110001001
4 000110001001
4 000110001001
11 000110001001
1 000110001001
1 000110001001
1 000110001001
1 000110001001
1 000110001001
8 000110001001
8 000110001001
8 000110001001
8 000110001001
8 000110001001
8 000110001001

6 010010001001
6 010010001001
4 010010001001
4 010010001001
11 010010001001
1 010010001001
1 010010001001
1 010010001001
1 010010001001
11 010010001001
11 010010001001
11 010010001001
11 010010001001
11 010010001001
4 010010001001
6 010010001001

12 100010001100
9 100010001100
9 100010001100
9 100010001100
11 100010001100
11 100010001100
11 100010001100
11 100010001100
11 100010001100
11 100010001100
11 100010001100
11 100010001100
11 100010001100
11 100010001100
11 100010001100
11 100010001100

12 100010001100
12 100010001100
12 100010001100
12 100010001100
12 100010001100
12 100010001100
12 100010001100
12 100010001100
12 100010001100
12 100010001100
12 100010001100
12 100010001100
12 100010001100
12 100010001100
12 100010001100
12 100010001100

12 100010001100
12 100010001100
11 100010001100
11 100010001100
11 100010001100
6 100010001100
4 100010001100
6 100010001100
6 100010001100
4 100010001100
4 100010001100
4 100010001100
4 100010001100
6 100010001100
6 100010001100
11 100010001100

12 100010001100
11 100010001100
11 100010001100
6 100010001100
9 100010001100
6 100010001100
4 100010001100
4 100010001100
4 100010001100
4 100010001100
4 100010001100
4 100010001100
4 100010001100
4 100010001100
4 100010001100
4 100010001100

12 100010001100
12 100010001100
12 100010001100
12 100010001100
12 100010001100
12 100010001100
12 100010001100
12 100010001100
12 100010001100
12 100010001100
12 100010001100
12 100010001100
12 100010001100
12 100010001100
12 100010001100
12 100010001100

12 100010001100
12 100010001100
12 100010001100
12 100010001100
12 100010001100
12 100010001100
12 100010001100
12 100010001100
12 100010001100
12 100010001100
12 100010001100
12 100010001100
12 100010001100
12 100010001100
12 100010001100
12 100010001100

12 100010001100
12 100010001100
11 100010001100
11 100010001100
11 100010001100
11 100010001100
11 100010001100
11 100010001100
11 100010001100
11 100010001100
11 100010001100
11 100010001100
4 100010001100
4 100010001100
4 100010001100
4 100010001100

11 100010001100
11 100010001100
11 100010001100
11 100010001100
11 100010001100
6 100010001100
6 100010001100
6 100010001100
6 100010001100
4 100010001100
4 100010001100
4 100010001100
4 100010001100
4 100010001100
4 100010001100
4 100010001100

12 010110100101
12 010110100101
12 010110100101
12 010110100101
12 010110100101
12 010110100101
1 010110100101
4 010110100101
4 010110100101
1 010110100101
1 010110100101
1 010110100101
1 010110100101
1 010110100101
1 010110100101
1 010110100101

12 010110100101
6 010110100101
6 010110100101
4 010110100101
4 010110100101
1 010110100101
1 010110100101
1 010110100101
1 010110100101
6 010110100101
6 010110100101
4 010110100101
4 010110100101
4 010110100101
4 010110100101
4 010110100101

12 010110100101
12 010110100101
12 010110100101
12 010110100101
12 010110100101
11 010110100101
1 010110100101
1 010110100101
1 010110100101
6 010110100101
6 010110100101
4 010110100101
4 010110100101
1 010110100101
1 010110100101
8 010110100101

12 010110100101
9 010110100101
9 010110100101
11 010110100101
11 010110100101
8 010110100101
8 010110100101
4 010110100101
6 010110100101
4 010110100101
1 010110100101
1 010110100101
1 010110100101
1 010110100101
1 010110100101
1 010110100101

1 000110001001
1 000110001001
1 000110001001
1 000110001001
8 000110001001
8 000110001001
11 000110001001
11 000110001001
11 000110001001
11 000110001001
1 000110001001
1 000110001001
1 000110001001
1 000110001001
1 000110001001
1 000110001001

12 000110001001
12 000110001001
12 000110001001
12 000110001001
12 000110001001
12 000110001001
12 000110001001
12 000110001001
1 000110001001
1 000110001001
11 000110001001
1 000110001001
1 000110001001
1 000110001001
8 000110001001
8 000110001001

11 010010001001
11 010010001001
11 010010001001
8 010010001001
8 010010001001
8 010010001001
6 010010001001
4 010010001001
4 010010001001
4 010010001001
4 010010001001
4 010010001001
4 010010001001
4 010010001001
4 010010001001
4 010010001001

12 010010001001
12 010010001001
12 010010001001
12 010010001001
12 010010001001
12 010010001001
12 010010001001
12 010010001001
12 010010001001
12 010010001001
1 010010001001
1 010010001001
1 010010001001
1 010010001001
1 010010001001
1 010010001001

4 000110001001
4 000110001001
11 000110001001
1 000110001001
1 000110001001
8 000110001001
11 000110001001
11 000110001001
11 000110001001
11 000110001001
1 000110001001
1 000110001001
1 000110001001
1 000110001001
1 000110001001
1 000110001001

12 000110001001
12 000110001001
12 000110001001
12 000110001001
12 000110001001
12 000110001001
12 000110001001
12 000110001001
1 000110001001
1 000110001001
11 000110001001
1 000110001001
1 000110001001
1 000110001001
8 000110001001
8 000110001001

8 010010001001
8 010010001001
8 010010001001
6 010010001001
8 010010001001
8 010010001001
6 010010001001
6 010010001001
6 010010001001
4 010010001001
4 010010001001
4 010010001001
4 010010001001
4 010010001001
4 010010001001
4 010010001001

12 010010001001
12 010010001001
6 010010001001
8 010010001001
8 010010001001
8 010010001001
8 010010001001
8 010010001001
8 010010001001
6 010010001001
4 010010001001
4 010010001001
4 010010001001
4 010010001001
4 010010001001
4 010010001001

4 010000100100
4 010000100100
6 010000100100
8 010000100100
8 010000100100
8 010000100100
8 010000100100
8 010000100100
8 010000100100
4 010000100100
4 010000100100
4 010000100100
4 010000100100
4 010000100100
4 010000100100
4 010000100100

12 010000100100
12 010000100100
12 010000100100
12 010000100100
12 010000100100
12 010000100100
12 010000100100
1 010000100100
1 010000100100
4 010000100100
4 010000100100
4 010000100100
4 010000100100
6 010000100100
8 010000100100
8 010000100100

8 010110100101
8 010110100101
8 010110100101
8 010110100101
8 010110100101
8 010110100101
6 010110100101
6 010110100101
1 010110100101
1 010110100101
1 010110100101
1 010110100101
1 010110100101
1 010110100101
3 010110100101
3 010110100101

12 000100100101
12 000100100101
12 000100100101
1 000100100101
3 000100100101
3 000100100101
1 000100100101
1 000100100101
1 000100100101
1 000100100101
11 000100100101
11 000100100101
11 000100100101
11 000100100101
11 000100100101
11 000100100101

8 010010100100
11 010010100100
11 010010100100
1 010010100100
1 010010100100
1 010010100100
1 010010100100
1 010010100100
1 010010100100
1 010010100100
1 010010100100
1 010010100100
1 010010100100
1 010010100100
4 010010100100
4 010010100100

8 010110100101
11 010110100101
11 010110100101
11 010110100101
1 010110100101
1 010110100101
1 010110100101
1 010110100101
1 010110100101
1 010110100101
1 010110100101
1 010110100101
1 010110100101
1 010110100101
4 010110100101
4 010110100101

8 010010100100
8 010010100100
11 010010100100
11 010010100100
1 010010100100
1 010010100100
1 010010100100
1 010010100100
1 010010100100
1 010010100100
1 010010100100
1 010010100100
1 010010100100
1 010010100100
4 010010100100
4 010010100100

1 010110100101
1 010110100101
11 010110100101
11 010110100101
11 010110100101
1 010110100101
1 010110100101
1 010110100101
1 010110100101
1 010110100101
1 010110100101
1 010110100101
11 010110100101
1 010110100101
4 010110100101
4 010110100101

12 010010100100
4 010010100100
6 010010100100
6 010010100100
1 010010100100
1 010010100100
1 010010100100
1 010010100100
1 010010100100
1 010010100100
1 010010100100
1 010010100100
1 010010100100
1 010010100100
1 010010100100
1 010010100100

12 010110100101
11 010110100101
11 010110100101
11 010110100101
11 010110100101
1 010110100101
1 010110100101
1 010110100101
8 010110100101
8 010110100101
8 010110100101
8 010110100101
11 010110100101
11 010110100101
8 010110100101
8 010110100101

6 000110001001
6 000110001001
4 000110001001
4 000110001001
11 000110001001
1 000110001001
1 000110001001
1 000110001001
1 000110001001
1 000110001001
8 000110001001
8 000110001001
8 000110001001
8 000110001001
8 000110001001
8 000110001001

6 010010001001
6 010010001001
4 010010001001
4 010010001001
11 010010001001
1 010010001001
1 010010001001
1 010010001001
1 010010001001
1 010010001001
4 010010001001
6 010010001001
6 010010001001
6 010010001001
8 010010001001
8 010010001001

6 000110001001
6 000110001001
4 000110001001
4 000110001001
11 000110001001
1 000110001001
1 000110001001
8 000110001001
8 000110001001
8 000110001001
8 000110001001
8 000110001001
8 000110001001
8 000110001001
8 000110001001
8 000110001001

6 010010001001
6 010010001001
4 010010001001
4 010010001001
11 010010001001
1 010010001001
1 010010001001
1 010010001001
1 010010001001
11 010010001001
11 010010001001
11 010010001001
11 010010001001
11 010010001001
4 010010001001
4 010010001001

4 100010001100
4 100010001100
4 100010001100
6 100010001100
6 100010001100
9 100010001100
9 100010001100
11 100010001100
11 100010001100
11 100010001100
11 100010001100
11 100010001100
11 100010001100
11 100010001100
11 100010001100
11 100010001100

12 100010001100
12 100010001100
12 100010001100
12 100010001100
12 100010001100
12 100010001100
12 100010001100
12 100010001100
12 100010001100
12 100010001100
12 100010001100
12 100010001100
12 100010001100
12 100010001100
12 100010001100
12 100010001100

12 100010001100
12 100010001100
11 100010001100
11 100010001100
11 100010001100
6 100010001100
4 100010001100
6 100010001100
6 100010001100
4 100010001100
4 100010001100
4 100010001100
4 100010001100
6 100010001100
6 100010001100
11 100010001100

12 100010001100
11 100010001100
11 100010001100
11 100010001100
11 100010001100
6 100010001100
6 100010001100
4 100010001100
4 100010001100
4 100010001100
4 100010001100
4 100010001100
4 100010001100
4 100010001100
4 100010001100
4 100010001100

12 100010001100
12 100010001100
12 100010001100
12 100010001100
12 100010001100
12 100010001100
12 100010001100
12 100010001100
12 100010001100
12 100010001100
12 100010001100
12 100010001100
12 100010001100
12 100010001100
12 100010001100
12 100010001100

12 100010001100
12 100010001100
12 100010001100
12 100010001100
12 100010001100
12 100010001100
12 100010001100
12 100010001100
12 100010001100
12 100010001100
12 100010001100
12 100010001100
12 100010001100
12 100010001100
12 100010001100
12 100010001100

12 100010001100
11 100010001100
11 100010001100
11 100010001100
11 100010001100
11 100010001100
11 100010001100
11 100010001100
11 100010001100
11 100010001100
11 100010001100
11 100010001100
4 100010001100
4 100010001100
4 100010001100
4 100010001100

11 100010001100
11 100010001100
11 100010001100
11 100010001100
11 100010001100
6 100010001100
6 100010001100
6 100010001100
6 100010001100
4 100010001100
4 100010001100
4 100010001100
4 100010001100
4 100010001100
4 100010001100
4 100010001100

12 010110100101
12 010110100101
12 010110100101
12 010110100101
12 010110100101
11 010110100101
1 010110100101
4 010110100101
4 010110100101
1 010110100101
1 010110100101
1 010110100101
1 010110100101
1 010110100101
1 010110100101
1 010110100101

12 010110100101
6 010110100101
6 010110100101
4 010110100101
4 010110100101
1 010110100101
1 010110100101
1 010110100101
1 010110100101
1 010110100101
1 010110100101
1 010110100101
1 010110100101
1 010110100101
1 010110100101
1 010110100101

12 010110100101
12 010110100101
12 010110100101
12 010110100101
12 010110100101
11 010110100101
1 010110100101
1 010110100101
1 010110100101
6 010110100101
6 010110100101
4 010110100101
4 010110100101
1 010110100101
1 010110100101
8 010110100101

12 010110100101
12 010110100101
12 010110100101
12 010110100101
12 010110100101
12 010110100101
12 010110100101
12 010110100101
12 010110100101
12 010110100101
12 010110100101
12 010110100101
12 010110100101
12 010110100101
12 010110100101
12 010110100101

