12 100001000100
12 100001000100
12 100001000100
12 100001000100
12 100001000100
12 100001000100
12 100001000100
12 100001000100
12 100001000100
12 100001000100
12 100001000100
12 100001000100
12 100001000100
12 100001000100
12 100001000100
12 100001000100

12 100001000100
12 100001000100
12 100001000100
12 100001000100
12 100001000100
12 100001000100
12 100001000100
12 100001000100
12 100001000100
12 100001000100
12 100001000100
12 100001000100
12 100001000100
12 100001000100
12 100001000100
12 100001000100

7 100001000100
7 100001000100
5 100001000100
5 100001000100
5 100001000100
5 100001000100
5 100001000100
5 100001000100
5 100001000100
5 100001000100
5 100001000100
5 100001000100
5 100001000100
5 100001000100
5 100001000100
5 100001000100

12 001010010010
12 001010010010
12 001010010010
12 001010010010
9 001010010010
9 001010010010
0 001010010010
0 001010010010
1 010010010100
2 010010010100
2 010010010100
2 010010010100
4 010010010100
4 010010010100
5 010010010100
5 010010010100

4 001001000100
4 001001000100
4 001001000100
4 001001000100
4 001001000100
4 001001000100
2 001001000100
2 001001000100
2 001001000100
2 001001000100
2 001001000100
2 001001000100
2 001001000100
2 001001000100
2 001001000100
2 001001000100

12 001001000110
12 001001000110
12 001001000110
12 001001000110
2 001001000110
2 001001000110
2 001001000110
0 001001000110
0 100010010000
0 100010010000
10 100010010000
9 100010010000
7 100010010000
7 100010010000
7 100010010000
7 100010010000

10 100001000100
10 100001000100
10 100001000100
10 100001000100
9 100001000100
9 100001000100
9 100001000100
9 100001000100
9 100001000100
9 100001000100
9 100001000100
9 100001000100
9 100001000100
7 100001000100
7 100001000100
7 100001000100

5 101001000100
5 101001000100
5 101001000100
5 101001000100
9 101001000100
9 101001000100
7 101001000100
7 101001000100
7 001000010001
7 001000010001
7 001000010001
7 001000010001
7 001000010001
7 001000010001
2 001000010001
2 001000010001

5 001001000010
5 001001000010
5 001001000010
5 001001000010
9 001001000010
9 001001000010
9 001001000010
9 001001000010
9 100001000100
9 100001000100
9 100001000100
9 100001000100
9 100001000100
9 100001000100
9 100001000100
9 100001000100

7 100001000100
5 100001000100
5 100001000100
5 100001000100
5 100001000100
5 100001000100
5 100001000100
5 100001000100
5 100001000100
5 100001000100
5 100001000100
5 100001000100
5 100001000100
5 100001000100
5 100001000100
5 100001000100

12 001010010010
12 001010010010
12 001010010010
12 001010010010
9 001010010010
9 001010010010
0 001010010010
0 001010010010
1 010010010100
1 010010010100
2 010010010100
4 010010010100
4 010010010100
4 010010010100
5 010010010100
5 010010010100

4 001001000100
4 001001000100
4 001001000100
2 001001000100
2 001001000100
2 001001000100
2 001001000100
2 001001000100
2 001001000100
2 001001000100
2 001001000100
2 001001000100
2 001001000100
2 001001000100
2 001001000100
2 001001000100

12 001001000110
12 001001000110
12 001001000110
12 001001000110
2 001001000110
2 001001000110
2 001001000110
0 001001000110
10 100010010000
10 100010010000
10 100010010000
10 100010010000
9 100010010000
9 100010010000
7 100010010000
10 100010010000

12 100001000100
12 100001000100
12 100001000100
12 100001000100
9 100001000100
9 100001000100
9 100001000100
9 100001000100
9 100001000100
9 100001000100
9 100001000100
9 100001000100
9 100001000100
9 100001000100
7 100001000100
7 100001000100

5 101001000100
5 101001000100
5 101001000100
5 101001000100
9 101001000100
9 101001000100
7 101001000100
7 101001000100
7 001000010001
7 001000010001
7 001000010001
7 001000010001
7 001000010001
7 001000010001
2 001000010001
2 001000010001

5 001001000010
5 001001000010
5 001001000010
5 001001000010
9 001001000010
9 001001000010
9 001001000010
9 001001000010
9 100001000100
9 100001000100
9 100001000100
9 100001000100
9 100001000100
9 100001000100
9 100001000100
9 100001000100

9 001010010001
9 001010010001
9 001010010001
9 001010010001
9 001010010001
9 001010010001
9 001010010001
9 001010010001
9 010010000100
9 010010000100
9 010010000100
9 010010000100
9 010010000100
9 010010000100
9 010010000100
9 010010000100

2 001001000100
2 001001000100
2 001001000100
2 001001000100
4 001001000100
4 001001000100
4 001001000100
4 001001000100
5 001001000100
5 001001000100
5 001001000100
5 001001000100
4 001001000100
4 001001000100
2 001001000100
2 001001000100

12 001000010010
12 001000010010
4 001000010010
4 001000010010
4 001000010010
4 001000010010
2 001000010010
2 001000010010
0 100010010000
0 100010010000
0 100010010000
0 100010010000
2 100010010000
2 100010010000
9 100010010000
9 100010010000

12 100001000100
12 100001000100
12 100001000100
12 100001000100
12 100001000100
12 100001000100
12 100001000100
12 100001000100
12 100001000100
12 100001000100
12 100001000100
12 100001000100
12 100001000100
12 100001000100
12 100001000100
12 100001000100

9 001010010001
9 001010010001
9 001010010001
9 001010010001
9 001010010001
9 001010010001
9 001010010001
9 001010010001
9 010010000100
9 010010000100
9 010010000100
9 010010000100
9 010010000100
9 010010000100
9 010010000100
9 010010000100

2 001001000100
2 001001000100
2 001001000100
2 001001000100
4 001001000100
4 001001000100
4 001001000100
4 001001000100
5 001001000100
5 001001000100
5 001001000100
5 001001000100
4 001001000100
4 001001000100
2 001001000100
2 001001000100

12 001000010010
4 001000010010
4 001000010010
4 001000010010
4 001000010010
4 001000010010
2 001000010010
2 001000010010
0 100010010000
0 100010010000
0 100010010000
0 100010010000
4 100010010000
4 100010010000
4 100010010000
4 100010010000

5 100001000100
5 100001000100
5 100001000100
5 100001000100
5 100001000100
5 100001000100
5 100001000100
5 100001000100
5 100001000100
5 100001000100
5 100001000100
5 100001000100
5 100001000100
5 100001000100
5 100001000100
5 100001000100

9 100001000100
9 100001000100
5 100001000100
5 100001000100
5 100001000100
5 100001000100
5 100001000100
5 100001000100
5 100001000100
5 100001000100
5 100001000100
5 100001000100
5 100001000100
5 100001000100
5 100001000100
5 100001000100

12 001010010010
12 001010010010
12 001010010010
12 001010010010
9 001010010010
9 001010010010
0 001010010010
0 001010010010
1 010010010100
1 010010010100
2 010010010100
4 010010010100
4 010010010100
4 010010010100
5 010010010100
5 010010010100

4 001001000100
4 001001000100
4 001001000100
4 001001000100
4 001001000100
2 001001000100
2 001001000100
2 001001000100
2 001001000100
2 001001000100
2 001001000100
2 001001000100
2 001001000100
2 001001000100
2 001001000100
2 001001000100

12 001001000110
12 001001000110
12 001001000110
12 001001000110
2 001001000110
2 001001000110
2 001001000110
0 001001000110
0 100010010000
0 100010010000
10 100010010000
9 100010010000
7 100010010000
7 100010010000
7 100010010000
7 100010010000

10 100001000100
10 100001000100
10 100001000100
10 100001000100
9 100001000100
9 100001000100
9 100001000100
9 100001000100
9 100001000100
9 100001000100
9 100001000100
9 100001000100
7 100001000100
7 100001000100
5 100001000100
5 100001000100

5 101001000100
5 101001000100
5 101001000100
5 101001000100
9 101001000100
9 101001000100
9 101001000100
7 101001000100
7 001000010001
7 001000010001
7 001000010001
7 001000010001
7 001000010001
7 001000010001
2 001000010001
2 001000010001

5 001001000010
5 001001000010
5 001001000010
5 001001000010
9 001001000010
9 001001000010
9 001001000010
9 001001000010
9 100001000100
9 100001000100
9 100001000100
9 100001000100
9 100001000100
9 100001000100
9 100001000100
9 100001000100

9 001010010001
9 001010010001
9 001010010001
9 001010010001
9 001010010001
9 001010010001
9 001010010001
9 001010010001
9 010010000100
9 010010000100
9 010010000100
9 010010000100
9 010010000100
9 010010000100
9 010010000100
9 010010000100

2 001001000100
2 001001000100
2 001001000100
2 001001000100
4 001001000100
4 001001000100
4 001001000100
4 001001000100
5 001001000100
5 001001000100
5 001001000100
5 001001000100
4 001001000100
4 001001000100
2 001001000100
2 001001000100

12 001000010010
12 001000010010
4 001000010010
4 001000010010
4 001000010010
4 001000010010
2 001000010010
2 001000010010
0 100010010000
0 100010010000
0 100010010000
0 100010010000
2 100010010000
2 100010010000
9 100010010000
9 100010010000

12 100001000100
12 100001000100
12 100001000100
12 100001000100
12 100001000100
12 100001000100
12 100001000100
12 100001000100
12 100001000100
12 100001000100
12 100001000100
12 100001000100
12 100001000100
12 100001000100
12 100001000100
12 100001000100

9 001010010001
9 001010010001
9 001010010001
9 001010010001
9 001010010001
9 001010010001
9 001010010001
9 001010010001
9 010010000100
9 010010000100
9 010010000100
9 010010000100
9 010010000100
9 010010000100
9 010010000100
9 010010000100

2 001001000100
2 001001000100
2 001001000100
2 001001000100
4 001001000100
4 001001000100
4 001001000100
4 001001000100
5 001001000100
5 001001000100
5 001001000100
5 001001000100
4 001001000100
4 001001000100
2 001001000100
2 001001000100

4 001000010010
4 001000010010
4 001000010010
4 001000010010
4 001000010010
4 001000010010
2 001000010010
0 001000010010
0 100010010000
0 100010010000
0 100010010000
0 100010010000
4 100010010000
4 100010010000
4 100010010000
4 100010010000

5 100001000100
5 100001000100
5 100001000100
5 100001000100
0 100001000100
0 100001000100
0 100001000100
0 100001000100
10 100001000100
10 100001000100
10 100001000100
10 100001000100
9 100001000100
9 100001000100
9 100001000100
9 100001000100

7 100001000100
7 100001000100
5 100001000100
5 100001000100
5 100001000100
5 100001000100
5 100001000100
5 100001000100
5 100001000100
5 100001000100
5 100001000100
5 100001000100
5 100001000100
5 100001000100
5 100001000100
5 100001000100

12 001010010010
12 001010010010
12 001010010010
12 001010010010
9 001010010010
9 001010010010
0 001010010010
0 001010010010
1 010010010100
1 010010010100
2 010010010100
4 010010010100
4 010010010100
4 010010010100
5 010010010100
5 010010010100

4 001001000100
4 001001000100
4 001001000100
4 001001000100
2 001001000100
2 001001000100
2 001001000100
2 001001000100
2 001001000100
2 001001000100
2 001001000100
2 001001000100
2 001001000100
2 001001000100
2 001001000100
2 001001000100

12 001001000110
12 001001000110
12 001001000110
12 001001000110
2 001001000110
2 001001000110
2 001001000110
0 001001000110
0 100010010000
0 100010010000
10 100010010000
9 100010010000
7 100010010000
7 100010010000
7 100010010000
7 100010010000

10 100001000100
10 100001000100
10 100001000100
10 100001000100
9 100001000100
9 100001000100
9 100001000100
9 100001000100
7 100001000100
7 100001000100
7 100001000100
7 100001000100
7 100001000100
7 100001000100
7 100001000100
7 100001000100

5 101001000100
5 101001000100
5 101001000100
5 101001000100
9 101001000100
9 101001000100
7 101001000100
7 101001000100
7 001000010001
7 001000010001
7 001000010001
7 001000010001
7 001000010001
7 001000010001
2 001000010001
2 001000010001

5 001001000010
5 001001000010
5 001001000010
5 001001000010
9 001001000010
9 001001000010
9 001001000010
9 001001000010
9 100001000100
9 100001000100
9 100001000100
9 100001000100
9 100001000100
9 100001000100
9 100001000100
9 100001000100

5 100001000100
5 100001000100
5 100001000100
5 100001000100
9 100001000100
9 100001000100
9 100001000100
9 100001000100
7 001000010001
7 001000010001
7 001000010001
7 001000010001
2 001000010001
2 001000010001
2 001000010001
2 001000010001

12 001001000010
12 001001000010
12 001001000010
12 001001000010
12 001001000010
12 001001000010
12 001001000010
12 001001000010
12 100001000100
12 100001000100
12 100001000100
12 100001000100
12 100001000100
12 100001000100
12 100001000100
12 100001000100

