12 000000000000
12 000000000000
12 000000000000
12 000000000000
12 000000000000
12 000000000000
12 000000000000
12 000000000000
12 000000000000
12 000000000000
12 000000000000
12 000000000000
11 000000000000
11 000000000000
11 000000000000
2 000000000000

4 001000010001
4 001000010001
4 001000010001
4 001000010001
4 001000010001
4 001000010001
2 001000010001
4 001000010001
2 000010010001
2 000010010001
2 000010010001
2 000010010001
2 000010010001
2 000010010001
2 000010010001
2 000010010001

11 100010010100
11 100010010100
11 100010010100
9 100010010100
9 100010010100
9 100010010100
9 100010010100
9 100010010100
9 101000100100
9 101000100100
9 101000100100
9 101000100100
9 101000100100
9 101000100100
11 101000100100
2 101000100100

11 001000010001
11 001000010001
11 001000010001
4 001000010001
4 001000010001
4 001000010001
4 001000010001
4 001000010001
2 000010010001
2 000010010001
4 000010010001
2 000010010001
2 000010010001
2 000010010001
2 000010010001
2 000010010001

12 100010010100
12 100010010100
11 100010010100
11 100010010100
9 100010010100
9 100010010100
9 100010010100
9 100010010100
9 101000100100
9 101000100100
9 101000100100
9 101000100100
9 101000100100
9 101000100100
9 101000100100
11 101000100100

2 001000010001
2 001000010001
2 001000010001
4 001000010001
4 001000010001
4 001000010001
4 001000010001
2 001000010001
4 000010010001
4 000010010001
2 000010010001
2 000010010001
2 000010010001
2 000010010001
2 000010010001
2 000010010001

12 100010010100
12 100010010100
11 100010010100
11 100010010100
9 100010010100
9 100010010100
9 100010010100
9 100010010100
9 101000100100
9 101000100100
9 101000100100
9 101000100100
9 101000100100
9 101000100100
7 101000100100
4 101000100100

12 001000010001
12 001000010001
7 001000010001
7 001000010001
7 001000010001
7 001000010001
9 001000010001
11 001000010001
4 000010010001
4 000010010001
4 000010010001
4 000010010001
7 000010010001
7 000010010001
9 000010010001
11 000010010001

9 100010010100
9 100010010100
9 100010010100
9 100010010100
7 100010010100
7 100010010100
7 100010010100
6 100010010100
4 101000100100
4 101000100100
7 101000100100
6 101000100100
4 101000100100
4 101000100100
4 101000100100
4 101000100100

12 001000010001
12 001000010001
12 001000010001
4 001000010001
4 001000010001
4 001000010001
2 001000010001
4 001000010001
2 000010010001
2 000010010001
2 000010010001
2 000010010001
2 000010010001
2 000010010001
2 000010010001
2 000010010001

12 100010010100
12 100010010100
11 100010010100
11 100010010100
9 100010010100
9 100010010100
9 100010010100
9 100010010100
9 101000100100
9 101000100100
9 101000100100
9 101000100100
11 101000100100
11 101000100100
2 101000100100
11 101000100100

4 001000010001
4 001000010001
4 001000010001
4 001000010001
4 001000010001
4 001000010001
2 001000010001
2 001000010001
4 000010010001
4 000010010001
4 000010010001
2 000010010001
2 000010010001
2 000010010001
2 000010010001
2 000010010001

11 100010010100
11 100010010100
11 100010010100
9 100010010100
9 100010010100
9 100010010100
9 100010010100
9 100010010100
9 101000100100
9 101000100100
9 101000100100
9 101000100100
11 101000100100
11 101000100100
2 101000100100
11 101000100100

4 001000010001
4 001000010001
4 001000010001
4 001000010001
4 001000010001
4 001000010001
4 001000010001
2 001000010001
2 000010010001
2 000010010001
4 000010010001
4 000010010001
2 000010010001
2 000010010001
2 000010010001
2 000010010001

12 100010010100
12 100010010100
11 100010010100
11 100010010100
9 100010010100
9 100010010100
9 100010010100
9 100010010100
9 101000100100
9 101000100100
9 101000100100
9 101000100100
9 101000100100
9 101000100100
7 101000100100
7 101000100100

12 001000010001
12 001000010001
4 001000010001
7 001000010001
7 001000010001
7 001000010001
7 001000010001
7 001000010001
7 100010010000
7 100010010000
7 100010010000
7 100010010000
7 100010010000
7 100010010000
7 100010010000
7 100010010000

12 001000010001
12 001000010001
12 001000010001
12 001000010001
12 001000010001
12 001000010001
12 001000010001
12 001000010001
12 001000010001
12 001000010001
12 001000010001
12 001000010001
7 001000010001
7 001000010001
7 001000010001
7 001000010001

9 100010000100
9 100010000100
9 100010000100
9 100010000100
9 100010000100
9 100010000100
9 100010000100
11 100010000100
7 001000100100
7 001000100100
9 001000100100
9 001000100100
9 001000100100
9 001000100100
9 001000100100
9 001000100100

7 001000010001
7 001000010001
9 001000010001
11 001000010001
11 001000010001
11 001000010001
7 001000010001
7 001000010001
7 001000010001
7 001000010001
7 001000010001
7 001000010001
7 001000010001
7 001000010001
7 001000010001
2 001000010001

9 100010000100
9 100010000100
9 100010000100
9 100010000100
9 100010000100
9 100010000100
9 100010000100
9 100010000100
9 001000100100
9 001000100100
9 001000100100
7 001000100100
7 001000100100
7 001000100100
4 001000100100
4 001000100100

12 001000010001
12 001000010001
12 001000010001
2 001000010001
2 001000010001
2 001000010001
4 001000010001
11 001000010001
11 001000010001
11 001000010001
11 001000010001
11 001000010001
11 001000010001
11 001000010001
11 001000010001
11 001000010001

12 100010000100
12 100010000100
12 100010000100
12 100010000100
9 100010000100
9 100010000100
9 100010000100
9 100010000100
9 001000100100
9 001000100100
9 001000100100
9 001000100100
7 001000100100
7 001000100100
7 001000100100
9 001000100100

12 001000010001
12 001000010001
12 001000010001
11 001000010001
11 001000010001
11 001000010001
7 001000010001
7 001000010001
7 001010001001
7 001010001001
7 001010001001
7 001010001001
7 001010001001
7 001010001001
7 001010001001
4 001010001001

11 010010010100
11 010010010100
11 010010010100
9 010010010100
7 010010010100
7 010010010100
7 010010010100
7 010010010100
7 010010010100
7 010010010100
7 010010010100
9 010010010100
9 010010010100
9 010010010100
11 010010010100
11 010010010100

11 010010010100
11 010010010100
9 010010010100
9 010010010100
7 010010010100
7 010010010100
7 010010010100
6 010010010100
4 101000100100
4 101000100100
7 101000100100
6 101000100100
4 101000100100
4 101000100100
4 101000100100
4 101000100100

12 001000010001
12 001000010001
12 001000010001
4 001000010001
4 001000010001
4 001000010001
4 001000010001
2 001000010001
2 000010010001
2 000010010001
4 000010010001
4 000010010001
2 000010010001
2 000010010001
2 000010010001
2 000010010001

12 100010010100
12 100010010100
11 100010010100
11 100010010100
9 100010010100
9 100010010100
9 100010010100
9 100010010100
9 101000100100
9 101000100100
9 101000100100
9 101000100100
11 101000100100
11 101000100100
2 101000100100
11 101000100100

4 001000010001
4 001000010001
4 001000010001
4 001000010001
4 001000010001
4 001000010001
2 001000010001
2 001000010001
4 000010010001
4 000010010001
2 000010010001
2 000010010001
2 000010010001
2 000010010001
2 000010010001
2 000010010001

11 100010010100
11 100010010100
11 100010010100
9 100010010100
9 100010010100
9 100010010100
9 100010010100
9 100010010100
9 101000100100
9 101000100100
9 101000100100
7 101000100100
6 101000100100
6 101000100100
4 101000100100
11 101000100100

12 001000010001
12 001000010001
12 001000010001
4 001000010001
4 001000010001
4 001000010001
4 001000010001
2 001000010001
4 000010010001
4 000010010001
2 000010010001
2 000010010001
2 000010010001
2 000010010001
2 000010010001
2 000010010001

12 100010010100
12 100010010100
11 100010010100
11 100010010100
9 100010010100
9 100010010100
9 100010010100
9 100010010100
9 101000100100
9 101000100100
9 101000100100
9 101000100100
9 101000100100
9 101000100100
7 101000100100
7 101000100100

4 001000010001
4 001000010001
7 001000010001
7 001000010001
7 001000010001
7 001000010001
9 001000010001
7 001000010001
7 000010010001
7 000010010001
7 000010010001
7 000010010001
7 000010010001
7 000010010001
7 000010010001
7 000010010001

12 100010010100
12 100010010100
12 100010010100
12 100010010100
12 100010010100
12 100010010100
12 100010010100
12 100010010100
12 101000100100
12 101000100100
12 101000100100
12 101000100100
12 101000100100
12 101000100100
12 101000100100
12 101000100100

12 001000010001
12 001000010001
12 001000010001
12 001000010001
12 001000010001
12 001000010001
12 001000010001
12 001000010001
12 000010010001
12 000010010001
12 000010010001
12 000010010001
12 000010010001
12 000010010001
12 000010010001
12 000010010001

7 100010010100
7 100010010100
7 100010010100
6 100010010100
4 100010010100
4 100010010100
4 100010010100
11 100010010100
2 101000100100
2 101000100100
4 101000100100
6 101000100100
4 101000100100
4 101000100100
4 101000100100
2 101000100100

12 001000010001
12 001000010001
12 001000010001
12 001000010001
12 001000010001
12 001000010001
12 001000010001
12 001000010001
12 000010010001
12 000010010001
12 000010010001
12 000010010001
7 000010010001
7 000010010001
7 000010010001
6 000010010001

12 100010010100
12 100010010100
6 100010010100
6 100010010100
4 100010010100
4 100010010100
4 100010010100
11 100010010100
2 101000100100
2 101000100100
11 101000100100
2 101000100100
2 101000100100
2 101000100100
2 101000100100
6 101000100100

12 001000010001
12 001000010001
4 001000010001
4 001000010001
4 001000010001
4 001000010001
4 001000010001
4 001000010001
4 000010010001
4 000010010001
4 000010010001
4 000010010001
6 000010010001
6 000010010001
6 000010010001
4 000010010001

12 100010010100
12 100010010100
12 100010010100
12 100010010100
11 100010010100
11 100010010100
11 100010010100
11 100010010100
11 101000100100
11 101000100100
9 101000100100
9 101000100100
9 101000100100
9 101000100100
9 101000100100
7 101000100100

4 001000010001
4 001000010001
7 001000010001
7 001000010001
7 001000010001
7 001000010001
9 001000010001
7 001000010001
4 000010010001
4 000010010001
4 000010010001
4 000010010001
4 000010010001
4 000010010001
4 000010010001
4 000010010001

7 100010010100
7 100010010100
7 100010010100
6 100010010100
4 100010010100
4 100010010100
4 100010010100
2 100010010100
4 101000100100
4 101000100100
7 101000100100
6 101000100100
4 101000100100
4 101000100100
4 101000100100
4 101000100100

12 001000010001
12 001000010001
12 001000010001
12 001000010001
12 001000010001
12 001000010001
12 001000010001
12 001000010001
12 000010010001
12 000010010001
12 000010010001
12 000010010001
12 000010010001
12 000010010001
12 000010010001
7 000010010001

7 100010010100
7 100010010100
6 100010010100
6 100010010100
6 100010010100
6 100010010100
4 100010010100
4 100010010100
11 101000100100
11 101000100100
11 101000100100
2 101000100100
11 101000100100
11 101000100100
6 101000100100
6 101000100100

12 001000010001
12 001000010001
12 001000010001
4 001000010001
4 001000010001
4 001000010001
4 001000010001
4 001000010001
4 000010010001
4 000010010001
4 000010010001
4 000010010001
7 000010010001
7 000010010001
7 000010010001
7 000010010001

4 100010010100
4 100010010100
6 100010010100
4 100010010100
2 100010010100
2 100010010100
2 100010010100
11 100010010100
2 101000100100
2 101000100100
11 101000100100
2 101000100100
2 101000100100
2 101000100100
6 101000100100
6 101000100100

4 001000010001
4 001000010001
4 001000010001
4 001000010001
4 001000010001
4 001000010001
4 001000010001
4 001000010001
4 000010010001
4 000010010001
4 000010010001
6 000010010001
6 000010010001
6 000010010001
4 000010010001
4 000010010001

12 100010010100
12 100010010100
12 100010010100
11 100010010100
11 100010010100
11 100010010100
11 100010010100
11 100010010100
9 101000100100
9 101000100100
9 101000100100
9 101000100100
9 101000100100
9 101000100100
9 101000100100
7 101000100100

4 001000010001
4 001000010001
4 001000010001
7 001000010001
7 001000010001
7 001000010001
7 001000010001
7 001000010001
7 100010010000
7 100010010000
7 100010010000
7 100010010000
7 100010010000
7 100010010000
7 100010010000
7 100010010000

12 001000010001
12 001000010001
12 001000010001
12 001000010001
12 001000010001
12 001000010001
12 001000010001
12 001000010001
12 001000010001
12 001000010001
12 001000010001
12 001000010001
7 001000010001
7 001000010001
7 001000010001
7 001000010001

9 100010000100
9 100010000100
9 100010000100
9 100010000100
9 100010000100
9 100010000100
9 100010000100
11 100010000100
7 001000100100
7 001000100100
9 001000100100
9 001000100100
9 001000100100
9 001000100100
9 001000100100
9 001000100100

7 001000010001
7 001000010001
9 001000010001
11 001000010001
11 001000010001
11 001000010001
7 001000010001
7 001000010001
7 001000010001
7 001000010001
7 001000010001
7 001000010001
7 001000010001
7 001000010001
7 001000010001
2 001000010001

9 100010000100
9 100010000100
9 100010000100
9 100010000100
9 100010000100
9 100010000100
9 100010000100
9 100010000100
9 001000100100
9 001000100100
9 001000100100
7 001000100100
7 001000100100
7 001000100100
4 001000100100
4 001000100100

12 001000010001
12 001000010001
12 001000010001
2 001000010001
2 001000010001
2 001000010001
4 001000010001
4 001000010001
4 001000010001
4 001000010001
11 001000010001
11 001000010001
11 001000010001
11 001000010001
11 001000010001
11 001000010001

12 100010000100
12 100010000100
12 100010000100
12 100010000100
9 100010000100
9 100010000100
9 100010000100
9 100010000100
9 001000100100
9 001000100100
9 001000100100
7 001000100100
7 001000100100
7 001000100100
9 001000100100
9 001000100100

12 001000010001
12 001000010001
12 001000010001
11 001000010001
7 001000010001
7 001000010001
7 001000010001
7 001000010001
7 001010001001
7 001010001001
7 001010001001
7 001010001001
7 001010001001
7 001010001001
7 001010001001
4 001010001001

11 010010010100
11 010010010100
11 010010010100
9 010010010100
7 010010010100
7 010010010100
7 010010010100
7 010010010100
7 010010010100
7 010010010100
7 010010010100
9 010010010100
9 010010010100
9 010010010100
11 010010010100
11 010010010100

9 010010010100
9 010010010100
9 010010010100
7 010010010100
7 010010010100
7 010010010100
7 010010010100
7 010010010100
6 101000100100
6 101000100100
6 101000100100
6 101000100100
4 101000100100
4 101000100100
4 101000100100
11 101000100100

12 001000010001
12 001000010001
12 001000010001
4 001000010001
4 001000010001
4 001000010001
4 001000010001
2 001000010001
2 000010010001
2 000010010001
4 000010010001
4 000010010001
2 000010010001
2 000010010001
2 000010010001
2 000010010001

12 100010010100
12 100010010100
12 100010010100
12 100010010100
11 100010010100
11 100010010100
11 100010010100
9 100010010100
9 101000100100
9 101000100100
9 101000100100
9 101000100100
11 101000100100
11 101000100100
2 101000100100
11 101000100100

4 001000010001
4 001000010001
4 001000010001
4 001000010001
4 001000010001
4 001000010001
2 001000010001
2 001000010001
4 000010010001
4 000010010001
2 000010010001
2 000010010001
2 000010010001
2 000010010001
2 000010010001
2 000010010001

11 100010010100
11 100010010100
11 100010010100
9 100010010100
9 100010010100
9 100010010100
9 100010010100
9 100010010100
4 101000100100
4 101000100100
7 101000100100
6 101000100100
4 101000100100
4 101000100100
4 101000100100
4 101000100100

12 001000010001
12 001000010001
4 001000010001
4 001000010001
2 001000010001
2 001000010001
2 001000010001
4 001000010001
4 000010010001
4 000010010001
2 000010010001
2 000010010001
2 000010010001
2 000010010001
2 000010010001
2 000010010001

12 100010010100
12 100010010100
12 100010010100
11 100010010100
11 100010010100
11 100010010100
9 100010010100
9 100010010100
9 101000100100
9 101000100100
9 101000100100
9 101000100100
9 101000100100
9 101000100100
7 101000100100
7 101000100100

12 001000010001
12 001000010001
4 001000010001
7 001000010001
7 001000010001
7 001000010001
7 001000010001
7 001000010001
7 100010010000
7 100010010000
7 100010010000
7 100010010000
7 100010010000
7 100010010000
7 100010010000
7 100010010000

12 001000010001
12 001000010001
12 001000010001
12 001000010001
12 001000010001
12 001000010001
12 001000010001
12 001000010001
12 001000010001
12 001000010001
12 001000010001
12 001000010001
12 001000010001
12 001000010001
12 001000010001
12 001000010001

