12 000100010010
12 000100010010
12 000100010010
12 000100010010
12 000100010010
12 000100010010
12 000100010010
12 000100010010
12 000100010010
12 000100010010
12 000100010010
12 000100010010
12 000100010010
12 000100010010
12 000100010010
12 000100010010

12 100100001000
12 100100001000
12 100100001000
12 100100001000
12 100100001000
12 100100001000
12 100100001000
12 100100001000
12 100100001000
12 100100001000
12 100100001000
12 100100001000
12 100100001000
12 100100001000
12 100100001000
12 100100001000

12 001001000010
12 001001000010
12 001001000010
12 001001000010
12 001001000010
12 001001000010
12 001001000010
12 001001000010
12 001001000010
12 001001000010
12 001001000010
12 001001000010
12 001001000010
12 001001000010
12 001001000010
12 001001000010

12 100100001000
12 100100001000
12 100100001000
12 100100001000
12 100100001000
12 100100001000
12 100100001000
12 100100001000
12 100100001000
12 100100001000
12 100100001000
12 100100001000
12 100100001000
12 100100001000
12 100100001000
12 100100001000

12 000100010010
12 000100010010
12 000100010010
12 000100010010
7 000100010010
7 000100010010
5 000100010010
5 000100010010
7 000100010010
7 000100010010
5 000100010010
5 000100010010
7 000100010010
7 000100010010
7 000100010010
7 000100010010

7 100100011000
7 100100011000
7 100100011000
7 100100011000
7 100100011000
7 100100011000
7 100100011000
7 100100011000
7 100100011000
7 100100011000
7 100100011000
7 100100011000
7 100100011000
7 100100011000
7 100100011000
7 100100011000

12 001001000010
12 001001000010
12 001001000010
12 001001000010
5 001001000010
5 001001000010
5 001001000010
5 001001000010
5 001001000010
5 001001000010
10 001001000010
10 001001000010
5 001001000010
5 001001000010
5 001001000010
5 001001000010

7 001000010010
7 001000010010
7 001000010010
7 001000010010
7 001000010010
7 001000010010
8 001000010010
7 001000010010
5 001000010010
5 001000010010
5 001000010010
5 001000010010
5 001000010010
5 001000010010
5 001000010010
5 001000010010

12 100100010000
12 100100010000
12 100100010000
12 100100010000
12 100100010000
12 100100010000
0 100100010000
0 100100010000
3 100100010000
3 100100010000
3 100100010000
3 100100010000
2 100100010000
2 100100010000
3 100100010000
3 100100010000

12 100100010000
12 100100010000
12 100100010000
12 100100010000
12 100100010000
12 100100010000
2 100100010000
2 100100010000
2 100100010000
2 100100010000
3 100100010000
3 100100010000
3 100100010000
3 100100010000
3 100100010000
3 100100010000

12 100100010000
12 100100010000
12 100100010000
12 100100010000
3 100100010000
3 100100010000
7 100100010000
7 100100010000
7 100100010000
7 100100010000
3 100100010000
3 100100010000
3 100100010000
3 100100010000
6 100100010000
6 100100010000

5 100100001000
5 100100001000
3 100100001000
3 100100001000
3 100100001000
3 100100001000
0 100100001000
0 100100001000
0 100100001000
0 100100001000
3 100100001000
3 100100001000
3 100100001000
3 100100001000
3 100100001000
3 100100001000

12 000100010010
12 000100010010
12 000100010010
12 000100010010
12 000100010010
12 000100010010
3 000100010010
3 000100010010
3 000100010010
3 000100010010
3 000100010010
3 000100010010
3 000100010010
3 000100010010
3 000100010010
3 000100010010

7 001001000010
5 001001000010
5 001001000010
5 001001000010
5 001001000010
5 001001000010
3 001001000010
3 001001000010
3 001001000010
3 001001000010
3 001001000010
3 001001000010
5 001001000010
5 001001000010
5 001001000010
5 001001000010

12 001000010001
12 001000010001
12 001000010001
12 001000010001
7 001000010001
7 001000010001
10 001000010001
10 001000010001
10 001000010001
10 001000010001
0 001000010001
0 001000010001
0 001000010001
0 001000010001
0 001000010001
0 001000010001

5 100100010000
5 100100010000
5 100100010000
3 100100010000
0 100100010000
0 100100010000
0 100100010000
0 100100010000
0 100100010000
0 100100010000
0 100100010000
0 100100010000
0 100100010000
0 100100010000
0 100100010000
0 100100010000

12 000100010010
12 000100010010
12 000100010010
12 000100010010
3 000100010010
3 000100010010
3 000100010010
3 000100010010
3 000100010010
3 000100010010
7 000100010010
7 000100010010
10 000100010010
10 000100010010
10 000100010010
10 000100010010

0 100001001000
0 100001001000
0 100001001000
0 100001001000
0 100001001000
0 100001001000
7 100001001000
5 100001001000
3 100001001000
3 100001001000
5 100001001000
5 100001001000
5 100001001000
5 100001001000
5 100001001000
5 100001001000

12 100100001000
12 100100001000
12 100100001000
12 100100001000
0 100100001000
0 100100001000
3 100100001000
3 100100001000
3 100100001000
3 100100001000
3 100100001000
3 100100001000
3 100100001000
3 100100001000
3 100100001000
3 100100001000

3 001001000010
3 001001000010
5 001001000010
5 001001000010
5 001001000010
5 001001000010
5 001001000010
5 001001000010
5 001001000010
5 001001000010
5 001001000010
5 001001000010
5 001001000010
5 001001000010
5 001001000010
5 001001000010

12 001001000010
12 001001000010
12 001001000010
12 001001000010
12 001001000010
12 001001000010
12 001001000010
12 001001000010
12 001001000010
12 001001000010
12 001001000010
12 001001000010
12 001001000010
12 001001000010
12 001001000010
12 001001000010

12 000100010010
12 000100010010
12 000100010010
12 000100010010
12 000100010010
12 000100010010
10 000100010010
10 000100010010
7 000100010010
7 000100010010
7 000100010010
7 000100010010
5 000100010010
5 000100010010
7 000100010010
7 000100010010

12 100100011000
12 100100011000
7 100100011000
7 100100011000
7 100100011000
7 100100011000
7 100100011000
7 100100011000
7 100100011000
7 100100011000
7 100100011000
7 100100011000
7 100100011000
7 100100011000
7 100100011000
7 100100011000

12 001001000010
12 001001000010
12 001001000010
12 001001000010
12 001001000010
12 001001000010
5 001001000010
5 001001000010
5 001001000010
10 001001000010
5 001001000010
5 001001000010
5 001001000010
5 001001000010
5 001001000010
5 001001000010

12 001000010010
12 001000010010
7 001000010010
7 001000010010
7 001000010010
7 001000010010
7 001000010010
7 001000010010
7 001000010010
7 001000010010
7 001000010010
7 001000010010
7 001000010010
7 001000010010
3 001000010010
2 001000010010

3 100100010000
3 100100010000
3 100100010000
3 100100010000
3 100100010000
3 100100010000
3 100100010000
3 100100010000
3 100100010000
3 100100010000
3 100100010000
3 100100010000
3 100100010000
3 100100010000
3 100100010000
3 100100010000

3 100100010000
3 100100010000
3 100100010000
3 100100010000
3 100100010000
3 100100010000
3 100100010000
3 100100010000
3 100100010000
3 100100010000
3 100100010000
3 100100010000
3 100100010000
3 100100010000
3 100100010000
3 100100010000

12 100100010000
12 100100010000
12 100100010000
12 100100010000
12 100100010000
12 100100010000
12 100100010000
12 100100010000
3 100100010000
3 100100010000
7 100100010000
7 100100010000
3 100100010000
3 100100010000
7 100100010000
7 100100010000

5 100100001000
5 100100001000
3 100100001000
3 100100001000
3 100100001000
3 100100001000
0 100100001000
0 100100001000
0 100100001000
0 100100001000
3 100100001000
3 100100001000
3 100100001000
3 100100001000
3 100100001000
3 100100001000

12 000100010010
12 000100010010
12 000100010010
12 000100010010
12 000100010010
12 000100010010
12 000100010010
12 000100010010
3 000100010010
3 000100010010
3 000100010010
3 000100010010
3 000100010010
3 000100010010
7 000100010010
7 000100010010

12 001001000010
12 001001000010
5 001001000010
5 001001000010
5 001001000010
5 001001000010
3 001001000010
3 001001000010
3 001001000010
3 001001000010
3 001001000010
3 001001000010
5 001001000010
5 001001000010
7 001001000010
7 001001000010

12 001000010001
12 001000010001
12 001000010001
12 001000010001
12 001000010001
12 001000010001
0 001000010001
0 001000010001
0 001000010001
0 001000010001
0 001000010001
0 001000010001
0 001000010001
0 001000010001
5 001000010001
5 001000010001

12 100100010000
12 100100010000
3 100100010000
3 100100010000
0 100100010000
0 100100010000
0 100100010000
0 100100010000
0 100100010000
0 100100010000
0 100100010000
0 100100010000
0 100100010000
0 100100010000
0 100100010000
0 100100010000

12 000100010010
12 000100010010
12 000100010010
12 000100010010
3 000100010010
3 000100010010
3 000100010010
3 000100010010
3 000100010010
3 000100010010
7 000100010010
7 000100010010
10 000100010010
10 000100010010
10 000100010010
10 000100010010

0 100001001000
0 100001001000
0 100001001000
0 100001001000
0 100001001000
0 100001001000
6 100001001000
5 100001001000
3 100001001000
3 100001001000
5 100001001000
5 100001001000
5 100001001000
5 100001001000
5 100001001000
5 100001001000

12 100100001000
12 100100001000
12 100100001000
12 100100001000
0 100100001000
0 100100001000
3 100100001000
3 100100001000
3 100100001000
3 100100001000
3 100100001000
3 100100001000
3 100100001000
3 100100001000
3 100100001000
3 100100001000

12 000100010010
12 000100010010
12 000100010010
12 000100010010
12 000100010010
12 000100010010
12 000100010010
12 000100010010
12 000100010010
12 000100010010
12 000100010010
12 000100010010
12 000100010010
12 000100010010
12 000100010010
12 000100010010

12 000100010010
12 000100010010
12 000100010010
12 000100010010
12 000100010010
12 000100010010
12 000100010010
12 000100010010
12 000100010010
12 000100010010
12 000100010010
12 000100010010
12 000100010010
12 000100010010
12 000100010010
12 000100010010

12 001001000010
12 001001000010
12 001001000010
12 001001000010
7 001001000010
7 001001000010
10 001001000010
10 001001000010
10 001001000010
10 001001000010
7 001001000010
7 001001000010
10 001001000010
10 001001000010
10 001001000010
10 001001000010

0 100100010000
0 100100010000
0 100100010000
0 100100010000
10 100100010000
10 100100010000
6 100100010000
5 100100010000
3 100100010000
3 100100010000
3 100100010000
3 100100010000
3 100100010000
3 100100010000
3 100100010000
3 100100010000

12 100001001000
12 100001001000
12 100001001000
12 100001001000
12 100001001000
12 100001001000
0 100001001000
0 100001001000
0 100001001000
0 100001001000
3 100001001000
3 100001001000
0 100001001000
0 100001001000
6 100001001000
6 100001001000

12 100100001000
5 100100001000
3 100100001000
3 100100001000
3 100100001000
3 100100001000
3 100100001000
3 100100001000
3 100100001000
3 100100001000
3 100100001000
3 100100001000
3 100100001000
3 100100001000
3 100100001000
3 100100001000

12 001001000010
12 001001000010
12 001001000010
12 001001000010
7 001001000010
7 001001000010
10 001001000010
10 001001000010
10 001001000010
10 001001000010
10 001001000010
10 001001000010
10 001001000010
10 001001000010
0 001001000010
0 001001000010

12 100100010000
12 100100010000
10 100100010000
10 100100010000
10 100100010000
10 100100010000
7 100100010000
7 100100010000
5 100100010000
5 100100010000
3 100100010000
3 100100010000
5 100100010000
5 100100010000
7 100100010000
5 100100010000

3 100001001000
3 100001001000
3 100001001000
3 100001001000
3 100001001000
3 100001001000
3 100001001000
3 100001001000
0 100001001000
0 100001001000
3 100001001000
3 100001001000
0 100001001000
0 100001001000
7 100001001000
7 100001001000

12 100100001000
5 100100001000
3 100100001000
3 100100001000
3 100100001000
3 100100001000
3 100100001000
3 100100001000
3 100100001000
3 100100001000
3 100100001000
3 100100001000
3 100100001000
3 100100001000
3 100100001000
3 100100001000

12 100100010000
12 100100010000
7 100100010000
7 100100010000
0 100100010000
0 100100010000
10 100100010000
10 100100010000
0 100100010000
0 100100010000
3 100100010000
3 100100010000
3 100100010000
3 100100010000
3 100100010000
3 100100010000

12 100100010000
12 100100010000
10 100100010000
10 100100010000
0 100100010000
0 100100010000
10 100100010000
10 100100010000
0 100100010000
0 100100010000
3 100100010000
3 100100010000
3 100100010000
3 100100010000
3 100100010000
3 100100010000

12 100100010000
12 100100010000
0 100100010000
0 100100010000
10 100100010000
10 100100010000
0 100100010000
0 100100010000
0 100100010000
0 100100010000
3 100100010000
3 100100010000
10 100100010000
10 100100010000
10 100100010000
10 100100010000

0 100101001000
0 100101001000
0 100101001000
0 100101001000
0 100101001000
0 100101001000
0 100101001000
0 100101001000
0 100101001000
0 100101001000
0 100101001000
0 100101001000
0 100101001000
0 100101001000
0 100101001000
0 100101001000

12 100101001000
12 100101001000
12 100101001000
12 100101001000
12 100101001000
12 100101001000
12 100101001000
12 100101001000
12 100101001000
12 100101001000
12 100101001000
12 100101001000
0 100101001000
0 100101001000
0 100101001000
0 100101001000

10 000100010010
10 000100010010
10 000100010010
10 000100010010
10 000100010010
10 000100010010
7 000100010010
7 000100010010
7 000100010010
7 000100010010
3 000100010010
3 000100010010
3 000100010010
3 000100010010
3 000100010010
3 000100010010

5 100101001000
5 100101001000
5 100101001000
5 100101001000
5 100101001000
5 100101001000
0 100101001000
0 100101001000
0 100101001000
0 100101001000
0 100101001000
0 100101001000
0 100101001000
0 100101001000
0 100101001000
0 100101001000

5 100101001000
5 100101001000
5 100101001000
5 100101001000
5 100101001000
5 100101001000
3 100101001000
3 100101001000
3 100101001000
3 100101001000
3 100101001000
3 100101001000
5 100101001000
5 100101001000
5 100101001000
5 100101001000

12 001001000010
12 001001000010
12 001001000010
12 001001000010
12 001001000010
12 001001000010
12 001001000010
12 001001000010
12 001001000010
12 001001000010
12 001001000010
12 001001000010
12 001001000010
12 001001000010
12 001001000010
12 001001000010

12 001001000010
12 001001000010
12 001001000010
12 001001000010
12 001001000010
12 001001000010
12 001001000010
12 001001000010
12 001001000010
12 001001000010
12 001001000010
12 001001000010
12 001001000010
12 001001000010
12 001001000010
12 001001000010

12 000100010010
12 000100010010
12 000100010010
12 000100010010
12 000100010010
12 000100010010
12 000100010010
12 000100010010
12 000100010010
12 000100010010
12 000100010010
12 000100010010
12 000100010010
12 000100010010
12 000100010010
12 000100010010

12 100100001000
12 100100001000
12 100100001000
12 100100001000
12 100100001000
12 100100001000
12 100100001000
12 100100001000
12 100100001000
12 100100001000
12 100100001000
12 100100001000
12 100100001000
12 100100001000
12 100100001000
12 100100001000

12 001001000010
12 001001000010
12 001001000010
12 001001000010
12 001001000010
12 001001000010
12 001001000010
12 001001000010
12 001001000010
12 001001000010
12 001001000010
12 001001000010
12 001001000010
12 001001000010
12 001001000010
12 001001000010

12 100100001000
12 100100001000
12 100100001000
12 100100001000
12 100100001000
12 100100001000
12 100100001000
12 100100001000
12 100100001000
12 100100001000
12 100100001000
12 100100001000
12 100100001000
12 100100001000
12 100100001000
12 100100001000

12 000100010010
12 000100010010
12 000100010010
12 000100010010
12 000100010010
12 000100010010
7 000100010010
7 000100010010
7 000100010010
7 000100010010
7 000100010010
7 000100010010
7 000100010010
7 000100010010
5 000100010010
5 000100010010

7 100100011000
7 100100011000
7 100100011000
7 100100011000
7 100100011000
7 100100011000
7 100100011000
7 100100011000
7 100100011000
7 100100011000
7 100100011000
7 100100011000
7 100100011000
7 100100011000
7 100100011000
7 100100011000

12 001001000010
12 001001000010
12 001001000010
12 001001000010
12 001001000010
12 001001000010
5 001001000010
5 001001000010
5 001001000010
5 001001000010
10 001001000010
10 001001000010
10 001001000010
10 001001000010
5 001001000010
5 001001000010

7 001000010010
7 001000010010
7 001000010010
7 001000010010
7 001000010010
7 001000010010
8 001000010010
7 001000010010
5 001000010010
5 001000010010
5 001000010010
5 001000010010
3 001000010010
2 001000010010
2 001000010010
3 001000010010

12 100100010000
12 100100010000
12 100100010000
12 100100010000
12 100100010000
12 100100010000
12 100100010000
12 100100010000
12 100100010000
12 100100010000
12 100100010000
12 100100010000
3 100100010000
3 100100010000
2 100100010000
2 100100010000

3 100100010000
3 100100010000
5 100100010000
5 100100010000
5 100100010000
5 100100010000
3 100100010000
3 100100010000
3 100100010000
3 100100010000
3 100100010000
3 100100010000
3 100100010000
3 100100010000
3 100100010000
3 100100010000

3 100100010000
3 100100010000
3 100100010000
3 100100010000
3 100100010000
3 100100010000
3 100100010000
3 100100010000
3 100100010000
3 100100010000
3 100100010000
3 100100010000
3 100100010000
3 100100010000
7 100100010000
7 100100010000

12 100100001000
5 100100001000
3 100100001000
3 100100001000
3 100100001000
3 100100001000
3 100100001000
3 100100001000
3 100100001000
3 100100001000
3 100100001000
3 100100001000
3 100100001000
3 100100001000
3 100100001000
3 100100001000

12 000100010010
12 000100010010
3 000100010010
3 000100010010
3 000100010010
3 000100010010
3 000100010010
3 000100010010
3 000100010010
3 000100010010
3 000100010010
3 000100010010
3 000100010010
3 000100010010
7 000100010010
7 000100010010

12 001001000010
12 001001000010
7 001001000010
7 001001000010
7 001001000010
7 001001000010
8 001001000010
7 001001000010
5 001001000010
5 001001000010
5 001001000010
5 001001000010
5 001001000010
5 001001000010
5 001001000010
5 001001000010

12 001000010001
12 001000010001
7 001000010001
7 001000010001
7 001000010001
7 001000010001
0 001000010001
0 001000010001
0 001000010001
0 001000010001
0 001000010001
0 001000010001
0 001000010001
0 001000010001
5 001000010001
5 001000010001

12 100100010000
12 100100010000
3 100100010000
3 100100010000
0 100100010000
0 100100010000
0 100100010000
0 100100010000
0 100100010000
0 100100010000
0 100100010000
0 100100010000
0 100100010000
0 100100010000
0 100100010000
0 100100010000

12 000100010010
12 000100010010
3 000100010010
3 000100010010
3 000100010010
3 000100010010
3 000100010010
3 000100010010
7 000100010010
7 000100010010
10 000100010010
10 000100010010
10 000100010010
10 000100010010
0 000100010010
0 000100010010

12 100001001000
12 100001001000
12 100001001000
12 100001001000
12 100001001000
12 100001001000
7 100001001000
5 100001001000
3 100001001000
5 100001001000
5 100001001000
5 100001001000
5 100001001000
5 100001001000
5 100001001000
5 100001001000

12 100100001000
12 100100001000
12 100100001000
12 100100001000
12 100100001000
12 100100001000
12 100100001000
12 100100001000
0 100100001000
0 100100001000
3 100100001000
3 100100001000
3 100100001000
3 100100001000
3 100100001000
3 100100001000

5 001001000010
5 001001000010
5 001001000010
5 001001000010
5 001001000010
5 001001000010
5 001001000010
5 001001000010
5 001001000010
5 001001000010
5 001001000010
5 001001000010
5 001001000010
5 001001000010
5 001001000010
5 001001000010

12 001001000010
12 001001000010
12 001001000010
12 001001000010
12 001001000010
12 001001000010
12 001001000010
12 001001000010
12 001001000010
12 001001000010
12 001001000010
12 001001000010
12 001001000010
12 001001000010
12 001001000010
12 001001000010

12 000100010010
12 000100010010
12 000100010010
12 000100010010
7 000100010010
7 000100010010
7 000100010010
7 000100010010
7 000100010010
7 000100010010
7 000100010010
7 000100010010
7 000100010010
7 000100010010
7 000100010010
7 000100010010

7 100100011000
7 100100011000
7 100100011000
7 100100011000
7 100100011000
7 100100011000
7 100100011000
7 100100011000
7 100100011000
7 100100011000
7 100100011000
7 100100011000
7 100100011000
7 100100011000
7 100100011000
7 100100011000

12 001001000010
12 001001000010
12 001001000010
12 001001000010
12 001001000010
12 001001000010
5 001001000010
5 001001000010
5 001001000010
5 001001000010
10 001001000010
10 001001000010
10 001001000010
10 001001000010
0 001001000010
0 001001000010

12 001000010010
12 001000010010
7 001000010010
7 001000010010
7 001000010010
7 001000010010
8 001000010010
7 001000010010
5 001000010010
5 001000010010
5 001000010010
5 001000010010
5 001000010010
5 001000010010
5 001000010010
5 001000010010

12 100100010000
12 100100010000
12 100100010000
12 100100010000
12 100100010000
12 100100010000
3 100100010000
3 100100010000
3 100100010000
3 100100010000
3 100100010000
3 100100010000
3 100100010000
3 100100010000
3 100100010000
3 100100010000

3 100100010000
3 100100010000
3 100100010000
3 100100010000
3 100100010000
3 100100010000
3 100100010000
3 100100010000
3 100100010000
3 100100010000
3 100100010000
3 100100010000
3 100100010000
3 100100010000
3 100100010000
3 100100010000

12 100100010000
12 100100010000
12 100100010000
12 100100010000
12 100100010000
12 100100010000
12 100100010000
12 100100010000
12 100100010000
12 100100010000
7 100100010000
7 100100010000
3 100100010000
3 100100010000
5 100100010000
5 100100010000

7 100100001000
5 100100001000
3 100100001000
3 100100001000
3 100100001000
3 100100001000
3 100100001000
3 100100001000
3 100100001000
3 100100001000
3 100100001000
3 100100001000
3 100100001000
3 100100001000
3 100100001000
3 100100001000

12 000100010010
12 000100010010
3 000100010010
3 000100010010
3 000100010010
3 000100010010
3 000100010010
3 000100010010
3 000100010010
3 000100010010
3 000100010010
3 000100010010
3 000100010010
3 000100010010
3 000100010010
3 000100010010

12 001001000010
12 001001000010
12 001001000010
12 001001000010
12 001001000010
12 001001000010
12 001001000010
12 001001000010
12 001001000010
12 001001000010
7 001001000010
10 001001000010
10 001001000010
7 001001000010
10 001001000010
10 001001000010

12 001000010001
7 001000010001
7 001000010001
7 001000010001
7 001000010001
7 001000010001
8 001000010001
7 001000010001
5 001000010001
5 001000010001
5 001000010001
5 001000010001
5 001000010001
5 001000010001
5 001000010001
5 001000010001

12 100100010000
12 100100010000
12 100100010000
12 100100010000
12 100100010000
12 100100010000
12 100100010000
12 100100010000
12 100100010000
12 100100010000
12 100100010000
12 100100010000
12 100100010000
12 100100010000
12 100100010000
12 100100010000

12 000100010010
12 000100010010
12 000100010010
12 000100010010
12 000100010010
12 000100010010
12 000100010010
12 000100010010
3 000100010010
3 000100010010
7 000100010010
7 000100010010
10 000100010010
10 000100010010
0 000100010010
0 000100010010

12 100001001000
12 100001001000
10 100001001000
10 100001001000
10 100001001000
10 100001001000
7 100001001000
5 100001001000
3 100001001000
3 100001001000
5 100001001000
5 100001001000
5 100001001000
5 100001001000
7 100001001000
5 100001001000

3 100100001000
3 100100001000
3 100100001000
3 100100001000
3 100100001000
3 100100001000
0 100100001000
0 100100001000
6 100100001000
6 100100001000
0 100100001000
0 100100001000
3 100100001000
3 100100001000
3 100100001000
3 100100001000

12 000100010010
12 000100010010
12 000100010010
12 000100010010
12 000100010010
12 000100010010
12 000100010010
12 000100010010
12 000100010010
12 000100010010
12 000100010010
12 000100010010
12 000100010010
12 000100010010
12 000100010010
12 000100010010

12 000100010010
12 000100010010
12 000100010010
12 000100010010
12 000100010010
12 000100010010
12 000100010010
12 000100010010
12 000100010010
12 000100010010
12 000100010010
12 000100010010
12 000100010010
12 000100010010
12 000100010010
12 000100010010

12 001001000010
12 001001000010
12 001001000010
12 001001000010
7 001001000010
7 001001000010
10 001001000010
10 001001000010
7 001001000010
7 001001000010
10 001001000010
10 001001000010
10 001001000010
10 001001000010
10 001001000010
10 001001000010

0 100100010000
0 100100010000
0 100100010000
0 100100010000
10 100100010000
10 100100010000
6 100100010000
5 100100010000
3 100100010000
3 100100010000
5 100100010000
5 100100010000
5 100100010000
5 100100010000
5 100100010000
5 100100010000

12 100001001000
12 100001001000
12 100001001000
12 100001001000
12 100001001000
12 100001001000
0 100001001000
0 100001001000
0 100001001000
0 100001001000
3 100001001000
3 100001001000
0 100001001000
0 100001001000
6 100001001000
6 100001001000

12 100100001000
5 100100001000
3 100100001000
3 100100001000
3 100100001000
3 100100001000
3 100100001000
3 100100001000
3 100100001000
3 100100001000
3 100100001000
3 100100001000
3 100100001000
3 100100001000
3 100100001000
3 100100001000

12 001001000010
12 001001000010
12 001001000010
12 001001000010
7 001001000010
7 001001000010
10 001001000010
10 001001000010
10 001001000010
10 001001000010
10 001001000010
10 001001000010
10 001001000010
10 001001000010
0 001001000010
0 001001000010

12 100100010000
12 100100010000
10 100100010000
10 100100010000
10 100100010000
10 100100010000
7 100100010000
7 100100010000
5 100100010000
5 100100010000
3 100100010000
3 100100010000
5 100100010000
5 100100010000
7 100100010000
5 100100010000

3 100001001000
3 100001001000
3 100001001000
3 100001001000
3 100001001000
3 100001001000
3 100001001000
3 100001001000
0 100001001000
0 100001001000
3 100001001000
3 100001001000
0 100001001000
0 100001001000
7 100001001000
7 100001001000

12 100100001000
5 100100001000
3 100100001000
3 100100001000
3 100100001000
3 100100001000
3 100100001000
3 100100001000
3 100100001000
3 100100001000
3 100100001000
3 100100001000
3 100100001000
3 100100001000
3 100100001000
3 100100001000

12 100100010000
12 100100010000
7 100100010000
7 100100010000
0 100100010000
0 100100010000
10 100100010000
10 100100010000
0 100100010000
0 100100010000
3 100100010000
3 100100010000
3 100100010000
3 100100010000
3 100100010000
3 100100010000

12 100100010000
12 100100010000
10 100100010000
10 100100010000
0 100100010000
0 100100010000
10 100100010000
10 100100010000
0 100100010000
0 100100010000
3 100100010000
3 100100010000
3 100100010000
3 100100010000
3 100100010000
3 100100010000

12 100100010000
12 100100010000
0 100100010000
0 100100010000
10 100100010000
10 100100010000
0 100100010000
0 100100010000
0 100100010000
0 100100010000
3 100100010000
3 100100010000
10 100100010000
10 100100010000
10 100100010000
10 100100010000

0 100101001000
0 100101001000
0 100101001000
0 100101001000
0 100101001000
0 100101001000
0 100101001000
0 100101001000
0 100101001000
0 100101001000
0 100101001000
0 100101001000
0 100101001000
0 100101001000
0 100101001000
0 100101001000

12 100101001000
12 100101001000
12 100101001000
12 100101001000
12 100101001000
12 100101001000
12 100101001000
12 100101001000
12 100101001000
12 100101001000
12 100101001000
12 100101001000
0 100101001000
0 100101001000
0 100101001000
0 100101001000

10 000100010010
10 000100010010
10 000100010010
10 000100010010
10 000100010010
10 000100010010
7 000100010010
7 000100010010
7 000100010010
7 000100010010
7 000100010010
7 000100010010
5 000100010010
5 000100010010
3 000100010010
3 000100010010

5 100101001000
5 100101001000
5 100101001000
5 100101001000
5 100101001000
5 100101001000
0 100101001000
0 100101001000
0 100101001000
0 100101001000
0 100101001000
0 100101001000
0 100101001000
0 100101001000
0 100101001000
0 100101001000

6 100101001000
6 100101001000
5 100101001000
5 100101001000
5 100101001000
5 100101001000
3 100101001000
3 100101001000
3 100101001000
3 100101001000
3 100101001000
3 100101001000
5 100101001000
5 100101001000
5 100101001000
5 100101001000

12 001001000010
12 001001000010
12 001001000010
12 001001000010
12 001001000010
12 001001000010
12 001001000010
12 001001000010
12 001001000010
12 001001000010
12 001001000010
12 001001000010
12 001001000010
12 001001000010
12 001001000010
12 001001000010

12 001001000010
12 001001000010
12 001001000010
12 001001000010
12 001001000010
12 001001000010
12 001001000010
12 001001000010
12 001001000010
12 001001000010
12 001001000010
12 001001000010
12 001001000010
12 001001000010
12 001001000010
12 001001000010

12 100100010000
12 100100010000
7 100100010000
7 100100010000
0 100100010000
0 100100010000
10 100100010000
10 100100010000
0 100100010000
0 100100010000
3 100100010000
3 100100010000
3 100100010000
3 100100010000
3 100100010000
3 100100010000

12 100100010000
12 100100010000
0 100100010000
0 100100010000
6 100100010000
6 100100010000
5 100100010000
5 100100010000
3 100100010000
3 100100010000
5 100100010000
5 100100010000
5 100100010000
5 100100010000
0 100100010000
0 100100010000

12 100100010000
12 100100010000
0 100100010000
0 100100010000
10 100100010000
10 100100010000
0 100100010000
0 100100010000
0 100100010000
0 100100010000
3 100100010000
3 100100010000
10 100100010000
10 100100010000
10 100100010000
10 100100010000

0 100101001000
0 100101001000
0 100101001000
0 100101001000
0 100101001000
0 100101001000
0 100101001000
0 100101001000
0 100101001000
0 100101001000
0 100101001000
0 100101001000
0 100101001000
0 100101001000
0 100101001000
0 100101001000

12 100101001000
12 100101001000
12 100101001000
12 100101001000
12 100101001000
12 100101001000
12 100101001000
12 100101001000
12 100101001000
12 100101001000
0 100101001000
0 100101001000
0 100101001000
0 100101001000
0 100101001000
0 100101001000

10 000100010010
10 000100010010
10 000100010010
10 000100010010
10 000100010010
10 000100010010
7 000100010010
7 000100010010
7 000100010010
7 000100010010
5 000100010010
5 000100010010
3 000100010010
3 000100010010
3 000100010010
3 000100010010

5 100101001000
5 100101001000
5 100101001000
5 100101001000
5 100101001000
5 100101001000
0 100101001000
0 100101001000
0 100101001000
0 100101001000
0 100101001000
0 100101001000
0 100101001000
0 100101001000
0 100101001000
0 100101001000

6 100101001000
6 100101001000
5 100101001000
5 100101001000
5 100101001000
5 100101001000
3 100101001000
3 100101001000
3 100101001000
3 100101001000
3 100101001000
3 100101001000
3 100101001000
3 100101001000
3 100101001000
3 100101001000

12 000100010010
12 000100010010
12 000100010010
12 000100010010
12 000100010010
12 000100010010
12 000100010010
12 000100010010
12 000100010010
12 000100010010
12 000100010010
12 000100010010
12 000100010010
12 000100010010
12 000100010010
12 000100010010

12 100100001000
12 100100001000
12 100100001000
12 100100001000
12 100100001000
12 100100001000
12 100100001000
12 100100001000
12 100100001000
12 100100001000
12 100100001000
12 100100001000
12 100100001000
12 100100001000
12 100100001000
12 100100001000

12 001001000010
12 001001000010
12 001001000010
12 001001000010
12 001001000010
12 001001000010
12 001001000010
12 001001000010
12 001001000010
12 001001000010
12 001001000010
12 001001000010
12 001001000010
12 001001000010
12 001001000010
12 001001000010

12 100100001000
12 100100001000
12 100100001000
12 100100001000
12 100100001000
12 100100001000
12 100100001000
12 100100001000
12 100100001000
12 100100001000
12 100100001000
12 100100001000
12 100100001000
12 100100001000
12 100100001000
12 100100001000

12 000100010010
12 000100010010
12 000100010010
12 000100010010
12 000100010010
12 000100010010
12 000100010010
12 000100010010
12 000100010010
12 000100010010
12 000100010010
12 000100010010
12 000100010010
12 000100010010
12 000100010010
12 000100010010

