12 000000000000
12 000000000000
12 000000000000
12 000000000000
12 000000000000
12 000000000000
12 000000000000
12 000000000000
12 000000000000
12 000000000000
8 000000000000
8 000000000000
1 000000000000
1 000000000000
6 000000000000
6 000000000000

5 000100100001
5 000100100001
1 000100100001
1 000100100001
1 000100100001
1 000100100001
11 000100100001
11 000100100001
11 000100100001
11 000100100001
11 000100100001
11 000100100001
1 000100100001
1 000100100001
6 000100100001
6 000100100001

5 000100100001
5 000100100001
5 000100100001
5 000100100001
1 000100100001
1 000100100001
1 000100100001
1 000100100001
11 000100100001
11 000100100001
11 000100100001
11 000100100001
11 000100100001
11 000100100001
6 000100100001
6 000100100001

8 010001001000
8 010001001000
3 010001001000
5 010001001000
5 010001001000
5 010001001000
5 010001001000
5 010001001000
5 010001001000
5 010001001000
5 010001001000
5 010001001000
5 010001001000
5 010001001000
5 010001001000
5 010001001000

12 010001001000
12 010001001000
12 010001001000
12 010001001000
12 010001001000
12 010001001000
12 010001001000
12 010001001000
12 010001001000
12 010001001000
8 010001001000
8 010001001000
1 010001001000
1 010001001000
8 010001001000
8 010001001000

12 000100100001
12 000100100001
6 000100100001
6 000100100001
5 000100100001
5 000100100001
3 000100100001
3 000100100001
3 000100100001
3 000100100001
3 000100100001
3 000100100001
8 000100100001
8 000100100001
8 000100100001
8 000100100001

12 000100100001
12 000100100001
6 000100100001
6 000100100001
5 000100100001
5 000100100001
5 000100100001
5 000100100001
3 000100100001
3 000100100001
1 000100100001
1 000100100001
1 000100100001
1 000100100001
1 000100100001
1 000100100001

5 010001001000
5 010001001000
5 010001001000
3 010001001000
1 010001001000
1 010001001000
1 010001001000
1 010001001000
1 010001001000
1 010001001000
1 010001001000
1 010001001000
1 010001001000
1 010001001000
1 010001001000
1 010001001000

12 010001001000
12 010001001000
12 010001001000
12 010001001000
12 010001001000
12 010001001000
12 010001001000
12 010001001000
12 010001001000
12 010001001000
8 010001001000
8 010001001000
10 010001001000
10 010001001000
0 010001001000
0 010001001000

1 000100100010
1 000100100010
1 000100100010
1 000100100010
0 000100100010
0 000100100010
1 000100100010
1 000100100010
0 000100100010
0 000100100010
8 000100100010
8 000100100010
8 000100100010
8 000100100010
8 000100100010
8 000100100010

12 100001001000
12 100001001000
12 100001001000
12 100001001000
12 100001001000
12 100001001000
12 100001001000
12 100001001000
12 100001001000
12 100001001000
12 100001001000
12 100001001000
12 100001001000
12 100001001000
8 100001001000
8 100001001000

5 010000100010
5 010000100010
5 010000100010
3 010000100010
3 010000100010
3 010000100010
3 010000100010
3 010000100010
3 010000100010
3 010000100010
3 010000100010
3 010000100010
3 010000100010
3 010000100010
3 010000100010
3 010000100010

5 110100101010
5 110100101010
5 110100101010
3 110100101010
3 110100101010
3 110100101010
1 110100101010
1 110100101010
5 100100001000
5 100100001000
3 100100001000
3 100100001000
5 100100001000
3 100100001000
1 100100001000
1 100100001000

12 010001001000
12 010001001000
12 010001001000
12 010001001000
1 010001001000
1 010001001000
1 010001001000
1 010001001000
1 010001001000
1 010001001000
1 010001001000
1 010001001000
1 010001001000
1 010001001000
1 010001001000
1 010001001000

3 000100100010
3 000100100010
3 000100100010
3 000100100010
10 000100100010
10 000100100010
1 000100100010
1 000100100010
3 000100100010
3 000100100010
10 000100100010
10 000100100010
10 000100100010
10 000100100010
10 000100100010
10 000100100010

12 100100001000
12 100100001000
12 100100001000
12 100100001000
12 100100001000
12 100100001000
12 100100001000
12 100100001000
0 100100001000
0 100100001000
10 100100001000
10 100100001000
0 100100001000
0 100100001000
0 100100001000
0 100100001000

1 010001001000
1 010001001000
1 010001001000
1 010001001000
8 010001001000
8 010001001000
0 010001001000
0 010001001000
1 010001001000
1 010001001000
8 010001001000
8 010001001000
8 010001001000
6 010001001000
5 010001001000
5 010001001000

12 010001001000
12 010001001000
12 010001001000
12 010001001000
12 010001001000
12 010001001000
12 010001001000
12 010001001000
1 010001001000
1 010001001000
1 010001001000
0 010001001000
0 010001001000
0 010001001000
1 010001001000
1 010001001000

6 000100100010
6 000100100010
6 000100100010
6 000100100010
5 000100100010
5 000100100010
3 000100100010
3 000100100010
3 000100100010
3 000100100010
1 000100100010
1 000100100010
3 000100100010
3 000100100010
1 000100100010
1 000100100010

11 000100100001
11 000100100001
11 000100100001
11 000100100001
11 000100100001
11 000100100001
10 000100100001
10 000100100001
10 000100100001
10 000100100001
10 000100100001
10 000100100001
10 000100100001
10 000100100001
8 000100100001
8 000100100001

8 000100001001
8 000100001001
8 000100001001
8 000100001001
8 000100001001
8 000100001001
8 000100001001
8 000100001001
6 000100001001
6 000100001001
8 000100001001
8 000100001001
6 000100001001
6 000100001001
3 000100001001
3 000100001001

5 010001001000
5 010001001000
5 010001001000
5 010001001000
5 010001001000
5 010001001000
5 010001001000
5 010001001000
5 010001001000
5 010001001000
5 010001001000
5 010001001000
5 010001001000
5 010001001000
5 010001001000
5 010001001000

12 010001001000
12 010001001000
12 010001001000
12 010001001000
12 010001001000
12 010001001000
12 010001001000
12 010001001000
12 010001001000
12 010001001000
8 010001001000
8 010001001000
1 010001001000
1 010001001000
6 010001001000
6 010001001000

5 000100100001
5 000100100001
5 000100100001
5 000100100001
1 000100100001
1 000100100001
11 000100100001
11 000100100001
11 000100100001
11 000100100001
1 000100100001
1 000100100001
1 000100100001
6 000100100001
6 000100100001
6 000100100001

5 000100100001
5 000100100001
5 000100100001
5 000100100001
1 000100100001
1 000100100001
11 000100100001
11 000100100001
11 000100100001
11 000100100001
11 000100100001
11 000100100001
11 000100100001
11 000100100001
6 000100100001
6 000100100001

8 010001001000
8 010001001000
8 010001001000
8 010001001000
8 010001001000
6 010001001000
5 010001001000
5 010001001000
5 010001001000
5 010001001000
5 010001001000
5 010001001000
5 010001001000
5 010001001000
5 010001001000
5 010001001000

12 010001001000
12 010001001000
12 010001001000
12 010001001000
12 010001001000
12 010001001000
12 010001001000
12 010001001000
12 010001001000
12 010001001000
8 010001001000
8 010001001000
1 010001001000
1 010001001000
8 010001001000
8 010001001000

12 000100100001
12 000100100001
6 000100100001
6 000100100001
5 000100100001
5 000100100001
3 000100100001
3 000100100001
3 000100100001
3 000100100001
3 000100100001
3 000100100001
8 000100100001
8 000100100001
8 000100100001
8 000100100001

6 000100100001
6 000100100001
6 000100100001
6 000100100001
5 000100100001
5 000100100001
5 000100100001
3 000100100001
1 000100100001
1 000100100001
1 000100100001
1 000100100001
1 000100100001
1 000100100001
1 000100100001
1 000100100001

5 010001001000
5 010001001000
5 010001001000
5 010001001000
5 010001001000
3 010001001000
1 010001001000
1 010001001000
1 010001001000
1 010001001000
1 010001001000
1 010001001000
1 010001001000
1 010001001000
1 010001001000
1 010001001000

12 010001001000
12 010001001000
12 010001001000
12 010001001000
12 010001001000
12 010001001000
12 010001001000
12 010001001000
12 010001001000
12 010001001000
8 010001001000
8 010001001000
10 010001001000
10 010001001000
0 010001001000
0 010001001000

1 000100100010
1 000100100010
1 000100100010
1 000100100010
0 000100100010
0 000100100010
1 000100100010
1 000100100010
0 000100100010
0 000100100010
8 000100100010
8 000100100010
8 000100100010
8 000100100010
8 000100100010
8 000100100010

12 100001001000
12 100001001000
12 100001001000
12 100001001000
12 100001001000
12 100001001000
12 100001001000
12 100001001000
12 100001001000
12 100001001000
12 100001001000
12 100001001000
12 100001001000
12 100001001000
8 100001001000
8 100001001000

5 010000100010
5 010000100010
5 010000100010
3 010000100010
3 010000100010
3 010000100010
3 010000100010
3 010000100010
3 010000100010
3 010000100010
3 010000100010
3 010000100010
8 010000100010
8 010000100010
1 010000100010
1 010000100010

5 110100101010
5 110100101010
5 110100101010
3 110100101010
3 110100101010
3 110100101010
1 110100101010
1 110100101010
5 100100001000
5 100100001000
5 100100001000
6 100100001000
5 100100001000
5 100100001000
3 100100001000
3 100100001000

12 010001001000
12 010001001000
12 010001001000
12 010001001000
1 010001001000
1 010001001000
1 010001001000
1 010001001000
1 010001001000
1 010001001000
1 010001001000
1 010001001000
1 010001001000
1 010001001000
1 010001001000
1 010001001000

3 000100100010
3 000100100010
3 000100100010
3 000100100010
10 000100100010
10 000100100010
1 000100100010
1 000100100010
3 000100100010
3 000100100010
10 000100100010
10 000100100010
10 000100100010
10 000100100010
10 000100100010
10 000100100010

12 100100001000
12 100100001000
12 100100001000
12 100100001000
12 100100001000
12 100100001000
12 100100001000
12 100100001000
0 100100001000
0 100100001000
10 100100001000
10 100100001000
0 100100001000
0 100100001000
0 100100001000
0 100100001000

1 010001001000
1 010001001000
1 010001001000
1 010001001000
8 010001001000
8 010001001000
0 010001001000
0 010001001000
1 010001001000
1 010001001000
8 010001001000
8 010001001000
8 010001001000
6 010001001000
5 010001001000
5 010001001000

12 010001001000
12 010001001000
12 010001001000
12 010001001000
12 010001001000
12 010001001000
12 010001001000
12 010001001000
1 010001001000
1 010001001000
1 010001001000
0 010001001000
0 010001001000
0 010001001000
1 010001001000
1 010001001000

6 000100100010
6 000100100010
6 000100100010
6 000100100010
5 000100100010
5 000100100010
3 000100100010
3 000100100010
3 000100100010
3 000100100010
1 000100100010
1 000100100010
3 000100100010
3 000100100010
1 000100100010
1 000100100010

11 000100100001
11 000100100001
11 000100100001
11 000100100001
11 000100100001
11 000100100001
11 000100100001
11 000100100001
10 000100100001
10 000100100001
10 000100100001
10 000100100001
10 000100100001
10 000100100001
8 000100100001
8 000100100001

8 000100001001
8 000100001001
8 000100001001
8 000100001001
8 000100001001
8 000100001001
8 000100001001
8 000100001001
6 000100001001
6 000100001001
8 000100001001
8 000100001001
6 000100001001
6 000100001001
3 000100001001
3 000100001001

5 010001001000
5 010001001000
5 010001001000
5 010001001000
5 010001001000
5 010001001000
5 010001001000
5 010001001000
5 010000100010
5 010000100010
5 010000100010
5 010000100010
5 010000100010
5 010000100010
5 010000100010
5 010000100010

12 100100001000
12 100100001000
12 100100001000
12 100100001000
12 100100001000
12 100100001000
12 100100001000
12 100100001000
12 010000100010
12 010000100010
12 010000100010
12 010000100010
12 000100100010
12 000100100010
12 000100100010
12 000100100010

12 010001001000
12 010001001000
12 010001001000
12 010001001000
1 010001001000
1 010001001000
1 010001001000
1 010001001000
0 010000100010
0 010000100010
0 010000100010
0 010000100010
0 010000100010
0 010000100010
0 010000100010
0 010000100010

12 100100001000
12 100100001000
10 100100001000
10 100100001000
10 100100001000
10 100100001000
10 100100001000
10 100100001000
10 010000100010
0 010000100010
10 010000100010
10 010000100010
8 000100100010
10 000100100010
8 000100100010
8 000100100010

8 010001001000
6 010001001000
5 010001001000
5 010001001000
5 010001001000
5 010001001000
5 010001001000
5 010001001000
5 010000100010
5 010000100010
5 010000100010
5 010000100010
5 010000100010
5 010000100010
5 010000100010
5 010000100010

12 100100001000
12 100100001000
12 100100001000
12 100100001000
12 100100001000
12 100100001000
12 100100001000
12 100100001000
12 010000100010
12 010000100010
12 010000100010
12 010000100010
12 000100100010
12 000100100010
12 000100100010
12 000100100010

12 010001001000
12 010001001000
5 010001001000
5 010001001000
6 010001001000
6 010001001000
5 010001001000
5 010001001000
6 010000100010
6 010000100010
6 010000100010
6 010000100010
6 010000100010
6 010000100010
6 010000100010
6 010000100010

8 100100001000
8 100100001000
8 100100001000
6 100100001000
5 100100001000
5 100100001000
5 100100001000
5 100100001000
5 010000100010
5 010000100010
1 010000100010
1 010000100010
1 000100100010
3 000100100010
1 000100100010
1 000100100010

5 010001001000
3 010001001000
5 010001001000
8 010001001000
8 010001001000
8 010001001000
10 010001001000
10 010001001000
8 010000100010
6 010000100010
5 010000100010
5 010000100010
5 010000100010
5 010000100010
5 010000100010
5 010000100010

12 100100001000
12 100100001000
12 100100001000
12 100100001000
12 100100001000
12 100100001000
12 100100001000
12 100100001000
12 010000100010
12 010000100010
12 010000100010
12 010000100010
12 000100100010
12 000100100010
12 000100100010
12 000100100010

12 010001001000
12 010001001000
0 010001001000
0 010001001000
1 010001001000
1 010001001000
1 010001001000
1 010001001000
1 010000100010
1 010000100010
1 010000100010
1 010000100010
1 010000100010
1 010000100010
1 010000100010
1 010000100010

0 100100001000
0 100100001000
0 100100001000
0 100100001000
0 100100001000
0 100100001000
0 100100001000
0 100100001000
0 010000100010
0 010000100010
0 010000100010
0 010000100010
0 000100100010
0 000100100010
0 000100100010
0 000100100010

1 010001001000
1 010001001000
1 010001001000
10 010001001000
8 010001001000
8 010001001000
8 010001001000
8 010001001000
8 010000100010
8 010000100010
8 010000100010
8 010000100010
8 010000100010
8 010000100010
8 010000100010
8 010000100010

12 100100001000
12 100100001000
12 100100001000
12 100100001000
12 100100001000
12 100100001000
12 100100001000
12 100100001000
12 010000100010
12 010000100010
12 010000100010
12 010000100010
12 000100100010
12 000100100010
0 000100100010
0 000100100010

1 010001001000
1 010001001000
1 010001001000
1 010001001000
1 010001001000
1 010001001000
1 010001001000
1 010001001000
1 010000100010
1 010000100010
1 010000100010
1 010000100010
1 010000100010
1 010000100010
1 010000100010
1 010000100010

3 100100001000
3 100100001000
3 100100001000
3 100100001000
3 100100001000
3 100100001000
3 100100001000
3 100100001000
1 010000100010
1 010000100010
1 010000100010
1 010000100010
1 000100100010
10 000100100010
1 000100100010
10 000100100010

1 010001001000
10 010001001000
8 010001001000
8 010001001000
8 010001001000
8 010001001000
8 010001001000
8 010001001000
8 010000100010
8 010000100010
8 010000100010
8 010000100010
8 010000100010
8 010000100010
8 010000100010
8 010000100010

12 100100001000
12 100100001000
12 100100001000
12 100100001000
12 100100001000
12 100100001000
12 100100001000
12 100100001000
12 010000100010
12 010000100010
12 010000100010
12 010000100010
12 000100100010
12 000100100010
12 000100100010
12 000100100010

5 010001001000
5 010001001000
5 010001001000
5 010001001000
3 010001001000
1 010001001000
1 010001001000
1 010001001000
1 010000100010
1 010000100010
1 010000100010
1 010000100010
1 010000100010
1 010000100010
1 010000100010
1 010000100010

5 100100001000
5 100100001000
5 100100001000
5 100100001000
3 100100001000
3 100100001000
3 100100001000
3 100100001000
3 010000100010
3 010000100010
1 010000100010
1 010000100010
5 000100100010
5 000100100010
5 000100100010
5 000100100010

5 010001001000
5 010001001000
3 010001001000
1 010001001000
1 010001001000
1 010001001000
1 010001001000
1 010001001000
1 010000100010
1 010000100010
1 010000100010
1 010000100010
1 010000100010
1 010000100010
1 010000100010
1 010000100010

5 100100001000
5 100100001000
5 100100001000
3 100100001000
3 100100001000
3 100100001000
3 100100001000
3 100100001000
3 010000100010
3 010000100010
1 010000100010
1 010000100010
5 000100100010
5 000100100010
5 000100100010
5 000100100010

5 010001001000
5 010001001000
3 010001001000
1 010001001000
1 010001001000
1 010001001000
1 010001001000
1 010001001000
1 010000100010
1 010000100010
1 010000100010
1 010000100010
5 010000100010
5 010000100010
5 010000100010
5 010000100010

5 100100001000
3 100100001000
3 100100001000
3 100100001000
3 100100001000
3 100100001000
3 100100001000
3 100100001000
3 010000100010
3 010000100010
1 010000100010
1 010000100010
5 000100100010
5 000100100010
5 000100100010
5 000100100010

5 010001001000
3 010001001000
1 010001001000
1 010001001000
1 010001001000
1 010001001000
1 010001001000
1 010001001000
1 010000100010
1 010000100010
1 010000100010
1 010000100010
5 010000100010
5 010000100010
5 010000100010
5 010000100010

5 100100001000
5 100100001000
3 100100001000
3 100100001000
3 100100001000
3 100100001000
3 100100001000
3 100100001000
3 010000100010
3 010000100010
3 010000100010
3 010000100010
3 000100100010
3 000100100010
3 000100100010
3 000100100010

12 010001001000
12 010001001000
12 010001001000
12 010001001000
1 010001001000
1 010001001000
1 010001001000
1 010001001000
1 010001001000
1 010001001000
1 010001001000
1 010001001000
1 010001001000
1 010001001000
1 010001001000
1 010001001000

3 000100100010
3 000100100010
3 000100100010
3 000100100010
10 000100100010
10 000100100010
1 000100100010
1 000100100010
3 000100100010
3 000100100010
10 000100100010
10 000100100010
10 000100100010
10 000100100010
10 000100100010
10 000100100010

12 100100001000
12 100100001000
12 100100001000
12 100100001000
12 100100001000
12 100100001000
12 100100001000
12 100100001000
0 100100001000
0 100100001000
10 100100001000
10 100100001000
0 100100001000
0 100100001000
0 100100001000
0 100100001000

1 010001001000
1 010001001000
1 010001001000
1 010001001000
8 010001001000
8 010001001000
0 010001001000
0 010001001000
1 010001001000
1 010001001000
8 010001001000
8 010001001000
8 010001001000
6 010001001000
5 010001001000
5 010001001000

12 010001001000
12 010001001000
12 010001001000
12 010001001000
12 010001001000
12 010001001000
12 010001001000
12 010001001000
1 010001001000
1 010001001000
1 010001001000
0 010001001000
0 010001001000
0 010001001000
1 010001001000
1 010001001000

6 000100100010
6 000100100010
6 000100100010
6 000100100010
5 000100100010
5 000100100010
3 000100100010
3 000100100010
3 000100100010
3 000100100010
1 000100100010
1 000100100010
3 000100100010
3 000100100010
1 000100100010
1 000100100010

11 000100100001
11 000100100001
11 000100100001
11 000100100001
11 000100100001
11 000100100001
10 000100100001
10 000100100001
10 000100100001
10 000100100001
10 000100100001
10 000100100001
10 000100100001
10 000100100001
8 000100100001
8 000100100001

8 000100001001
8 000100001001
8 000100001001
8 000100001001
8 000100001001
8 000100001001
8 000100001001
8 000100001001
8 000100001001
8 000100001001
8 000100001001
8 000100001001
8 000100001001
8 000100001001
10 000100001001
10 000100001001

11 000100100001
11 000100100001
11 000100100001
11 000100100001
11 000100100001
11 000100100001
11 000100100001
11 000100100001
10 000100100001
10 000100100001
10 000100100001
10 000100100001
10 000100100001
10 000100100001
8 000100100001
8 000100100001

8 000100001001
8 000100001001
8 000100001001
8 000100001001
8 000100001001
8 000100001001
8 000100001001
8 000100001001
6 000100001001
6 000100001001
8 000100001001
8 000100001001
6 000100001001
6 000100001001
3 000100001001
3 000100001001

5 010001001000
5 010001001000
5 010001001000
5 010001001000
5 010001001000
5 010001001000
5 010001001000
5 010001001000
5 010000100010
5 010000100010
5 010000100010
5 010000100010
5 010000100010
5 010000100010
5 010000100010
5 010000100010

12 100100001000
12 100100001000
12 100100001000
12 100100001000
12 100100001000
12 100100001000
12 100100001000
12 100100001000
12 010000100010
12 010000100010
12 010000100010
12 010000100010
12 000100100010
12 000100100010
12 000100100010
12 000100100010

12 010001001000
12 010001001000
12 010001001000
12 010001001000
1 010001001000
1 010001001000
1 010001001000
1 010001001000
1 010001001000
1 010001001000
1 010001001000
1 010001001000
1 010001001000
1 010001001000
1 010001001000
1 010001001000

3 000100100010
3 000100100010
3 000100100010
3 000100100010
10 000100100010
10 000100100010
1 000100100010
1 000100100010
3 000100100010
3 000100100010
10 000100100010
10 000100100010
10 000100100010
10 000100100010
10 000100100010
10 000100100010

12 100100001000
12 100100001000
12 100100001000
12 100100001000
12 100100001000
12 100100001000
12 100100001000
12 100100001000
0 100100001000
0 100100001000
10 100100001000
10 100100001000
0 100100001000
0 100100001000
0 100100001000
0 100100001000

1 010001001000
1 010001001000
1 010001001000
1 010001001000
8 010001001000
8 010001001000
0 010001001000
0 010001001000
1 010001001000
1 010001001000
8 010001001000
8 010001001000
8 010001001000
6 010001001000
5 010001001000
5 010001001000

12 010001001000
12 010001001000
12 010001001000
12 010001001000
12 010001001000
12 010001001000
12 010001001000
12 010001001000
1 010001001000
1 010001001000
1 010001001000
0 010001001000
0 010001001000
0 010001001000
1 010001001000
1 010001001000

6 000100100010
6 000100100010
6 000100100010
6 000100100010
5 000100100010
5 000100100010
3 000100100010
3 000100100010
3 000100100010
3 000100100010
1 000100100010
1 000100100010
3 000100100010
3 000100100010
1 000100100010
1 000100100010

11 000100100001
11 000100100001
11 000100100001
11 000100100001
11 000100100001
11 000100100001
10 000100100001
10 000100100001
10 000100100001
10 000100100001
10 000100100001
10 000100100001
10 000100100001
10 000100100001
8 000100100001
8 000100100001

12 000100001001
12 000100001001
12 000100001001
12 000100001001
12 000100001001
12 000100001001
12 000100001001
12 000100001001
12 000100001001
12 000100001001
12 000100001001
12 000100001001
12 000100001001
12 000100001001
12 000100001001
12 000100001001

